-4.872902559327486e-05 1.625425333190832e-13 0.000000000000000e+00
-4.867005856158357e-05 1.623458404733570e-13 0.000000000000000e+00
-4.861109152989229e-05 1.621491476276308e-13 0.000000000000000e+00
-4.855212449820101e-05 1.619524547819045e-13 0.000000000000000e+00
-4.849315746650973e-05 1.617557619361783e-13 0.000000000000000e+00
-4.843419043481844e-05 1.615590690904521e-13 0.000000000000000e+00
-4.837522340312716e-05 1.613623762447258e-13 0.000000000000000e+00
-4.831625637143588e-05 1.611656833989996e-13 0.000000000000000e+00
-4.825728933974460e-05 1.609689905532734e-13 0.000000000000000e+00
-4.819832230805332e-05 1.607722977075471e-13 3.209236341300098e-01
-4.813935527636204e-05 1.605756048618209e-13 0.000000000000000e+00
-4.808038824467076e-05 1.603789120160947e-13 0.000000000000000e+00
-4.802142121297947e-05 1.601822191703684e-13 0.000000000000000e+00
-4.796245418128819e-05 1.599855263246422e-13 0.000000000000000e+00
-4.790348714959691e-05 1.597888334789160e-13 4.278981788400130e-01
-4.784452011790563e-05 1.595921406331897e-13 0.000000000000000e+00
-4.778555308621435e-05 1.593954477874635e-13 0.000000000000000e+00
-4.772658605452307e-05 1.591987549417373e-13 3.209236341300098e-01
-4.766761902283179e-05 1.590020620960111e-13 3.209236341300098e-01
-4.760865199114050e-05 1.588053692502848e-13 3.209236341300098e-01
-4.754968495944922e-05 1.586086764045586e-13 4.278981788400130e-01
-4.749071792775794e-05 1.584119835588324e-13 3.209236341300098e-01
-4.743175089606666e-05 1.582152907131061e-13 0.000000000000000e+00
-4.737278386437538e-05 1.580185978673799e-13 6.418472682600196e-01
-4.731381683268410e-05 1.578219050216537e-13 3.209236341300098e-01
-4.725484980099282e-05 1.576252121759275e-13 5.348727235500162e-01
-4.719588276930153e-05 1.574285193302012e-13 5.348727235500162e-01
-4.713691573761025e-05 1.572318264844750e-13 5.348727235500162e-01
-4.707794870591897e-05 1.570351336387487e-13 8.557963576800260e-01
-4.701898167422769e-05 1.568384407930225e-13 1.069745447100032e+00
-4.696001464253641e-05 1.566417479472963e-13 1.390669081230042e+00
-4.690104761084513e-05 1.564450551015701e-13 8.557963576800260e-01
-4.684208057915385e-05 1.562483622558438e-13 1.176719991810036e+00
-4.678311354746256e-05 1.560516694101176e-13 6.418472682600196e-01
-4.672414651577128e-05 1.558549765643914e-13 1.925541804780059e+00
-4.666517948408000e-05 1.556582837186651e-13 1.283694536520039e+00
-4.660621245238872e-05 1.554615908729389e-13 8.557963576800260e-01
-4.654724542069744e-05 1.552648980272127e-13 1.283694536520039e+00
-4.648827838900616e-05 1.550682051814864e-13 1.711592715360052e+00
-4.642931135731488e-05 1.548715123357602e-13 2.139490894200065e+00
-4.637034432562359e-05 1.546748194900340e-13 1.604618170650049e+00
-4.631137729393231e-05 1.544781266443077e-13 1.283694536520039e+00
-4.625241026224103e-05 1.542814337985815e-13 2.567389073040078e+00
-4.619344323054975e-05 1.540847409528553e-13 1.497643625940046e+00
-4.613447619885846e-05 1.538880481071290e-13 1.069745447100032e+00
-4.607550916716718e-05 1.536913552614028e-13 2.032516349490062e+00
-4.601654213547590e-05 1.534946624156766e-13 2.995287251880091e+00
-4.595757510378462e-05 1.532979695699504e-13 3.316210886010101e+00
-4.589860807209334e-05 1.531012767242241e-13 2.246465438910068e+00
-4.583964104040205e-05 1.529045838784979e-13 2.353439983620072e+00
-4.578067400871077e-05 1.527078910327716e-13 2.246465438910068e+00
-4.572170697701949e-05 1.525111981870454e-13 2.032516349490062e+00
-4.566273994532821e-05 1.523145053413192e-13 1.925541804780059e+00
-4.560377291363693e-05 1.521178124955930e-13 2.567389073040078e+00
-4.554480588194565e-05 1.519211196498667e-13 2.995287251880091e+00
-4.548583885025437e-05 1.517244268041405e-13 2.567389073040078e+00
-4.542687181856308e-05 1.515277339584143e-13 3.102261796590095e+00
-4.536790478687180e-05 1.513310411126880e-13 3.744109064850114e+00
-4.530893775518052e-05 1.511343482669618e-13 3.316210886010101e+00
-4.524997072348924e-05 1.509376554212356e-13 3.744109064850114e+00
-4.519100369179796e-05 1.507409625755094e-13 2.353439983620072e+00
-4.513203666010668e-05 1.505442697297831e-13 4.706879967240144e+00
-4.507306962841540e-05 1.503475768840569e-13 2.674363617750081e+00
-4.501410259672411e-05 1.501508840383307e-13 3.958058154270121e+00
-4.495513556503283e-05 1.499541911926044e-13 4.172007243690127e+00
-4.489616853334155e-05 1.497574983468782e-13 3.637134520140111e+00
-4.483720150165027e-05 1.495608055011520e-13 2.353439983620072e+00
-4.477823446995899e-05 1.493641126554258e-13 4.813854511950146e+00
-4.471926743826771e-05 1.491674198096995e-13 4.385956333110133e+00
-4.466030040657643e-05 1.489707269639733e-13 4.172007243690127e+00
-4.460133337488514e-05 1.487740341182470e-13 5.348727235500163e+00
-4.454236634319386e-05 1.485773412725208e-13 4.599905422530140e+00
-4.448339931150258e-05 1.483806484267946e-13 3.958058154270121e+00
-4.442443227981130e-05 1.481839555810684e-13 4.065032698980124e+00
-4.436546524812002e-05 1.479872627353421e-13 4.706879967240144e+00
-4.430649821642874e-05 1.477905698896159e-13 3.851083609560118e+00
-4.424753118473746e-05 1.475938770438897e-13 4.385956333110133e+00
-4.418856415304617e-05 1.473971841981634e-13 5.455701780210166e+00
-4.412959712135489e-05 1.472004913524372e-13 4.813854511950146e+00
-4.407063008966361e-05 1.470037985067109e-13 3.958058154270121e+00
-4.401166305797233e-05 1.468071056609847e-13 3.744109064850114e+00
-4.395269602628105e-05 1.466104128152585e-13 4.813854511950146e+00
-4.389372899458977e-05 1.464137199695323e-13 5.990574503760183e+00
-4.383476196289848e-05 1.462170271238060e-13 5.027803601370153e+00
-4.377579493120720e-05 1.460203342780798e-13 5.455701780210166e+00
-4.371682789951592e-05 1.458236414323536e-13 5.455701780210166e+00
-4.365786086782464e-05 1.456269485866273e-13 4.599905422530140e+00
-4.359889383613336e-05 1.454302557409011e-13 6.525447227310199e+00
-4.353992680444207e-05 1.452335628951749e-13 5.348727235500163e+00
-4.348095977275079e-05 1.450368700494487e-13 5.455701780210166e+00
-4.342199274105951e-05 1.448401772037224e-13 6.525447227310199e+00
-4.336302570936823e-05 1.446434843579962e-13 5.990574503760183e+00
-4.330405867767695e-05 1.444467915122700e-13 4.920829056660150e+00
-4.324509164598566e-05 1.442500986665437e-13 6.953345406150212e+00
-4.318612461429438e-05 1.440534058208175e-13 5.455701780210166e+00
-4.312715758260310e-05 1.438567129750913e-13 6.846370861440208e+00
-4.306819055091182e-05 1.436600201293650e-13 7.167294495570219e+00
-4.300922351922054e-05 1.434633272836388e-13 6.632421772020202e+00
-4.295025648752926e-05 1.432666344379126e-13 6.418472682600195e+00
-4.289128945583798e-05 1.430699415921864e-13 6.953345406150212e+00
-4.283232242414669e-05 1.428732487464601e-13 7.060319950860215e+00
-4.277335539245541e-05 1.426765559007339e-13 7.488218129700228e+00
-4.271438836076413e-05 1.424798630550077e-13 7.060319950860215e+00
-4.265542132907285e-05 1.422831702092814e-13 5.990574503760183e+00
-4.259645429738157e-05 1.420864773635552e-13 6.632421772020202e+00
-4.253748726569029e-05 1.418897845178290e-13 6.525447227310199e+00
-4.247852023399901e-05 1.416930916721027e-13 7.381243584990225e+00
-4.241955320230772e-05 1.414963988263765e-13 8.237039942670251e+00
-4.236058617061644e-05 1.412997059806503e-13 7.167294495570219e+00
-4.230161913892516e-05 1.411030131349240e-13 5.455701780210166e+00
-4.224265210723388e-05 1.409063202891978e-13 7.809141763830238e+00
-4.218368507554260e-05 1.407096274434716e-13 7.381243584990225e+00
-4.212471804385132e-05 1.405129345977453e-13 8.344014487380255e+00
-4.206575101216004e-05 1.403162417520191e-13 7.595192674410232e+00
-4.200678398046875e-05 1.401195489062929e-13 7.274269040280222e+00
-4.194781694877747e-05 1.399228560605666e-13 8.557963576800260e+00
-4.188884991708619e-05 1.397261632148404e-13 7.167294495570219e+00
-4.182988288539491e-05 1.395294703691142e-13 8.557963576800260e+00
-4.177091585370363e-05 1.393327775233880e-13 7.809141763830238e+00
-4.171194882201235e-05 1.391360846776617e-13 8.557963576800260e+00
-4.165298179032107e-05 1.389393918319355e-13 9.948632658030304e+00
-4.159401475862979e-05 1.387426989862093e-13 7.702167219120235e+00
-4.153504772693851e-05 1.385460061404831e-13 7.167294495570219e+00
-4.147608069524722e-05 1.383493132947568e-13 7.809141763830238e+00
-4.141711366355594e-05 1.381526204490306e-13 9.734683568610297e+00
-4.135814663186466e-05 1.379559276033043e-13 7.702167219120235e+00
-4.129917960017338e-05 1.377592347575781e-13 9.413759934480288e+00
-4.124021256848209e-05 1.375625419118519e-13 9.948632658030304e+00
-4.118124553679081e-05 1.373658490661257e-13 1.005560720274031e+01
-4.112227850509953e-05 1.371691562203994e-13 9.841658113320300e+00
-4.106331147340825e-05 1.369724633746732e-13 9.841658113320300e+00
-4.100434444171697e-05 1.367757705289470e-13 1.069745447100033e+01
-4.094537741002568e-05 1.365790776832207e-13 1.016258174745031e+01
-4.088641037833440e-05 1.363823848374945e-13 8.878887210930271e+00
-4.082744334664312e-05 1.361856919917683e-13 8.985861755640274e+00
-4.076847631495184e-05 1.359889991460420e-13 9.413759934480288e+00
-4.070950928326056e-05 1.357923063003158e-13 9.520734479190290e+00
-4.065054225156927e-05 1.355956134545896e-13 8.237039942670251e+00
-4.059157521987799e-05 1.353989206088633e-13 8.985861755640274e+00
-4.053260818818671e-05 1.352022277631371e-13 1.037653083687032e+01
-4.047364115649543e-05 1.350055349174109e-13 1.080442901571033e+01
-4.041467412480415e-05 1.348088420716846e-13 8.557963576800260e+00
-4.035570709311287e-05 1.346121492259584e-13 1.144627628397035e+01
-4.029674006142159e-05 1.344154563802322e-13 1.037653083687032e+01
-4.023777302973030e-05 1.342187635345059e-13 1.123232719455034e+01
-4.017880599803902e-05 1.340220706887797e-13 1.187417446281036e+01
-4.011983896634774e-05 1.338253778430535e-13 1.230207264165037e+01
-4.006087193465646e-05 1.336286849973272e-13 9.948632658030304e+00
-4.000190490296518e-05 1.334319921516010e-13 1.091140356042033e+01
-3.994293787127390e-05 1.332352993058748e-13 1.133930173926035e+01
-3.988397083958262e-05 1.330386064601486e-13 1.123232719455034e+01
-3.982500380789133e-05 1.328419136144223e-13 1.144627628397035e+01
-3.976603677620005e-05 1.326452207686961e-13 1.069745447100033e+01
-3.970706974450877e-05 1.324485279229699e-13 1.155325082868035e+01
-3.964810271281749e-05 1.322518350772436e-13 1.037653083687032e+01
-3.958913568112621e-05 1.320551422315174e-13 1.080442901571033e+01
-3.953016864943493e-05 1.318584493857912e-13 1.091140356042033e+01
-3.947120161774365e-05 1.316617565400650e-13 1.080442901571033e+01
-3.941223458605236e-05 1.314650636943387e-13 1.230207264165037e+01
-3.935326755436109e-05 1.312683708486125e-13 1.465551262527045e+01
-3.929430052266980e-05 1.310716780028863e-13 1.283694536520039e+01
-3.923533349097852e-05 1.308749851571600e-13 1.337181808875041e+01
-3.917636645928724e-05 1.306782923114338e-13 1.230207264165037e+01
-3.911739942759596e-05 1.304815994657076e-13 1.208812355223037e+01
-3.905843239590468e-05 1.302849066199813e-13 1.294391990991040e+01
-3.899946536421339e-05 1.300882137742551e-13 1.166022537339036e+01
-3.894049833252211e-05 1.298915209285289e-13 1.219509809694037e+01
-3.888153130083083e-05 1.296948280828026e-13 1.337181808875041e+01
-3.882256426913955e-05 1.294981352370764e-13 1.187417446281036e+01
-3.876359723744827e-05 1.293014423913502e-13 1.155325082868035e+01
-3.870463020575699e-05 1.291047495456239e-13 1.444156353585044e+01
-3.864566317406570e-05 1.289080566998977e-13 1.037653083687032e+01
-3.858669614237442e-05 1.287113638541715e-13 1.369274172288042e+01
-3.852772911068314e-05 1.285146710084453e-13 1.379971626759042e+01
-3.846876207899186e-05 1.283179781627190e-13 1.326484354404040e+01
-3.840979504730058e-05 1.281212853169928e-13 1.422761444643043e+01
-3.835082801560929e-05 1.279245924712665e-13 1.358576717817041e+01
-3.829186098391801e-05 1.277278996255403e-13 1.176719991810036e+01
-3.823289395222673e-05 1.275312067798141e-13 1.412063990172043e+01
-3.817392692053545e-05 1.273345139340879e-13 1.390669081230042e+01
-3.811495988884417e-05 1.271378210883616e-13 1.508341080411046e+01
-3.805599285715288e-05 1.269411282426354e-13 1.444156353585044e+01
-3.799702582546160e-05 1.267444353969092e-13 1.593920716179049e+01
-3.793805879377032e-05 1.265477425511829e-13 1.347879263346041e+01
-3.787909176207904e-05 1.263510497054567e-13 1.519038534882046e+01
-3.782012473038776e-05 1.261543568597305e-13 1.508341080411046e+01
-3.776115769869648e-05 1.259576640140043e-13 1.305089445462040e+01
-3.770219066700520e-05 1.257609711682780e-13 1.347879263346041e+01
-3.764322363531391e-05 1.255642783225518e-13 1.347879263346041e+01
-3.758425660362263e-05 1.253675854768255e-13 1.358576717817041e+01
-3.752528957193135e-05 1.251708926310993e-13 1.486946171469045e+01
-3.746632254024007e-05 1.249741997853731e-13 1.626013079592050e+01
-3.740735550854879e-05 1.247775069396469e-13 1.465551262527045e+01
-3.734838847685751e-05 1.245808140939206e-13 1.497643625940046e+01
-3.728942144516623e-05 1.243841212481944e-13 1.626013079592050e+01
-3.723045441347494e-05 1.241874284024682e-13 1.422761444643043e+01
-3.717148738178367e-05 1.239907355567419e-13 1.946936713722059e+01
-3.711252035009238e-05 1.237940427110157e-13 1.561828352766048e+01
-3.705355331840110e-05 1.235973498652895e-13 1.508341080411046e+01
-3.699458628670982e-05 1.234006570195632e-13 1.636710534063050e+01
-3.693561925501854e-05 1.232039641738370e-13 1.412063990172043e+01
-3.687665222332726e-05 1.230072713281108e-13 1.572525807237048e+01
-3.681768519163597e-05 1.228105784823845e-13 1.583223261708048e+01
-3.675871815994470e-05 1.226138856366583e-13 1.700895260889052e+01
-3.669975112825341e-05 1.224171927909321e-13 1.636710534063050e+01
-3.664078409656213e-05 1.222204999452058e-13 1.690197806418051e+01
-3.658181706487085e-05 1.220238070994796e-13 1.422761444643043e+01
-3.652285003317957e-05 1.218271142537534e-13 1.711592715360052e+01
-3.646388300148829e-05 1.216304214080272e-13 1.540433443824047e+01
-3.640491596979701e-05 1.214337285623009e-13 1.807869805599055e+01
-3.634594893810572e-05 1.212370357165747e-13 1.743685078773053e+01
-3.628698190641444e-05 1.210403428708485e-13 1.593920716179049e+01
-3.622801487472316e-05 1.208436500251222e-13 1.829264714541056e+01
-3.616904784303188e-05 1.206469571793960e-13 1.615315625121049e+01
-3.611008081134060e-05 1.204502643336698e-13 1.593920716179049e+01
-3.605111377964931e-05 1.202535714879436e-13 1.797172351128055e+01
-3.599214674795803e-05 1.200568786422173e-13 1.743685078773053e+01
-3.593317971626675e-05 1.198601857964911e-13 1.593920716179049e+01
-3.587421268457547e-05 1.196634929507648e-13 1.861357077954057e+01
-3.581524565288419e-05 1.194668001050386e-13 1.668802897476051e+01
-3.575627862119290e-05 1.192701072593124e-13 1.904146895838058e+01
-3.569731158950162e-05 1.190734144135862e-13 1.797172351128055e+01
-3.563834455781034e-05 1.188767215678599e-13 1.668802897476051e+01
-3.557937752611906e-05 1.186800287221337e-13 2.043213803961062e+01
-3.552041049442778e-05 1.184833358764075e-13 1.786474896657055e+01
-3.546144346273649e-05 1.182866430306812e-13 1.754382533244053e+01
-3.540247643104521e-05 1.180899501849550e-13 1.893449441367058e+01
-3.534350939935393e-05 1.178932573392288e-13 1.786474896657055e+01
-3.528454236766265e-05 1.176965644935026e-13 1.904146895838058e+01
-3.522557533597137e-05 1.174998716477763e-13 1.775777442186054e+01
-3.516660830428009e-05 1.173031788020501e-13 1.615315625121049e+01
-3.510764127258881e-05 1.171064859563239e-13 1.904146895838058e+01
-3.504867424089752e-05 1.169097931105976e-13 2.086003621845063e+01
-3.498970720920624e-05 1.167131002648714e-13 1.861357077954057e+01
-3.493074017751496e-05 1.165164074191452e-13 1.882751986896058e+01
-3.487177314582368e-05 1.163197145734189e-13 2.096701076316064e+01
-3.481280611413240e-05 1.161230217276927e-13 1.818567260070055e+01
-3.475383908244112e-05 1.159263288819665e-13 1.925541804780059e+01
-3.469487205074984e-05 1.157296360362402e-13 1.957634168193060e+01
-3.463590501905855e-05 1.155329431905140e-13 1.914844350309058e+01
-3.457693798736728e-05 1.153362503447878e-13 1.957634168193060e+01
-3.451797095567599e-05 1.151395574990615e-13 2.107398530787064e+01
-3.445900392398471e-05 1.149428646533353e-13 1.765079987715054e+01
-3.440003689229343e-05 1.147461718076091e-13 2.043213803961062e+01
-3.434106986060215e-05 1.145494789618828e-13 2.075306167374063e+01
-3.428210282891087e-05 1.143527861161566e-13 2.043213803961062e+01
-3.422313579721958e-05 1.141560932704304e-13 1.914844350309058e+01
-3.416416876552831e-05 1.139594004247042e-13 2.160885803142066e+01
-3.410520173383702e-05 1.137627075789779e-13 2.118095985258065e+01
-3.404623470214574e-05 1.135660147332517e-13 2.086003621845063e+01
-3.398726767045446e-05 1.133693218875255e-13 1.936239259251059e+01
-3.392830063876318e-05 1.131726290417992e-13 2.160885803142066e+01
-3.386933360707190e-05 1.129759361960730e-13 1.968331622664060e+01
-3.381036657538062e-05 1.127792433503468e-13 2.235767984439068e+01
-3.375139954368933e-05 1.125825505046205e-13 2.107398530787064e+01
-3.369243251199805e-05 1.123858576588943e-13 2.150188348671066e+01
-3.363346548030677e-05 1.121891648131681e-13 2.310650165736070e+01
-3.357449844861549e-05 1.119924719674418e-13 2.225070529968068e+01
-3.351553141692421e-05 1.117957791217156e-13 2.064608712903063e+01
-3.345656438523292e-05 1.115990862759894e-13 2.000423986077061e+01
-3.339759735354164e-05 1.114023934302631e-13 2.289255256794070e+01
-3.333863032185036e-05 1.112057005845369e-13 2.096701076316064e+01
-3.327966329015908e-05 1.110090077388107e-13 2.118095985258065e+01
-3.322069625846780e-05 1.108123148930845e-13 2.449717073859075e+01
-3.316172922677651e-05 1.106156220473582e-13 2.203675621026067e+01
-3.310276219508523e-05 1.104189292016320e-13 2.118095985258065e+01
-3.304379516339395e-05 1.102222363559058e-13 2.439019619388074e+01
-3.298482813170267e-05 1.100255435101795e-13 2.428322164917074e+01
-3.292586110001139e-05 1.098288506644533e-13 2.086003621845063e+01
-3.286689406832010e-05 1.096321578187271e-13 2.353439983620072e+01
-3.280792703662883e-05 1.094354649730009e-13 2.364137438091072e+01
-3.274896000493754e-05 1.092387721272746e-13 2.310650165736070e+01
-3.268999297324626e-05 1.090420792815484e-13 2.385532347033073e+01
-3.263102594155498e-05 1.088453864358221e-13 2.332045074678071e+01
-3.257205890986370e-05 1.086486935900959e-13 2.257162893381069e+01
-3.251309187817242e-05 1.084520007443697e-13 2.246465438910068e+01
-3.245412484648113e-05 1.082553078986434e-13 2.171583257613066e+01
-3.239515781478986e-05 1.080586150529172e-13 2.567389073040078e+01
-3.233619078309857e-05 1.078619222071910e-13 2.449717073859075e+01
-3.227722375140729e-05 1.076652293614648e-13 2.385532347033073e+01
-3.221825671971601e-05 1.074685365157385e-13 2.567389073040078e+01
-3.215928968802473e-05 1.072718436700123e-13 2.374834892562072e+01
-3.210032265633345e-05 1.070751508242861e-13 2.471111982801075e+01
-3.204135562464216e-05 1.068784579785598e-13 2.417624710446074e+01
-3.198238859295089e-05 1.066817651328336e-13 2.856220343757087e+01
-3.192342156125960e-05 1.064850722871074e-13 2.513901800685077e+01
-3.186445452956832e-05 1.062883794413811e-13 2.214373075497068e+01
-3.180548749787704e-05 1.060916865956549e-13 2.471111982801075e+01
-3.174652046618576e-05 1.058949937499287e-13 2.385532347033073e+01
-3.168755343449448e-05 1.056983009042025e-13 2.674363617750081e+01
-3.162858640280319e-05 1.055016080584762e-13 2.749245799047084e+01
-3.156961937111192e-05 1.053049152127500e-13 2.631573799866080e+01
-3.151065233942063e-05 1.051082223670238e-13 2.578086527511078e+01
-3.145168530772935e-05 1.049115295212975e-13 2.214373075497068e+01
-3.139271827603807e-05 1.047148366755713e-13 2.599481436453079e+01
-3.133375124434679e-05 1.045181438298451e-13 2.588783981982079e+01
-3.127478421265551e-05 1.043214509841188e-13 2.738548344576083e+01
-3.121581718096422e-05 1.041247581383926e-13 2.567389073040078e+01
-3.115685014927294e-05 1.039280652926664e-13 2.770640707989084e+01
-3.109788311758166e-05 1.037313724469401e-13 2.877615252699088e+01
-3.103891608589038e-05 1.035346796012139e-13 2.706455981163083e+01
-3.097994905419910e-05 1.033379867554877e-13 2.556691618569078e+01
-3.092098202250782e-05 1.031412939097615e-13 2.663666163279081e+01
-3.086201499081653e-05 1.029446010640352e-13 2.909707616112089e+01
-3.080304795912525e-05 1.027479082183090e-13 2.642271254337081e+01
-3.074408092743397e-05 1.025512153725828e-13 2.706455981163083e+01
-3.068511389574269e-05 1.023545225268565e-13 2.749245799047084e+01
-3.062614686405141e-05 1.021578296811303e-13 3.005984706351092e+01
-3.056717983236012e-05 1.019611368354041e-13 2.866917798228087e+01
-3.050821280066884e-05 1.017644439896778e-13 2.642271254337081e+01
-3.044924576897756e-05 1.015677511439516e-13 2.899010161641088e+01
-3.039027873728628e-05 1.013710582982254e-13 2.899010161641088e+01
-3.033131170559500e-05 1.011743654524991e-13 2.824127980344086e+01
-3.027234467390372e-05 1.009776726067729e-13 2.738548344576083e+01
-3.021337764221244e-05 1.007809797610467e-13 2.952497433996090e+01
-3.015441061052115e-05 1.005842869153204e-13 2.888312707170088e+01
-3.009544357882987e-05 1.003875940695942e-13 2.856220343757087e+01
-3.003647654713859e-05 1.001909012238680e-13 2.963194888467090e+01
-2.997750951544731e-05 9.999420837814176e-14 3.326908340481101e+01
-2.991854248375603e-05 9.979751553241552e-14 3.166446523416096e+01
-2.985957545206475e-05 9.960082268668928e-14 3.273421068126100e+01
-2.980060842037347e-05 9.940412984096307e-14 2.759943253518084e+01
-2.974164138868218e-05 9.920743699523683e-14 2.941799979525090e+01
-2.968267435699090e-05 9.901074414951059e-14 2.877615252699088e+01
-2.962370732529962e-05 9.881405130378437e-14 3.102261796590095e+01
-2.956474029360834e-05 9.861735845805814e-14 3.316210886010101e+01
-2.950577326191706e-05 9.842066561233190e-14 2.888312707170088e+01
-2.944680623022577e-05 9.822397276660568e-14 3.219933795771098e+01
-2.938783919853449e-05 9.802727992087944e-14 3.273421068126100e+01
-2.932887216684321e-05 9.783058707515321e-14 3.209236341300098e+01
-2.926990513515193e-05 9.763389422942698e-14 2.770640707989084e+01
-2.921093810346065e-05 9.743720138370075e-14 3.262723613655099e+01
-2.915197107176937e-05 9.724050853797452e-14 3.572949793314109e+01
-2.909300404007809e-05 9.704381569224830e-14 3.112959251061095e+01
-2.903403700838680e-05 9.684712284652206e-14 3.476672703075106e+01
-2.897506997669552e-05 9.665043000079582e-14 3.294815977068100e+01
-2.891610294500424e-05 9.645373715506959e-14 3.348303249423102e+01
-2.885713591331296e-05 9.625704430934337e-14 3.540857429901108e+01
-2.879816888162168e-05 9.606035146361713e-14 3.198538886829098e+01
-2.873920184993040e-05 9.586365861789090e-14 3.070169433177093e+01
-2.868023481823912e-05 9.566696577216468e-14 3.294815977068100e+01
-2.862126778654783e-05 9.547027292643843e-14 3.530159975430107e+01
-2.856230075485655e-05 9.527358008071220e-14 3.508765066488107e+01
-2.850333372316527e-05 9.507688723498598e-14 3.605042156727110e+01
-2.844436669147399e-05 9.488019438925975e-14 3.605042156727110e+01
-2.838539965978271e-05 9.468350154353351e-14 3.348303249423102e+01
-2.832643262809143e-05 9.448680869780729e-14 3.583647247785109e+01
-2.826746559640014e-05 9.429011585208106e-14 3.455277794133105e+01
-2.820849856470886e-05 9.409342300635483e-14 3.423185430720104e+01
-2.814953153301758e-05 9.389673016062859e-14 3.455277794133105e+01
-2.809056450132630e-05 9.370003731490236e-14 4.032940335567123e+01
-2.803159746963502e-05 9.350334446917613e-14 3.754806519321114e+01
-2.797263043794373e-05 9.330665162344990e-14 3.658529429082112e+01
-2.791366340625245e-05 9.310995877772367e-14 3.658529429082112e+01
-2.785469637456117e-05 9.291326593199744e-14 3.733411610379114e+01
-2.779572934286989e-05 9.271657308627120e-14 3.637134520140111e+01
-2.773676231117861e-05 9.251988024054497e-14 3.851083609560117e+01
-2.767779527948733e-05 9.232318739481874e-14 3.872478518502118e+01
-2.761882824779605e-05 9.212649454909251e-14 3.690621792495112e+01
-2.755986121610477e-05 9.192980170336629e-14 3.594344702256110e+01
-2.750089418441348e-05 9.173310885764005e-14 3.754806519321114e+01
-2.744192715272220e-05 9.153641601191381e-14 4.204099607103128e+01
-2.738296012103092e-05 9.133972316618760e-14 3.776201428263115e+01
-2.732399308933964e-05 9.114303032046135e-14 3.936663245328120e+01
-2.726502605764836e-05 9.094633747473512e-14 3.583647247785109e+01
-2.720605902595708e-05 9.074964462900890e-14 4.182704698161128e+01
-2.714709199426579e-05 9.055295178328267e-14 3.840386155089117e+01
-2.708812496257451e-05 9.035625893755643e-14 3.829688700618117e+01
-2.702915793088323e-05 9.015956609183021e-14 4.246889424987130e+01
-2.697019089919195e-05 8.996287324610397e-14 4.278981788400130e+01
-2.691122386750067e-05 8.976618040037774e-14 4.043637790038123e+01
-2.685225683580938e-05 8.956948755465151e-14 4.503628332291137e+01
-2.679328980411810e-05 8.937279470892528e-14 3.840386155089117e+01
-2.673432277242682e-05 8.917610186319905e-14 3.808293791676116e+01
-2.667535574073554e-05 8.897940901747282e-14 4.407351242052135e+01
-2.661638870904426e-05 8.878271617174659e-14 4.482233423349137e+01
-2.655742167735298e-05 8.858602332602035e-14 4.418048696523135e+01
-2.649845464566170e-05 8.838933048029412e-14 3.808293791676116e+01
-2.643948761397041e-05 8.819263763456789e-14 4.418048696523135e+01
-2.638052058227913e-05 8.799594478884166e-14 4.631997785943141e+01
-2.632155355058785e-05 8.779925194311543e-14 4.418048696523135e+01
-2.626258651889657e-05 8.760255909738921e-14 4.696182512769143e+01
-2.620361948720529e-05 8.740586625166296e-14 4.246889424987130e+01
-2.614465245551401e-05 8.720917340593673e-14 4.086427607922125e+01
-2.608568542382273e-05 8.701248056021051e-14 4.813854511950147e+01
-2.602671839213144e-05 8.681578771448427e-14 4.471535968878136e+01
-2.596775136044016e-05 8.661909486875804e-14 4.460838514407136e+01
-2.590878432874888e-05 8.642240202303182e-14 4.418048696523135e+01
-2.584981729705760e-05 8.622570917730559e-14 4.514325786762138e+01
-2.579085026536632e-05 8.602901633157934e-14 4.535720695704138e+01
-2.573188323367503e-05 8.583232348585312e-14 5.113383237138156e+01
-2.567291620198375e-05 8.563563064012689e-14 4.492930877820137e+01
-2.561394917029247e-05 8.543893779440066e-14 4.525023241233138e+01
-2.555498213860119e-05 8.524224494867443e-14 4.567813059117139e+01
-2.549601510690991e-05 8.504555210294820e-14 5.070593419254155e+01
-2.543704807521863e-05 8.484885925722197e-14 4.492930877820137e+01
-2.537808104352734e-05 8.465216641149573e-14 5.006408692428153e+01
-2.531911401183606e-05 8.445547356576950e-14 4.792459603008146e+01
-2.526014698014478e-05 8.425878072004327e-14 5.027803601370153e+01
-2.520117994845350e-05 8.406208787431704e-14 4.738972330653144e+01
-2.514221291676222e-05 8.386539502859081e-14 5.070593419254155e+01
-2.508324588507094e-05 8.366870218286458e-14 5.263147599732160e+01
-2.502427885337966e-05 8.347200933713834e-14 4.653392694885142e+01
-2.496531182168838e-05 8.327531649141213e-14 4.824551966421147e+01
-2.490634478999709e-05 8.307862364568588e-14 5.027803601370153e+01
-2.484737775830581e-05 8.288193079995965e-14 5.049198510312154e+01
-2.478841072661453e-05 8.268523795423343e-14 5.637558506217172e+01
-2.472944369492325e-05 8.248854510850720e-14 5.049198510312154e+01
-2.467047666323197e-05 8.229185226278096e-14 5.177567963964158e+01
-2.461150963154069e-05 8.209515941705474e-14 5.145475600551157e+01
-2.455254259984940e-05 8.189846657132850e-14 5.166870509493157e+01
-2.449357556815812e-05 8.170177372560226e-14 5.220357781848159e+01
-2.443460853646684e-05 8.150508087987604e-14 5.573373779391170e+01
-2.437564150477556e-05 8.130838803414981e-14 5.145475600551157e+01
-2.431667447308428e-05 8.111169518842358e-14 5.872902504579179e+01
-2.425770744139299e-05 8.091500234269735e-14 5.102685782667155e+01
-2.419874040970171e-05 8.071830949697112e-14 5.198962872906159e+01
-2.413977337801043e-05 8.052161665124488e-14 5.445004325739166e+01
-2.408080634631915e-05 8.032492380551865e-14 5.584071233862170e+01
-2.402183931462787e-05 8.012823095979242e-14 5.594768688333171e+01
-2.396287228293659e-05 7.993153811406619e-14 5.798020323282176e+01
-2.390390525124531e-05 7.973484526833996e-14 5.177567963964158e+01
-2.384493821955402e-05 7.953815242261373e-14 5.359424689971164e+01
-2.378597118786274e-05 7.934145957688749e-14 6.097549048470186e+01
-2.372700415617146e-05 7.914476673116126e-14 5.915692322463180e+01
-2.366803712448018e-05 7.894807388543504e-14 6.097549048470186e+01
-2.360907009278890e-05 7.875138103970880e-14 5.445004325739166e+01
-2.355010306109762e-05 7.855468819398257e-14 5.466399234681167e+01
-2.349113602940634e-05 7.835799534825635e-14 5.969179594818182e+01
-2.343216899771506e-05 7.816130250253012e-14 6.161733775296188e+01
-2.337320196602377e-05 7.796460965680387e-14 5.273845054203161e+01
-2.331423493433249e-05 7.776791681107765e-14 6.076154139528185e+01
-2.325526790264121e-05 7.757122396535142e-14 6.151036320825187e+01
-2.319630087094993e-05 7.737453111962518e-14 6.097549048470186e+01
-2.313733383925864e-05 7.717783827389896e-14 6.033364321644184e+01
-2.307836680756736e-05 7.698114542817273e-14 6.044061776115184e+01
-2.301939977587608e-05 7.678445258244650e-14 5.787322868811177e+01
-2.296043274418480e-05 7.658775973672026e-14 6.504052318368198e+01
-2.290146571249352e-05 7.639106689099403e-14 6.311498137890192e+01
-2.284249868080224e-05 7.619437404526780e-14 6.172431229767188e+01
-2.278353164911096e-05 7.599768119954157e-14 6.675211589904204e+01
-2.272456461741967e-05 7.580098835381534e-14 6.493354863897198e+01
-2.266559758572839e-05 7.560429550808911e-14 6.033364321644184e+01
-2.260663055403711e-05 7.540760266236288e-14 6.557539590723199e+01
-2.254766352234583e-05 7.521090981663664e-14 6.140338866354187e+01
-2.248869649065455e-05 7.501421697091041e-14 6.172431229767188e+01
-2.242972945896327e-05 7.481752412518418e-14 6.750093771201206e+01
-2.237076242727199e-05 7.462083127945796e-14 6.514749772839198e+01
-2.231179539558070e-05 7.442413843373172e-14 6.482657409426197e+01
-2.225282836388942e-05 7.422744558800549e-14 6.568237045194201e+01
-2.219386133219814e-05 7.403075274227927e-14 6.814278498027208e+01
-2.213489430050686e-05 7.383405989655303e-14 6.653816680962203e+01
-2.207592726881558e-05 7.363736705082679e-14 6.760791225672206e+01
-2.201696023712430e-05 7.344067420510057e-14 6.664514135433203e+01
-2.195799320543301e-05 7.324398135937434e-14 6.739396316730205e+01
-2.189902617374173e-05 7.304728851364810e-14 7.295663949222222e+01
-2.184005914205045e-05 7.285059566792188e-14 7.006832678505214e+01
-2.178109211035917e-05 7.265390282219565e-14 6.964042860621213e+01
-2.172212507866789e-05 7.245720997646941e-14 6.707303953317205e+01
-2.166315804697660e-05 7.226051713074318e-14 7.263571585809221e+01
-2.160419101528532e-05 7.206382428501695e-14 6.525447227310198e+01
-2.154522398359404e-05 7.186713143929072e-14 7.391941039461226e+01
-2.148625695190276e-05 7.167043859356449e-14 7.413335948403225e+01
-2.142728992021148e-05 7.147374574783826e-14 7.124504677686217e+01
-2.136832288852020e-05 7.127705290211202e-14 7.370546130519224e+01
-2.130935585682892e-05 7.108036005638579e-14 6.985437769563212e+01
-2.125038882513763e-05 7.088366721065956e-14 7.402638493932226e+01
-2.119142179344635e-05 7.068697436493333e-14 7.541705402055230e+01
-2.113245476175507e-05 7.049028151920710e-14 7.627285037823232e+01
-2.107348773006379e-05 7.029358867348088e-14 7.584495219939231e+01
-2.101452069837251e-05 7.009689582775463e-14 7.167294495570218e+01
-2.095555366668123e-05 6.990020298202840e-14 7.391941039461226e+01
-2.089658663498995e-05 6.970351013630218e-14 7.980301035366243e+01
-2.083761960329866e-05 6.950681729057595e-14 7.584495219939231e+01
-2.077865257160738e-05 6.931012444484971e-14 7.670074855707234e+01
-2.071968553991610e-05 6.911343159912349e-14 7.648679946765233e+01
-2.066071850822482e-05 6.891673875339726e-14 8.130065397960247e+01
-2.060175147653354e-05 6.872004590767103e-14 7.894721399598241e+01
-2.054278444484225e-05 6.852335306194479e-14 8.237039942670251e+01
-2.048381741315097e-05 6.832666021621856e-14 7.990998489837243e+01
-2.042485038145969e-05 6.812996737049233e-14 7.937511217482242e+01
-2.036588334976841e-05 6.793327452476610e-14 8.055183216663245e+01
-2.030691631807713e-05 6.773658167903987e-14 8.344014487380254e+01
-2.024794928638585e-05 6.753988883331364e-14 7.563100310997231e+01
-2.018898225469457e-05 6.734319598758741e-14 9.007256664582275e+01
-2.013001522300328e-05 6.714650314186117e-14 8.001695944308244e+01
-2.007104819131200e-05 6.694981029613494e-14 8.557963576800260e+01
-2.001208115962072e-05 6.675311745040871e-14 8.600753394684263e+01
-1.995311412792944e-05 6.655642460468249e-14 8.771912666220267e+01
-1.989414709623816e-05 6.635973175895625e-14 8.354711941851255e+01
-1.983518006454688e-05 6.616303891323002e-14 8.483081395503258e+01
-1.977621303285560e-05 6.596634606750380e-14 8.921677028814273e+01
-1.971724600116431e-05 6.576965322177755e-14 8.793307575162268e+01
-1.965827896947303e-05 6.557296037605132e-14 8.729122848336266e+01
-1.959931193778175e-05 6.537626753032510e-14 8.825399938575269e+01
-1.954034490609047e-05 6.517957468459887e-14 8.836097393046269e+01
-1.948137787439919e-05 6.498288183887263e-14 9.199810845060280e+01
-1.942241084270791e-05 6.478618899314641e-14 9.253298117415282e+01
-1.936344381101662e-05 6.458949614742018e-14 8.857492301988270e+01
-1.930447677932534e-05 6.439280330169394e-14 9.349575207654284e+01
-1.924550974763406e-05 6.419611045596771e-14 9.595616660487292e+01
-1.918654271594278e-05 6.399941761024148e-14 9.060743936937276e+01
-1.912757568425150e-05 6.380272476451525e-14 9.788170840965299e+01
-1.906860865256021e-05 6.360603191878902e-14 9.574221751545292e+01
-1.900964162086893e-05 6.340933907306279e-14 9.649103932842294e+01
-1.895067458917765e-05 6.321264622733655e-14 9.584919206016292e+01
-1.889170755748637e-05 6.301595338161032e-14 9.403062480009287e+01
-1.883274052579509e-05 6.281926053588409e-14 1.000211993038531e+02
-1.877377349410381e-05 6.262256769015786e-14 9.841658113320300e+01
-1.871480646241253e-05 6.242587484443163e-14 1.014118683850831e+02
-1.865583943072125e-05 6.222918199870541e-14 9.852355567791301e+01
-1.859687239902996e-05 6.203248915297916e-14 1.010909447509531e+02
-1.853790536733868e-05 6.183579630725293e-14 1.002351483932731e+02
-1.847893833564740e-05 6.163910346152671e-14 1.075094174335533e+02
-1.841997130395612e-05 6.144241061580047e-14 1.053699265393532e+02
-1.836100427226484e-05 6.124571777007424e-14 1.030164865557331e+02
-1.830203724057356e-05 6.104902492434802e-14 1.059047992629032e+02
-1.824307020888227e-05 6.085233207862179e-14 1.011979192956631e+02
-1.818410317719099e-05 6.065563923289556e-14 1.102907555960134e+02
-1.812513614549971e-05 6.045894638716934e-14 1.061187483523232e+02
-1.806616911380843e-05 6.026225354144308e-14 1.068675701652933e+02
-1.800720208211715e-05 6.006556069571685e-14 1.111465519536934e+02
-1.794823505042586e-05 5.986886784999063e-14 1.134999919373135e+02
-1.788926801873458e-05 5.967217500426440e-14 1.115744501325334e+02
-1.783030098704330e-05 5.947548215853817e-14 1.137139410267335e+02
-1.777133395535202e-05 5.927878931281194e-14 1.131790683031835e+02
-1.771236692366074e-05 5.908209646708572e-14 1.153185591973835e+02
-1.765339989196945e-05 5.888540362135946e-14 1.116814246772434e+02
-1.759443286027817e-05 5.868871077563324e-14 1.117883992219534e+02
-1.753546582858689e-05 5.849201792990701e-14 1.187417446281036e+02
-1.747649879689561e-05 5.829532508418078e-14 1.169231773680336e+02
-1.741753176520433e-05 5.809863223845455e-14 1.191696428069436e+02
-1.735856473351305e-05 5.790193939272833e-14 1.215230827905637e+02
-1.729959770182177e-05 5.770524654700210e-14 1.183138464492636e+02
-1.724063067013049e-05 5.750855370127586e-14 1.229137518717937e+02
-1.718166363843920e-05 5.731186085554962e-14 1.240904718636038e+02
-1.712269660674792e-05 5.711516800982339e-14 1.217370318799837e+02
-1.706372957505664e-05 5.691847516409716e-14 1.249462682212838e+02
-1.700476254336536e-05 5.672178231837093e-14 1.206672864328837e+02
-1.694579551167408e-05 5.652508947264471e-14 1.248392936765738e+02
-1.688682847998280e-05 5.632839662691847e-14 1.293322245543939e+02
-1.682786144829152e-05 5.613170378119225e-14 1.293322245543939e+02
-1.676889441660023e-05 5.593501093546600e-14 1.314717154485940e+02
-1.670992738490895e-05 5.573831808973977e-14 1.310438172697540e+02
-1.665096035321767e-05 5.554162524401354e-14 1.307228936356240e+02
-1.659199332152639e-05 5.534493239828732e-14 1.272997082049039e+02
-1.653302628983511e-05 5.514823955256108e-14 1.356437226922841e+02
-1.647405925814383e-05 5.495154670683486e-14 1.379971626759042e+02
-1.641509222645255e-05 5.475485386110863e-14 1.304019700014940e+02
-1.635612519476126e-05 5.455816101538238e-14 1.329693590745341e+02
-1.629715816306998e-05 5.436146816965615e-14 1.391738826677143e+02
-1.623819113137870e-05 5.416477532392993e-14 1.390669081230042e+02
-1.617922409968742e-05 5.396808247820369e-14 1.400296790253943e+02
-1.612025706799614e-05 5.377138963247747e-14 1.427040426431444e+02
-1.606129003630486e-05 5.357469678675124e-14 1.413133735619143e+02
-1.600232300461358e-05 5.337800394102501e-14 1.435598390008244e+02
-1.594335597292229e-05 5.318131109529879e-14 1.415273226513343e+02
-1.588438894123101e-05 5.298461824957254e-14 1.485876426021945e+02
-1.582542190953973e-05 5.278792540384631e-14 1.494434389598746e+02
-1.576645487784845e-05 5.259123255812008e-14 1.464481517079945e+02
-1.570748784615717e-05 5.239453971239385e-14 1.428110171878544e+02
-1.564852081446588e-05 5.219784686666762e-14 1.449505080820544e+02
-1.558955378277460e-05 5.200115402094139e-14 1.535084716588547e+02
-1.553058675108332e-05 5.180446117521517e-14 1.541503189271147e+02
-1.547161971939204e-05 5.160776832948892e-14 1.486946171469045e+02
-1.541265268770076e-05 5.141107548376269e-14 1.554340134636347e+02
-1.535368565600947e-05 5.121438263803646e-14 1.539363698376947e+02
-1.529471862431819e-05 5.101768979231023e-14 1.600339188861649e+02
-1.523575159262691e-05 5.082099694658400e-14 1.609966897885549e+02
-1.517678456093563e-05 5.062430410085778e-14 1.605687916097149e+02
-1.511781752924435e-05 5.042761125513155e-14 1.592850970731949e+02
-1.505885049755306e-05 5.023091840940529e-14 1.674151624711551e+02
-1.499988346586178e-05 5.003422556367907e-14 1.667733152028951e+02
-1.494091643417050e-05 4.983753271795284e-14 1.617455116015249e+02
-1.488194940247922e-05 4.964083987222661e-14 1.719080933489752e+02
-1.482298237078794e-05 4.944414702650039e-14 1.661314679346351e+02
-1.476401533909666e-05 4.924745418077416e-14 1.704104497230352e+02
-1.470504830740538e-05 4.905076133504793e-14 1.728708642513653e+02
-1.464608127571410e-05 4.885406848932170e-14 1.690197806418051e+02
-1.458711424402281e-05 4.865737564359545e-14 1.755452278691153e+02
-1.452814721233153e-05 4.846068279786922e-14 1.771498460397654e+02
-1.446918018064025e-05 4.826398995214300e-14 1.755452278691153e+02
-1.441021314894897e-05 4.806729710641677e-14 1.853868859824356e+02
-1.435124611725769e-05 4.787060426069054e-14 1.773637951291854e+02
-1.429227908556641e-05 4.767391141496431e-14 1.788614387551254e+02
-1.423331205387513e-05 4.747721856923808e-14 1.821776496411356e+02
-1.417434502218384e-05 4.728052572351183e-14 1.877403259660557e+02
-1.411537799049256e-05 4.708383287778561e-14 1.888100714131558e+02
-1.405641095880128e-05 4.688714003205938e-14 1.905216641285158e+02
-1.399744392711000e-05 4.669044718633315e-14 1.875263768766357e+02
-1.393847689541872e-05 4.649375434060692e-14 1.909495623073558e+02
-1.387950986372744e-05 4.629706149488069e-14 1.952285440957560e+02
-1.382054283203616e-05 4.610036864915446e-14 1.966192131769860e+02
-1.376157580034488e-05 4.590367580342824e-14 1.943727477380759e+02
-1.370260876865359e-05 4.570698295770199e-14 2.031446604042962e+02
-1.364364173696231e-05 4.551029011197576e-14 2.076375912821163e+02
-1.358467470527103e-05 4.531359726624953e-14 1.961913149981460e+02
-1.352570767357975e-05 4.511690442052331e-14 2.061399476561763e+02
-1.346674064188847e-05 4.492021157479707e-14 2.080654894609563e+02
-1.340777361019719e-05 4.472351872907085e-14 2.175862239401466e+02
-1.334880657850590e-05 4.452682588334462e-14 2.046423040302362e+02
-1.328983954681462e-05 4.433013303761837e-14 2.149118603223966e+02
-1.323087251512334e-05 4.413344019189214e-14 2.179071475742766e+02
-1.317190548343206e-05 4.393674734616592e-14 2.145909366882665e+02
-1.311293845174078e-05 4.374005450043968e-14 2.231489002650668e+02
-1.305397142004949e-05 4.354336165471346e-14 2.165164784930466e+02
-1.299500438835821e-05 4.334666880898723e-14 2.207954602814467e+02
-1.293603735666693e-05 4.314997596326100e-14 2.272139329640469e+02
-1.287707032497565e-05 4.295328311753475e-14 2.299952711265070e+02
-1.281810329328437e-05 4.275659027180853e-14 2.290325002241170e+02
-1.275913626159308e-05 4.255989742608229e-14 2.358788710855572e+02
-1.270016922990180e-05 4.236320458035607e-14 2.372695401667872e+02
-1.264120219821052e-05 4.216651173462984e-14 2.318138383865771e+02
-1.258223516651924e-05 4.196981888890361e-14 2.386602092480173e+02
-1.252326813482796e-05 4.177312604317738e-14 2.373765147114972e+02
-1.246430110313668e-05 4.157643319745116e-14 2.406927255975073e+02
-1.240533407144539e-05 4.137974035172490e-14 2.489297655401776e+02
-1.234636703975411e-05 4.118304750599868e-14 2.467902746459775e+02
-1.228740000806283e-05 4.098635466027245e-14 2.593062963770479e+02
-1.222843297637155e-05 4.078966181454622e-14 2.471111982801075e+02
-1.216946594468027e-05 4.059296896881999e-14 2.533157218732877e+02
-1.211049891298899e-05 4.039627612309377e-14 2.587714236534979e+02
-1.205153188129771e-05 4.019958327736753e-14 2.647619981572581e+02
-1.199256484960642e-05 4.000289043164128e-14 2.621946090842180e+02
-1.193359781791514e-05 3.980619758591506e-14 2.567389073040079e+02
-1.187463078622386e-05 3.960950474018883e-14 2.673293872302982e+02
-1.181566375453258e-05 3.941281189446260e-14 2.694688781244982e+02
-1.175669672284130e-05 3.921611904873638e-14 2.756734017176784e+02
-1.169772969115002e-05 3.901942620301014e-14 2.698967763033382e+02
-1.163876265945874e-05 3.882273335728392e-14 2.747106308152884e+02
-1.157979562776745e-05 3.862604051155767e-14 2.829476707579586e+02
-1.152082859607617e-05 3.842934766583144e-14 2.769570962541985e+02
-1.146186156438489e-05 3.823265482010521e-14 2.850871616521587e+02
-1.140289453269361e-05 3.803596197437899e-14 2.906498379770788e+02
-1.134392750100233e-05 3.783926912865276e-14 2.919335325135989e+02
-1.128496046931105e-05 3.764257628292653e-14 2.887242961722988e+02
-1.122599343761977e-05 3.744588343720030e-14 2.917195834241789e+02
-1.116702640592849e-05 3.724919059147407e-14 3.045565287893793e+02
-1.110805937423720e-05 3.705249774574782e-14 2.952497433996090e+02
-1.104909234254592e-05 3.685580490002160e-14 3.089424851224894e+02
-1.099012531085464e-05 3.665911205429537e-14 3.012403179033692e+02
-1.093115827916336e-05 3.646241920856914e-14 3.057332487811893e+02
-1.087219124747208e-05 3.626572636284291e-14 3.212445577641398e+02
-1.081322421578080e-05 3.606903351711668e-14 3.162167541627696e+02
-1.075425718408951e-05 3.587234067139045e-14 3.158958305286396e+02
-1.069529015239823e-05 3.567564782566420e-14 3.217794304876898e+02
-1.063632312070695e-05 3.547895497993798e-14 3.261653868207999e+02
-1.057735608901567e-05 3.528226213421175e-14 3.291606740726800e+02
-1.051838905732439e-05 3.508556928848552e-14 3.342954522187602e+02
-1.045942202563310e-05 3.488887644275929e-14 3.296955467962301e+02
-1.040045499394182e-05 3.469218359703306e-14 3.421045939825904e+02
-1.034148796225054e-05 3.449549075130684e-14 3.474533212180906e+02
-1.028252093055926e-05 3.429879790558059e-14 3.437092121532405e+02
-1.022355389886798e-05 3.410210505985435e-14 3.544066666242408e+02
-1.016458686717669e-05 3.390541221412813e-14 3.490579393887406e+02
-1.010561983548541e-05 3.370871936840190e-14 3.622158083880710e+02
-1.004665280379413e-05 3.351202652267567e-14 3.581507756890909e+02
-9.987685772102852e-06 3.331533367694945e-14 3.686342810706712e+02
-9.928718740411572e-06 3.311864083122322e-14 3.705598228754513e+02
-9.869751708720291e-06 3.292194798549699e-14 3.741969573955914e+02
-9.810784677029004e-06 3.272525513977074e-14 3.775131682816015e+02
-9.751817645337723e-06 3.252856229404451e-14 3.808293791676116e+02
-9.692850613646442e-06 3.233186944831828e-14 3.887454954761519e+02
-9.633883581955162e-06 3.213517660259206e-14 3.931314518092620e+02
-9.574916550263881e-06 3.193848375686583e-14 3.918477572727419e+02
-9.515949518572600e-06 3.174179091113960e-14 3.917407827280319e+02
-9.456982486881320e-06 3.154509806541337e-14 4.151682080195226e+02
-9.398015455190032e-06 3.134840521968712e-14 4.080009135239524e+02
-9.339048423498751e-06 3.115171237396089e-14 4.136705643935826e+02
-9.280081391807471e-06 3.095501952823467e-14 4.114240989546726e+02
-9.221114360116190e-06 3.075832668250844e-14 4.244749934092929e+02
-9.162147328424909e-06 3.056163383678221e-14 4.254377643116829e+02
-9.103180296733629e-06 3.036494099105598e-14 4.368840405956533e+02
-9.044213265042348e-06 3.016824814532975e-14 4.372049642297833e+02
-8.985246233351067e-06 2.997155529960352e-14 4.434094878229635e+02
-8.926279201659780e-06 2.977486245387727e-14 4.515395532209238e+02
-8.867312169968499e-06 2.957816960815105e-14 4.589207968059140e+02
-8.808345138277219e-06 2.938147676242482e-14 4.448001569041936e+02
-8.749378106585938e-06 2.918478391669859e-14 4.503628332291137e+02
-8.690411074894657e-06 2.898809107097237e-14 4.656601931226442e+02
-8.631444043203377e-06 2.879139822524613e-14 4.591347458953340e+02
-8.572477011512096e-06 2.859470537951991e-14 4.790320112113946e+02
-8.513509979820809e-06 2.839801253379366e-14 4.713298439922744e+02
-8.454542948129528e-06 2.820131968806743e-14 4.796738584796546e+02
-8.395575916438247e-06 2.800462684234120e-14 4.933666002025350e+02
-8.336608884746967e-06 2.780793399661497e-14 4.949712183731851e+02
-8.277641853055686e-06 2.761124115088874e-14 5.074872401042555e+02
-8.218674821364405e-06 2.741454830516252e-14 5.054547237547654e+02
-8.159707789673125e-06 2.721785545943629e-14 5.078081637383855e+02
-8.100740757981837e-06 2.702116261371004e-14 5.056686728441854e+02
-8.041773726290556e-06 2.682446976798381e-14 5.172219236728657e+02
-7.982806694599276e-06 2.662777692225758e-14 5.360494435418263e+02
-7.923839662907995e-06 2.643108407653135e-14 5.359424689971163e+02
-7.864872631216714e-06 2.623439123080513e-14 5.310216399404562e+02
-7.805905599525434e-06 2.603769838507890e-14 5.415051453220365e+02
-7.746938567834153e-06 2.584100553935267e-14 5.534862943295568e+02
-7.687971536142872e-06 2.564431269362644e-14 5.530583961507168e+02
-7.629004504451585e-06 2.544761984790019e-14 5.630070288087471e+02
-7.570037472760304e-06 2.525092700217397e-14 5.832252177589378e+02
-7.511070441069024e-06 2.505423415644774e-14 5.847228613848778e+02
-7.452103409377743e-06 2.485754131072151e-14 5.795880832387977e+02
-7.393136377686462e-06 2.466084846499528e-14 6.001271958231183e+02
-7.334169345995182e-06 2.446415561926905e-14 5.925320031487081e+02
-7.275202314303901e-06 2.426746277354283e-14 6.095409557575986e+02
-7.216235282612614e-06 2.407076992781658e-14 6.138199375459988e+02
-7.157268250921333e-06 2.387407708209035e-14 6.250522647405490e+02
-7.098301219230052e-06 2.367738423636412e-14 6.351078719432894e+02
-7.039334187538772e-06 2.348069139063789e-14 6.451634791460297e+02
-6.980367155847491e-06 2.328399854491166e-14 6.550051372593499e+02
-6.921400124156210e-06 2.308730569918544e-14 6.528656463651499e+02
-6.862433092464930e-06 2.289061285345921e-14 6.688048535269404e+02
-6.803466060773642e-06 2.269392000773296e-14 6.744745043965705e+02
-6.744499029082361e-06 2.249722716200673e-14 6.913764824607510e+02
-6.685531997391081e-06 2.230053431628050e-14 6.927671515419811e+02
-6.626564965699800e-06 2.210384147055427e-14 7.060319950860215e+02
-6.567597934008519e-06 2.190714862482804e-14 7.135202132157217e+02
-6.508630902317239e-06 2.171045577910182e-14 7.164085259228918e+02
-6.449663870625958e-06 2.151376293337559e-14 7.382313330437325e+02
-6.390696838934677e-06 2.131707008764936e-14 7.415475439297426e+02
-6.331729807243390e-06 2.112037724192311e-14 7.605890128881232e+02
-6.272762775552109e-06 2.092368439619688e-14 7.543844892949430e+02
-6.213795743860829e-06 2.072699155047065e-14 7.767421691393337e+02
-6.154828712169548e-06 2.053029870474443e-14 7.754584746028137e+02
-6.095861680478267e-06 2.033360585901820e-14 7.891512163256940e+02
-6.036894648786987e-06 2.013691301329197e-14 8.020951362356044e+02
-5.977927617095706e-06 1.994022016756574e-14 8.174994706738449e+02
-5.918960585404418e-06 1.974352732183949e-14 8.274481033318752e+02
-5.859993553713138e-06 1.954683447611326e-14 8.346153978274455e+02
-5.801026522021857e-06 1.935014163038704e-14 8.584707212977762e+02
-5.742059490330576e-06 1.915344878466081e-14 8.523731722493060e+02
-5.683092458639296e-06 1.895675593893458e-14 8.691681757687765e+02
-5.624125426948015e-06 1.876006309320835e-14 8.800795793291968e+02
-5.565158395256734e-06 1.856337024748213e-14 8.933444228732372e+02
-5.506191363565454e-06 1.836667740175590e-14 9.020093609947475e+02
-5.447224331874166e-06 1.816998455602965e-14 9.258646844650782e+02
-5.388257300182886e-06 1.797329171030342e-14 9.258646844650782e+02
-5.329290268491605e-06 1.777659886457719e-14 9.296087935299283e+02
-5.270323236800324e-06 1.757990601885096e-14 9.671568587231395e+02
-5.211356205109044e-06 1.738321317312473e-14 9.672638332678495e+02
-5.152389173417763e-06 1.718652032739851e-14 9.872680731286201e+02
-5.093422141726482e-06 1.698982748167228e-14 1.011230371143661e+03
-5.034455110035195e-06 1.679313463594603e-14 1.003100305745701e+03
-4.975488078343914e-06 1.659644179021980e-14 1.019253461996911e+03
-4.916521046652634e-06 1.639974894449357e-14 1.045034327272022e+03
-4.857554014961353e-06 1.620305609876734e-14 1.042039040020142e+03
-4.798586983270072e-06 1.600636325304112e-14 1.062578152604462e+03
-4.739619951578792e-06 1.580967040731489e-14 1.083866087001753e+03
-4.680652919887511e-06 1.561297756158866e-14 1.109646952276864e+03
-4.621685888196223e-06 1.541628471586241e-14 1.107400486837954e+03
-4.562718856504943e-06 1.521959187013618e-14 1.119702559479604e+03
-4.503751824813662e-06 1.502289902440995e-14 1.149334508364275e+03
-4.444784793122381e-06 1.482620617868373e-14 1.145269475665295e+03
-4.385817761431101e-06 1.462951333295750e-14 1.187845344459876e+03
-4.326850729739820e-06 1.443282048723127e-14 1.184636108118576e+03
-4.267883698048539e-06 1.423612764150504e-14 1.201965984361597e+03
-4.208916666357259e-06 1.403943479577881e-14 1.216621496986867e+03
-4.149949634665971e-06 1.384274195005256e-14 1.243793031343208e+03
-4.090982602974691e-06 1.364604910432634e-14 1.251602173107038e+03
-4.032015571283410e-06 1.344935625860011e-14 1.268183227537089e+03
-3.973048539592129e-06 1.325266341287388e-14 1.281875969259969e+03
-3.914081507900849e-06 1.305597056714765e-14 1.294498965535749e+03
-3.855114476209568e-06 1.285927772142142e-14 1.320386805355570e+03
-3.796147444518287e-06 1.266258487569520e-14 1.313005561770580e+03
-3.737180412827000e-06 1.246589202996894e-14 1.345418848817711e+03
-3.678213381135719e-06 1.226919918424272e-14 1.345632797907131e+03
-3.619246349444439e-06 1.207250633851649e-14 1.370343917735142e+03
-3.560279317753158e-06 1.187581349279026e-14 1.392487648490112e+03
-3.501312286061877e-06 1.167912064706403e-14 1.398050324815033e+03
-3.442345254370597e-06 1.148242780133781e-14 1.408105932017773e+03
-3.383378222679316e-06 1.128573495561158e-14 1.447151640836924e+03
-3.324411190988028e-06 1.108904210988533e-14 1.437523931813024e+03
-3.265444159296748e-06 1.089234926415910e-14 1.450039953544094e+03
-3.206477127605467e-06 1.069565641843287e-14 1.465230338892915e+03
-3.147510095914186e-06 1.049896357270664e-14 1.463946644356395e+03
-3.088543064222906e-06 1.030227072698042e-14 1.489085662363245e+03
-3.029576032531625e-06 1.010557788125419e-14 1.513903756735966e+03
-2.970609000840344e-06 9.908885035527959e-15 1.514010731280676e+03
-2.911641969149064e-06 9.712192189801731e-15 1.528987167540077e+03
-2.852674937457776e-06 9.515499344075480e-15 1.531875480247247e+03
-2.793707905766496e-06 9.318806498349254e-15 1.538080003840427e+03
-2.734740874075215e-06 9.122113652623025e-15 1.555730803717577e+03
-2.675773842383934e-06 8.925420806896797e-15 1.552735516465697e+03
-2.616806810692654e-06 8.728727961170570e-15 1.565893385465028e+03
-2.557839779001373e-06 8.532035115444341e-15 1.575735043578348e+03
-2.498872747310092e-06 8.335342269718113e-15 1.588678963488258e+03
-2.439905715618805e-06 8.138649423991863e-15 1.573916476318278e+03
-2.380938683927524e-06 7.941956578265636e-15 1.605153043373599e+03
-2.321971652236243e-06 7.745263732539407e-15 1.593492818000209e+03
-2.263004620544963e-06 7.548570886813179e-15 1.606329763365409e+03
-2.204037588853682e-06 7.351878041086952e-15 1.617027217836409e+03
-2.145070557162401e-06 7.155185195360724e-15 1.649868403062380e+03
-2.086103525471121e-06 6.958492349634495e-15 1.601515908853459e+03
-2.027136493779833e-06 6.761799503908245e-15 1.622161995982490e+03
-1.968169462088553e-06 6.565106658182017e-15 1.633394323177040e+03
-1.909202430397272e-06 6.368413812455789e-15 1.628366519575670e+03
-1.850235398705991e-06 6.171720966729561e-15 1.652435792135420e+03
-1.791268367014711e-06 5.975028121003333e-15 1.632431552274650e+03
-1.732301335323430e-06 5.778335275277106e-15 1.635533814071240e+03
-1.673334303632149e-06 5.581642429550877e-15 1.647514963078760e+03
-1.614367271940869e-06 5.384949583824649e-15 1.653184613948390e+03
-1.555400240249581e-06 5.188256738098399e-15 1.648263784891730e+03
-1.496433208558301e-06 4.991563892372171e-15 1.644412701282170e+03
-1.437466176867020e-06 4.794871046645943e-15 1.668054075663081e+03
-1.378499145175739e-06 4.598178200919715e-15 1.648263784891730e+03
-1.319532113484459e-06 4.401485355193487e-15 1.664844839321781e+03
-1.260565081793178e-06 4.204792509467259e-15 1.662277450248741e+03
-1.201598050101897e-06 4.008099663741031e-15 1.648584708525860e+03
-1.142631018410610e-06 3.811406818014781e-15 1.671691210183221e+03
-1.083663986719329e-06 3.614713972288553e-15 1.666770381126561e+03
-1.024696955028048e-06 3.418021126562325e-15 1.652649741224840e+03
-9.657299233367677e-07 3.221328280836097e-15 1.663989042964101e+03
-9.067628916454871e-07 3.024635435109869e-15 1.683137486467191e+03
-8.477958599542064e-07 2.827942589383641e-15 1.667626177484241e+03
-7.888288282629257e-07 2.631249743657413e-15 1.650403275785930e+03
-7.298617965716451e-07 2.434556897931185e-15 1.660565857533381e+03
-6.708947648803576e-07 2.237864052204935e-15 1.657784519370921e+03
-6.119277331890770e-07 2.041171206478707e-15 1.659175188452151e+03
-5.529607014977963e-07 1.844478360752478e-15 1.665700635679461e+03
-4.939936698065156e-07 1.647785515026251e-15 1.664630890232361e+03
-4.350266381152349e-07 1.451092669300023e-15 1.642915057656230e+03
-3.760596064239543e-07 1.254399823573795e-15 1.637459355876020e+03
-3.170925747326736e-07 1.057706977847567e-15 1.639491872225510e+03
-2.581255430413862e-07 8.610141321213163e-16 1.649226555794120e+03
-1.991585113501055e-07 6.643212863950884e-16 1.635426839526530e+03
-1.401914796588248e-07 4.676284406688604e-16 1.636175661339500e+03
-8.122444796754416e-08 2.709355949426325e-16 1.628687443209800e+03
-2.225741627626349e-08 7.424274921640453e-17 1.614031930584529e+03
3.670961541501718e-08 -1.224500965098234e-16 1.590925428927168e+03
9.567664710629785e-08 -3.191429422360513e-16 1.602799603389979e+03
1.546436787975853e-07 -5.158357879623019e-16 1.597343901609769e+03
2.136107104888660e-07 -7.125286336885298e-16 1.607399508812509e+03
2.725777421801466e-07 -9.092214794147578e-16 1.586860396228188e+03
3.315447738714273e-07 -1.105914325140986e-15 1.576590839936028e+03
3.905118055627080e-07 -1.302607170867214e-15 1.571456061789948e+03
4.494788372539886e-07 -1.499300016593442e-15 1.548777458311427e+03
5.084458689452693e-07 -1.695992862319670e-15 1.566107334554448e+03
5.674129006365500e-07 -1.892685708045898e-15 1.552414592831567e+03
6.263799323278374e-07 -2.089378553772148e-15 1.570814214521688e+03
6.853469640191181e-07 -2.286071399498376e-15 1.524815160296386e+03
7.443139957103988e-07 -2.482764245224604e-15 1.531768505702537e+03
8.032810274016794e-07 -2.679457090950832e-15 1.552093669197437e+03
8.622480590929601e-07 -2.876149936677060e-15 1.525670956654066e+03
9.212150907842408e-07 -3.072842782403288e-15 1.507592258598076e+03
9.801821224755214e-07 -3.269535628129516e-15 1.539684622011077e+03
1.039149154166809e-06 -3.466228473855766e-15 1.526633727556457e+03
1.098116185858090e-06 -3.662921319581994e-15 1.516471145809006e+03
1.157083217549370e-06 -3.859614165308222e-15 1.517754840345526e+03
1.216050249240651e-06 -4.056307011034450e-15 1.497750600484756e+03
1.275017280931932e-06 -4.252999856760678e-15 1.524387262117546e+03
1.333984312623212e-06 -4.449692702486906e-15 1.503313276809676e+03
1.392951344314493e-06 -4.646385548213134e-15 1.482667189680645e+03
1.451918376005780e-06 -4.843078393939384e-15 1.507699233142786e+03
1.510885407697061e-06 -5.039771239665612e-15 1.494541364143455e+03
1.569852439388342e-06 -5.236464085391841e-15 1.493471618696356e+03
1.628819471079622e-06 -5.433156931118068e-15 1.513261909467706e+03
1.687786502770903e-06 -5.629849776844296e-15 1.497108753216496e+03
1.746753534462184e-06 -5.826542622570524e-15 1.489834484176215e+03
1.805720566153464e-06 -6.023235468296752e-15 1.501601684094316e+03
1.864687597844745e-06 -6.219928314022980e-15 1.487053146013755e+03
1.923654629536032e-06 -6.416621159749230e-15 1.502136556817866e+03
1.982621661227313e-06 -6.613314005475459e-15 1.488015916916145e+03
2.041588692918594e-06 -6.810006851201686e-15 1.494969262322296e+03
2.100555724609874e-06 -7.006699696927915e-15 1.487160120558465e+03
2.159522756301155e-06 -7.203392542654141e-15 1.511443342207636e+03
2.218489787992436e-06 -7.400085388380370e-15 1.485983400566655e+03
2.277456819683716e-06 -7.596778234106598e-15 1.498071524118886e+03
2.336423851375004e-06 -7.793471079832849e-15 1.490583305989185e+03
2.395390883066285e-06 -7.990163925559077e-15 1.487053146013755e+03
2.454357914757565e-06 -8.186856771285304e-15 1.487374069647885e+03
2.513324946448846e-06 -8.383549617011533e-15 1.508127131321626e+03
2.572291978140127e-06 -8.580242462737761e-15 1.496573880492946e+03
2.631259009831407e-06 -8.776935308463988e-15 1.502457480451996e+03
2.690226041522688e-06 -8.973628154190216e-15 1.483202062404195e+03
2.749193073213975e-06 -9.170320999916467e-15 1.505987640427426e+03
2.808160104905256e-06 -9.367013845642695e-15 1.494113465964615e+03
2.867127136596537e-06 -9.563706691368922e-15 1.503420251354386e+03
2.926094168287817e-06 -9.760399537095151e-15 1.486197349656075e+03
2.985061199979098e-06 -9.957092382821379e-15 1.489834484176215e+03
3.044028231670379e-06 -1.015378522854761e-14 1.511871240386476e+03
3.102995263361659e-06 -1.035047807427383e-14 1.502564454996706e+03
3.161962295052940e-06 -1.054717092000006e-14 1.489834484176215e+03
3.220929326744228e-06 -1.074386376572631e-14 1.505345793159166e+03
3.279896358435508e-06 -1.094055661145254e-14 1.494327415054036e+03
3.338863390126789e-06 -1.113724945717877e-14 1.514973502183066e+03
3.397830421818070e-06 -1.133394230290500e-14 1.482453240591225e+03
3.456797453509350e-06 -1.153063514863123e-14 1.514010731280676e+03
3.515764485200631e-06 -1.172732799435745e-14 1.498820345931856e+03
3.574731516891912e-06 -1.192402084008368e-14 1.484699706030135e+03
3.633698548583199e-06 -1.212071368580993e-14 1.517112993077266e+03
3.692665580274480e-06 -1.231740653153616e-14 1.501387735004896e+03
3.751632611965760e-06 -1.251409937726239e-14 1.485769451477235e+03
3.810599643657041e-06 -1.271079222298861e-14 1.495076236867005e+03
3.869566675348322e-06 -1.290748506871484e-14 1.507057385874526e+03
3.928533707039602e-06 -1.310417791444107e-14 1.516150222174876e+03
3.987500738730883e-06 -1.330087076016730e-14 1.499569167744826e+03
4.046467770422164e-06 -1.349756360589353e-14 1.499034295021276e+03
4.105434802113451e-06 -1.369425645161978e-14 1.494006491419906e+03
4.164401833804732e-06 -1.389094929734600e-14 1.506629487695686e+03
4.223368865496012e-06 -1.408764214307223e-14 1.530912709344857e+03
4.282335897187293e-06 -1.428433498879846e-14 1.520643153052696e+03
4.341302928878574e-06 -1.448102783452469e-14 1.526954651190586e+03
4.400269960569854e-06 -1.467772068025092e-14 1.513582833101836e+03
4.459236992261135e-06 -1.487441352597714e-14 1.526312803922327e+03
4.518204023952423e-06 -1.507110637170339e-14 1.537973029295717e+03
4.577171055643703e-06 -1.526779921742962e-14 1.513796782191256e+03
4.636138087334984e-06 -1.546449206315585e-14 1.528559269361237e+03
4.695105119026265e-06 -1.566118490888208e-14 1.523210542125736e+03
4.754072150717545e-06 -1.585787775460831e-14 1.535619589312097e+03
4.813039182408826e-06 -1.605457060033454e-14 1.549954178303237e+03
4.872006214100107e-06 -1.625126344606076e-14 1.545461247425417e+03
4.930973245791394e-06 -1.644795629178702e-14 1.546958891051357e+03
4.989940277482675e-06 -1.664464913751324e-14 1.566321283643868e+03
5.048907309173955e-06 -1.684134198323947e-14 1.545140323791287e+03
5.107874340865236e-06 -1.703803482896570e-14 1.571349087245238e+03
5.166841372556517e-06 -1.723472767469193e-14 1.578302432651388e+03
5.225808404247797e-06 -1.743142052041815e-14 1.588571988943548e+03
5.284775435939078e-06 -1.762811336614438e-14 1.591246352561298e+03
5.343742467630359e-06 -1.782480621187061e-14 1.619166708730609e+03
5.402709499321646e-06 -1.802149905759686e-14 1.617134192381119e+03
5.461676531012927e-06 -1.821819190332309e-14 1.611785465145619e+03
5.520643562704207e-06 -1.841488474904932e-14 1.662812322972291e+03
5.579610594395488e-06 -1.861157759477554e-14 1.650296301241220e+03
5.638577626086769e-06 -1.880827044050177e-14 1.703997522685642e+03
5.697544657778050e-06 -1.900496328622800e-14 1.688379239157981e+03
5.756511689469330e-06 -1.920165613195423e-14 1.707741631750492e+03
5.815478721160618e-06 -1.939834897768048e-14 1.742401384236533e+03
5.874445752851898e-06 -1.959504182340670e-14 1.761656802284334e+03
5.933412784543179e-06 -1.979173466913293e-14 1.801772256550585e+03
5.992379816234460e-06 -1.998842751485916e-14 1.811399965574485e+03
6.051346847925740e-06 -2.018512036058539e-14 1.856436248897397e+03
6.110313879617021e-06 -2.038181320631162e-14 1.884891477790257e+03
6.169280911308302e-06 -2.057850605203785e-14 1.917411739382098e+03
6.228247942999589e-06 -2.077519889776410e-14 1.986303346175340e+03
6.287214974690870e-06 -2.097189174349032e-14 1.965229360867470e+03
6.346182006382150e-06 -2.116858458921655e-14 2.040004567619762e+03
6.405149038073431e-06 -2.136527743494278e-14 2.102905599909244e+03
6.464116069764712e-06 -2.156197028066901e-14 2.124835381574795e+03
6.523083101455992e-06 -2.175866312639524e-14 2.241437635308698e+03
6.582050133147273e-06 -2.195535597212146e-14 2.255665249755129e+03
6.641017164838554e-06 -2.215204881784769e-14 2.348840078197542e+03
6.699984196529841e-06 -2.234874166357394e-14 2.416554964998973e+03
6.758951228221122e-06 -2.254543450930017e-14 2.523101611530137e+03
6.817918259912403e-06 -2.274212735502640e-14 2.640880585255850e+03
6.876885291603683e-06 -2.293882020075263e-14 2.750529493583604e+03
6.935852323294964e-06 -2.313551304647885e-14 2.892484714413778e+03
6.994819354986245e-06 -2.333220589220508e-14 3.053160480568203e+03
7.053786386677525e-06 -2.352889873793131e-14 3.237798544737669e+03
7.112753418368813e-06 -2.372559158365756e-14 3.416339059858664e+03
7.171720450060093e-06 -2.392228442938379e-14 3.599907378581030e+03
7.230687481751374e-06 -2.411897727511002e-14 3.740151006695844e+03
7.289654513442655e-06 -2.431567012083624e-14 3.820167966138926e+03
7.348621545133935e-06 -2.451236296656247e-14 3.875580780298708e+03
7.407588576825216e-06 -2.470905581228870e-14 3.914947412751989e+03
7.466555608516497e-06 -2.490574865801493e-14 3.865525173095968e+03
7.525522640207777e-06 -2.510244150374115e-14 3.847553449584687e+03
7.584489671899065e-06 -2.529913434946741e-14 3.803372962619456e+03
7.643456703590345e-06 -2.549582719519363e-14 3.717579377762033e+03
7.702423735281626e-06 -2.569252004091986e-14 3.615204738474560e+03
7.761390766972907e-06 -2.588921288664609e-14 3.516574208251937e+03
7.820357798664187e-06 -2.608590573237232e-14 3.396976667266154e+03
7.879324830355468e-06 -2.628259857809855e-14 3.237905519282378e+03
7.938291862046749e-06 -2.647929142382478e-14 3.092206189387354e+03
7.997258893738036e-06 -2.667598426955103e-14 2.930995550509379e+03
8.056225925429317e-06 -2.687267711527725e-14 2.732664744617033e+03
8.115192957120598e-06 -2.706936996100348e-14 2.549738273162928e+03
8.174159988811878e-06 -2.726606280672971e-14 2.393448463341613e+03
8.233127020503159e-06 -2.746275565245594e-14 2.230205308114148e+03
8.292094052194440e-06 -2.765944849818217e-14 2.017005040507112e+03
8.351061083885720e-06 -2.785614134390839e-14 1.878900903286497e+03
8.410028115577008e-06 -2.805283418963464e-14 1.732452751578503e+03
8.468995147268288e-06 -2.824952703536087e-14 1.547172840140777e+03
8.527962178959569e-06 -2.844621988108710e-14 1.445226099032144e+03
8.586929210650850e-06 -2.864291272681333e-14 1.293857118267489e+03
8.645896242342130e-06 -2.883960557253955e-14 1.143878806584065e+03
8.704863274033411e-06 -2.903629841826578e-14 1.041611141841302e+03
8.763830305724692e-06 -2.923299126399201e-14 9.370970116596286e+02
8.822797337415972e-06 -2.942968410971824e-14 8.197459361127550e+02
8.881764369107260e-06 -2.962637695544449e-14 7.228269986054920e+02
8.940731400798541e-06 -2.982306980117072e-14 6.504052318368198e+02
8.999698432489821e-06 -3.001976264689695e-14 5.706022214831573e+02
9.058665464181102e-06 -3.021645549262317e-14 4.946502947390551e+02
9.117632495872383e-06 -3.041314833834940e-14 4.322841351731232e+02
9.176599527563663e-06 -3.060984118407563e-14 3.752667028426914e+02
9.235566559254944e-06 -3.080653402980185e-14 3.248816922842799e+02
9.294533590946231e-06 -3.100322687552811e-14 2.767431471647784e+02
9.353500622637512e-06 -3.119991972125434e-14 2.411206237763473e+02
9.412467654328793e-06 -3.139661256698056e-14 1.973680349899560e+02
9.471434686020073e-06 -3.159330541270679e-14 1.650617224875350e+02
9.530401717711354e-06 -3.178999825843302e-14 1.396017808465542e+02
9.589368749402635e-06 -3.198669110415924e-14 1.192766173516536e+02
9.648335781093915e-06 -3.218338394988548e-14 9.777473386494297e+01
9.707302812785203e-06 -3.238007679561173e-14 8.226342488199251e+01
9.766269844476483e-06 -3.257676964133795e-14 5.851507595637178e+01
9.825236876167764e-06 -3.277346248706418e-14 5.124080691609156e+01
9.884203907859045e-06 -3.297015533279041e-14 4.193402152632128e+01
9.943170939550325e-06 -3.316684817851664e-14 2.781338162460085e+01
1.000213797124161e-05 -3.336354102424287e-14 2.246465438910068e+01
1.006110500293289e-05 -3.356023386996909e-14 1.529735989353047e+01
1.012007203462417e-05 -3.375692671569532e-14 5.455701780210166e+00
1.017903906631545e-05 -3.395361956142157e-14 1.176719991810036e+00
