0.000000000000000e+00 0.000000000000000e+00
0.000000000000000e+00 0.000000000000000e+00
0.000000000000000e+00 0.000000000000000e+00
0.000000000000000e+00 0.000000000000000e+00
0.000000000000000e+00 0.000000000000000e+00
0.000000000000000e+00 1.000000000000000e+00
1.000000000000000e-01 1.000000000000000e+00
1.000000000000000e-01 0.000000000000000e+00
0.000000000000000e+00 0.000000000000000e+00
1.000000000000000e-01 0.000000000000000e+00
1.000000000000000e-01 0.000000000000000e+00
1.000000000000000e-01 1.000000000000000e+00
2.000000000000000e-01 1.000000000000000e+00
2.000000000000000e-01 0.000000000000000e+00
1.000000000000000e-01 0.000000000000000e+00
2.000000000000000e-01 0.000000000000000e+00
2.000000000000000e-01 0.000000000000000e+00
7.000000000000000e-01 0.000000000000000e+00
7.000000000000000e-01 0.000000000000000e+00
1.200000000000000e+00 0.000000000000000e+00
1.200000000000000e+00 0.000000000000000e+00
1.700000000000000e+00 0.000000000000000e+00
1.700000000000000e+00 0.000000000000000e+00
2.200000000000000e+00 0.000000000000000e+00
2.200000000000000e+00 0.000000000000000e+00
2.700000000000000e+00 0.000000000000000e+00
2.700000000000000e+00 0.000000000000000e+00
3.200000000000000e+00 0.000000000000000e+00
3.200000000000000e+00 0.000000000000000e+00
3.700000000000000e+00 0.000000000000000e+00
3.700000000000000e+00 0.000000000000000e+00
4.200000000000000e+00 0.000000000000000e+00
4.200000000000000e+00 0.000000000000000e+00
4.700000000000000e+00 0.000000000000000e+00
4.700000000000000e+00 0.000000000000000e+00
5.200000000000000e+00 0.000000000000000e+00
5.200000000000000e+00 0.000000000000000e+00
5.700000000000000e+00 0.000000000000000e+00
5.700000000000000e+00 0.000000000000000e+00
6.200000000000000e+00 0.000000000000000e+00
6.200000000000000e+00 0.000000000000000e+00
6.700000000000000e+00 0.000000000000000e+00
6.700000000000000e+00 0.000000000000000e+00
7.200000000000000e+00 0.000000000000000e+00
7.200000000000000e+00 0.000000000000000e+00
7.700000000000000e+00 0.000000000000000e+00
7.700000000000000e+00 0.000000000000000e+00
7.800000000000000e+00 0.000000000000000e+00
7.800000000000000e+00 0.000000000000000e+00
7.900000000000000e+00 0.000000000000000e+00
7.900000000000000e+00 0.000000000000000e+00
8.000000000000000e+00 0.000000000000000e+00
8.000000000000000e+00 0.000000000000000e+00
8.000000000000000e+00 -1.000000000000000e+00
8.100000000000000e+00 -1.000000000000000e+00
8.100000000000000e+00 0.000000000000000e+00
8.000000000000000e+00 0.000000000000000e+00
8.100000000000000e+00 0.000000000000000e+00
8.100000000000000e+00 0.000000000000000e+00
8.100000000000000e+00 -1.000000000000000e+00
8.199999999999999e+00 -1.000000000000000e+00
8.199999999999999e+00 0.000000000000000e+00
8.100000000000000e+00 0.000000000000000e+00
8.199999999999999e+00 0.000000000000000e+00
8.199999999999999e+00 0.000000000000000e+00
8.699999999999999e+00 0.000000000000000e+00
8.699999999999999e+00 0.000000000000000e+00
9.199999999999999e+00 0.000000000000000e+00
9.199999999999999e+00 0.000000000000000e+00
9.699999999999999e+00 0.000000000000000e+00
9.699999999999999e+00 0.000000000000000e+00
1.020000000000000e+01 0.000000000000000e+00
1.020000000000000e+01 0.000000000000000e+00
1.070000000000000e+01 0.000000000000000e+00
1.070000000000000e+01 0.000000000000000e+00
1.120000000000000e+01 0.000000000000000e+00
1.120000000000000e+01 0.000000000000000e+00
1.170000000000000e+01 0.000000000000000e+00
1.170000000000000e+01 0.000000000000000e+00
1.220000000000000e+01 0.000000000000000e+00
1.220000000000000e+01 0.000000000000000e+00
1.270000000000000e+01 0.000000000000000e+00
1.270000000000000e+01 0.000000000000000e+00
1.320000000000000e+01 0.000000000000000e+00
1.320000000000000e+01 0.000000000000000e+00
1.370000000000000e+01 0.000000000000000e+00
1.370000000000000e+01 0.000000000000000e+00
1.420000000000000e+01 0.000000000000000e+00
1.420000000000000e+01 0.000000000000000e+00
1.470000000000000e+01 0.000000000000000e+00
1.470000000000000e+01 0.000000000000000e+00
1.520000000000000e+01 0.000000000000000e+00
1.520000000000000e+01 0.000000000000000e+00
1.570000000000000e+01 0.000000000000000e+00
1.570000000000000e+01 0.000000000000000e+00
1.580000000000000e+01 0.000000000000000e+00
1.580000000000000e+01 0.000000000000000e+00
1.590000000000000e+01 0.000000000000000e+00
1.590000000000000e+01 0.000000000000000e+00
1.600000000000000e+01 0.000000000000000e+00
1.600000000000000e+01 0.000000000000000e+00
1.600000000000000e+01 1.000000000000000e+00
1.610000000000000e+01 1.000000000000000e+00
1.610000000000000e+01 0.000000000000000e+00
1.600000000000000e+01 0.000000000000000e+00
1.610000000000000e+01 0.000000000000000e+00
1.610000000000000e+01 0.000000000000000e+00
1.610000000000000e+01 1.000000000000000e+00
1.620000000000000e+01 1.000000000000000e+00
1.620000000000000e+01 0.000000000000000e+00
1.610000000000000e+01 0.000000000000000e+00
1.620000000000000e+01 0.000000000000000e+00
1.620000000000000e+01 0.000000000000000e+00
1.670000000000000e+01 0.000000000000000e+00
1.670000000000000e+01 0.000000000000000e+00
1.720000000000000e+01 0.000000000000000e+00
1.720000000000000e+01 0.000000000000000e+00
1.770000000000000e+01 0.000000000000000e+00
1.770000000000000e+01 0.000000000000000e+00
1.820000000000000e+01 0.000000000000000e+00
1.820000000000000e+01 0.000000000000000e+00
1.870000000000000e+01 0.000000000000000e+00
1.870000000000000e+01 0.000000000000000e+00
1.920000000000000e+01 0.000000000000000e+00
1.920000000000000e+01 0.000000000000000e+00
1.970000000000000e+01 0.000000000000000e+00
1.970000000000000e+01 0.000000000000000e+00
2.020000000000000e+01 0.000000000000000e+00
2.020000000000000e+01 0.000000000000000e+00
2.070000000000000e+01 0.000000000000000e+00
2.070000000000000e+01 0.000000000000000e+00
2.120000000000000e+01 0.000000000000000e+00
2.120000000000000e+01 0.000000000000000e+00
2.170000000000000e+01 0.000000000000000e+00
2.170000000000000e+01 0.000000000000000e+00
2.220000000000000e+01 0.000000000000000e+00
2.220000000000000e+01 0.000000000000000e+00
2.270000000000000e+01 0.000000000000000e+00
2.270000000000000e+01 0.000000000000000e+00
2.320000000000000e+01 0.000000000000000e+00
2.320000000000000e+01 0.000000000000000e+00
2.370000000000000e+01 0.000000000000000e+00
2.370000000000000e+01 0.000000000000000e+00
2.380000000000000e+01 0.000000000000000e+00
2.380000000000000e+01 0.000000000000000e+00
2.390000000000000e+01 0.000000000000000e+00
2.390000000000000e+01 0.000000000000000e+00
2.400000000000000e+01 0.000000000000000e+00
2.400000000000000e+01 0.000000000000000e+00
2.400000000000000e+01 -1.000000000000000e+00
2.410000000000000e+01 -1.000000000000000e+00
2.410000000000000e+01 0.000000000000000e+00
2.400000000000000e+01 0.000000000000000e+00
2.410000000000000e+01 0.000000000000000e+00
2.410000000000000e+01 0.000000000000000e+00
2.410000000000000e+01 -1.000000000000000e+00
2.420000000000000e+01 -1.000000000000000e+00
2.420000000000000e+01 0.000000000000000e+00
2.410000000000000e+01 0.000000000000000e+00
2.420000000000000e+01 0.000000000000000e+00
2.420000000000000e+01 0.000000000000000e+00
2.470000000000000e+01 0.000000000000000e+00
2.470000000000000e+01 0.000000000000000e+00
2.520000000000000e+01 0.000000000000000e+00
2.520000000000000e+01 0.000000000000000e+00
2.570000000000000e+01 0.000000000000000e+00
2.570000000000000e+01 0.000000000000000e+00
2.620000000000000e+01 0.000000000000000e+00
2.620000000000000e+01 0.000000000000000e+00
2.670000000000000e+01 0.000000000000000e+00
2.670000000000000e+01 0.000000000000000e+00
2.720000000000000e+01 0.000000000000000e+00
2.720000000000000e+01 0.000000000000000e+00
2.770000000000000e+01 0.000000000000000e+00
2.770000000000000e+01 0.000000000000000e+00
2.820000000000000e+01 0.000000000000000e+00
2.820000000000000e+01 0.000000000000000e+00
2.870000000000000e+01 0.000000000000000e+00
2.870000000000000e+01 0.000000000000000e+00
2.920000000000000e+01 0.000000000000000e+00
2.920000000000000e+01 0.000000000000000e+00
2.970000000000000e+01 0.000000000000000e+00
2.970000000000000e+01 0.000000000000000e+00
3.020000000000000e+01 0.000000000000000e+00
3.020000000000000e+01 0.000000000000000e+00
3.070000000000000e+01 0.000000000000000e+00
3.070000000000000e+01 0.000000000000000e+00
3.120000000000000e+01 0.000000000000000e+00
3.120000000000000e+01 0.000000000000000e+00
3.170000000000000e+01 0.000000000000000e+00
3.170000000000000e+01 0.000000000000000e+00
3.180000000000000e+01 0.000000000000000e+00
3.180000000000000e+01 0.000000000000000e+00
3.190000000000000e+01 0.000000000000000e+00
3.190000000000000e+01 0.000000000000000e+00
3.200000000000000e+01 0.000000000000000e+00
3.200000000000000e+01 0.000000000000000e+00
3.200000000000000e+01 1.000000000000000e+00
3.210000000000000e+01 1.000000000000000e+00
3.210000000000000e+01 0.000000000000000e+00
3.200000000000000e+01 0.000000000000000e+00
3.210000000000000e+01 0.000000000000000e+00
3.210000000000000e+01 0.000000000000000e+00
3.210000000000000e+01 1.000000000000000e+00
3.220000000000000e+01 1.000000000000000e+00
3.220000000000000e+01 0.000000000000000e+00
3.210000000000000e+01 0.000000000000000e+00
3.220000000000000e+01 0.000000000000000e+00
3.220000000000000e+01 0.000000000000000e+00
3.270000000000000e+01 0.000000000000000e+00
3.270000000000000e+01 0.000000000000000e+00
3.320000000000000e+01 0.000000000000000e+00
3.320000000000000e+01 0.000000000000000e+00
3.370000000000000e+01 0.000000000000000e+00
3.370000000000000e+01 0.000000000000000e+00
3.420000000000000e+01 0.000000000000000e+00
3.420000000000000e+01 0.000000000000000e+00
3.470000000000000e+01 0.000000000000000e+00
3.470000000000000e+01 0.000000000000000e+00
3.520000000000000e+01 0.000000000000000e+00
3.520000000000000e+01 0.000000000000000e+00
3.570000000000000e+01 0.000000000000000e+00
3.570000000000000e+01 0.000000000000000e+00
3.620000000000000e+01 0.000000000000000e+00
3.620000000000000e+01 0.000000000000000e+00
3.670000000000000e+01 0.000000000000000e+00
3.670000000000000e+01 0.000000000000000e+00
3.720000000000000e+01 0.000000000000000e+00
3.720000000000000e+01 0.000000000000000e+00
3.770000000000000e+01 0.000000000000000e+00
3.770000000000000e+01 0.000000000000000e+00
3.820000000000000e+01 0.000000000000000e+00
3.820000000000000e+01 0.000000000000000e+00
3.870000000000000e+01 0.000000000000000e+00
3.870000000000000e+01 0.000000000000000e+00
3.920000000000000e+01 0.000000000000000e+00
3.920000000000000e+01 0.000000000000000e+00
3.970000000000000e+01 0.000000000000000e+00
3.970000000000000e+01 0.000000000000000e+00
3.980000000000000e+01 0.000000000000000e+00
3.980000000000000e+01 0.000000000000000e+00
3.990000000000000e+01 0.000000000000000e+00
3.990000000000000e+01 0.000000000000000e+00
4.000000000000000e+01 0.000000000000000e+00
4.000000000000000e+01 0.000000000000000e+00
4.000000000000000e+01 -1.000000000000000e+00
4.010000000000000e+01 -1.000000000000000e+00
4.010000000000000e+01 0.000000000000000e+00
4.000000000000000e+01 0.000000000000000e+00
4.010000000000000e+01 0.000000000000000e+00
4.010000000000000e+01 0.000000000000000e+00
4.010000000000000e+01 -1.000000000000000e+00
4.020000000000000e+01 -1.000000000000000e+00
4.020000000000000e+01 0.000000000000000e+00
4.010000000000000e+01 0.000000000000000e+00
4.020000000000000e+01 0.000000000000000e+00
4.020000000000000e+01 0.000000000000000e+00
4.070000000000000e+01 0.000000000000000e+00
4.070000000000000e+01 0.000000000000000e+00
4.120000000000000e+01 0.000000000000000e+00
4.120000000000000e+01 0.000000000000000e+00
4.170000000000000e+01 0.000000000000000e+00
4.170000000000000e+01 0.000000000000000e+00
4.220000000000000e+01 0.000000000000000e+00
4.220000000000000e+01 0.000000000000000e+00
4.270000000000000e+01 0.000000000000000e+00
4.270000000000000e+01 0.000000000000000e+00
4.320000000000000e+01 0.000000000000000e+00
4.320000000000000e+01 0.000000000000000e+00
4.370000000000000e+01 0.000000000000000e+00
4.370000000000000e+01 0.000000000000000e+00
4.420000000000000e+01 0.000000000000000e+00
4.420000000000000e+01 0.000000000000000e+00
4.470000000000000e+01 0.000000000000000e+00
4.470000000000000e+01 0.000000000000000e+00
4.520000000000000e+01 0.000000000000000e+00
4.520000000000000e+01 0.000000000000000e+00
4.570000000000000e+01 0.000000000000000e+00
4.570000000000000e+01 0.000000000000000e+00
4.620000000000000e+01 0.000000000000000e+00
4.620000000000000e+01 0.000000000000000e+00
4.670000000000000e+01 0.000000000000000e+00
4.670000000000000e+01 0.000000000000000e+00
4.720000000000000e+01 0.000000000000000e+00
4.720000000000000e+01 0.000000000000000e+00
4.770000000000000e+01 0.000000000000000e+00
4.770000000000000e+01 0.000000000000000e+00
4.780000000000000e+01 0.000000000000000e+00
4.780000000000000e+01 0.000000000000000e+00
4.790000000000000e+01 0.000000000000000e+00
4.790000000000000e+01 0.000000000000000e+00
4.800000000000000e+01 0.000000000000000e+00
4.800000000000000e+01 0.000000000000000e+00
4.800000000000000e+01 1.000000000000000e+00
4.810000000000000e+01 1.000000000000000e+00
4.810000000000000e+01 0.000000000000000e+00
4.800000000000000e+01 0.000000000000000e+00
4.810000000000000e+01 0.000000000000000e+00
4.810000000000000e+01 0.000000000000000e+00
4.810000000000000e+01 1.000000000000000e+00
4.820000000000000e+01 1.000000000000000e+00
4.820000000000000e+01 0.000000000000000e+00
4.810000000000000e+01 0.000000000000000e+00
4.820000000000000e+01 0.000000000000000e+00
4.820000000000000e+01 0.000000000000000e+00
4.870000000000000e+01 0.000000000000000e+00
4.870000000000000e+01 0.000000000000000e+00
4.920000000000000e+01 0.000000000000000e+00
4.920000000000000e+01 0.000000000000000e+00
4.970000000000000e+01 0.000000000000000e+00
4.970000000000000e+01 0.000000000000000e+00
5.020000000000000e+01 0.000000000000000e+00
5.020000000000000e+01 0.000000000000000e+00
5.070000000000000e+01 0.000000000000000e+00
5.070000000000000e+01 0.000000000000000e+00
5.120000000000000e+01 0.000000000000000e+00
5.120000000000000e+01 0.000000000000000e+00
5.170000000000000e+01 0.000000000000000e+00
5.170000000000000e+01 0.000000000000000e+00
5.220000000000000e+01 0.000000000000000e+00
5.220000000000000e+01 0.000000000000000e+00
5.270000000000000e+01 0.000000000000000e+00
5.270000000000000e+01 0.000000000000000e+00
5.320000000000000e+01 0.000000000000000e+00
5.320000000000000e+01 0.000000000000000e+00
5.370000000000000e+01 0.000000000000000e+00
5.370000000000000e+01 0.000000000000000e+00
5.420000000000000e+01 0.000000000000000e+00
5.420000000000000e+01 0.000000000000000e+00
5.470000000000000e+01 0.000000000000000e+00
5.470000000000000e+01 0.000000000000000e+00
5.520000000000000e+01 0.000000000000000e+00
5.520000000000000e+01 0.000000000000000e+00
5.570000000000000e+01 0.000000000000000e+00
5.570000000000000e+01 0.000000000000000e+00
5.580000000000000e+01 0.000000000000000e+00
5.580000000000000e+01 0.000000000000000e+00
5.590000000000000e+01 0.000000000000000e+00
5.590000000000000e+01 0.000000000000000e+00
5.600000000000000e+01 0.000000000000000e+00
5.600000000000000e+01 0.000000000000000e+00
5.600000000000000e+01 -1.000000000000000e+00
5.610000000000000e+01 -1.000000000000000e+00
5.610000000000000e+01 0.000000000000000e+00
5.600000000000000e+01 0.000000000000000e+00
5.610000000000000e+01 0.000000000000000e+00
5.610000000000000e+01 0.000000000000000e+00
5.610000000000000e+01 -1.000000000000000e+00
5.620000000000000e+01 -1.000000000000000e+00
5.620000000000000e+01 0.000000000000000e+00
5.610000000000000e+01 0.000000000000000e+00
5.620000000000000e+01 0.000000000000000e+00
5.620000000000000e+01 0.000000000000000e+00
5.670000000000000e+01 0.000000000000000e+00
5.670000000000000e+01 0.000000000000000e+00
5.720000000000000e+01 0.000000000000000e+00
5.720000000000000e+01 0.000000000000000e+00
5.770000000000000e+01 0.000000000000000e+00
5.770000000000000e+01 0.000000000000000e+00
5.820000000000000e+01 0.000000000000000e+00
5.820000000000000e+01 0.000000000000000e+00
5.870000000000000e+01 0.000000000000000e+00
5.870000000000000e+01 0.000000000000000e+00
5.920000000000000e+01 0.000000000000000e+00
5.920000000000000e+01 0.000000000000000e+00
5.970000000000000e+01 0.000000000000000e+00
5.970000000000000e+01 0.000000000000000e+00
6.020000000000000e+01 0.000000000000000e+00
6.020000000000000e+01 0.000000000000000e+00
6.070000000000000e+01 0.000000000000000e+00
6.070000000000000e+01 0.000000000000000e+00
6.120000000000000e+01 0.000000000000000e+00
6.120000000000000e+01 0.000000000000000e+00
6.170000000000000e+01 0.000000000000000e+00
6.170000000000000e+01 0.000000000000000e+00
6.220000000000000e+01 0.000000000000000e+00
6.220000000000000e+01 0.000000000000000e+00
6.270000000000000e+01 0.000000000000000e+00
6.270000000000000e+01 0.000000000000000e+00
6.320000000000000e+01 0.000000000000000e+00
6.320000000000000e+01 0.000000000000000e+00
6.370000000000000e+01 0.000000000000000e+00
6.370000000000000e+01 0.000000000000000e+00
6.380000000000000e+01 0.000000000000000e+00
6.380000000000000e+01 0.000000000000000e+00
6.390000000000000e+01 0.000000000000000e+00
6.390000000000000e+01 0.000000000000000e+00
6.400000000000000e+01 0.000000000000000e+00
6.400000000000000e+01 0.000000000000000e+00
6.400000000000000e+01 1.000000000000000e+00
6.409999999999999e+01 1.000000000000000e+00
6.409999999999999e+01 0.000000000000000e+00
6.400000000000000e+01 0.000000000000000e+00
6.409999999999999e+01 0.000000000000000e+00
6.409999999999999e+01 0.000000000000000e+00
6.409999999999999e+01 1.000000000000000e+00
6.420000000000000e+01 1.000000000000000e+00
6.420000000000000e+01 0.000000000000000e+00
6.409999999999999e+01 0.000000000000000e+00
6.420000000000000e+01 0.000000000000000e+00
6.420000000000000e+01 0.000000000000000e+00
6.470000000000000e+01 0.000000000000000e+00
6.470000000000000e+01 0.000000000000000e+00
6.520000000000000e+01 0.000000000000000e+00
6.520000000000000e+01 0.000000000000000e+00
6.570000000000000e+01 0.000000000000000e+00
6.570000000000000e+01 0.000000000000000e+00
6.620000000000000e+01 0.000000000000000e+00
6.620000000000000e+01 0.000000000000000e+00
6.670000000000000e+01 0.000000000000000e+00
6.670000000000000e+01 0.000000000000000e+00
6.720000000000000e+01 0.000000000000000e+00
6.720000000000000e+01 0.000000000000000e+00
6.770000000000000e+01 0.000000000000000e+00
6.770000000000000e+01 0.000000000000000e+00
6.820000000000000e+01 0.000000000000000e+00
6.820000000000000e+01 0.000000000000000e+00
6.870000000000000e+01 0.000000000000000e+00
6.870000000000000e+01 0.000000000000000e+00
6.920000000000000e+01 0.000000000000000e+00
6.920000000000000e+01 0.000000000000000e+00
6.970000000000000e+01 0.000000000000000e+00
6.970000000000000e+01 0.000000000000000e+00
7.020000000000000e+01 0.000000000000000e+00
7.020000000000000e+01 0.000000000000000e+00
7.070000000000000e+01 0.000000000000000e+00
7.070000000000000e+01 0.000000000000000e+00
7.120000000000000e+01 0.000000000000000e+00
7.120000000000000e+01 0.000000000000000e+00
7.170000000000000e+01 0.000000000000000e+00
7.170000000000000e+01 0.000000000000000e+00
7.180000000000000e+01 0.000000000000000e+00
7.180000000000000e+01 0.000000000000000e+00
7.190000000000001e+01 0.000000000000000e+00
7.190000000000001e+01 0.000000000000000e+00
7.200000000000000e+01 0.000000000000000e+00
7.200000000000000e+01 0.000000000000000e+00
7.200000000000000e+01 -1.000000000000000e+00
7.209999999999999e+01 -1.000000000000000e+00
7.209999999999999e+01 0.000000000000000e+00
7.200000000000000e+01 0.000000000000000e+00
7.209999999999999e+01 0.000000000000000e+00
7.209999999999999e+01 0.000000000000000e+00
7.209999999999999e+01 -1.000000000000000e+00
7.220000000000000e+01 -1.000000000000000e+00
7.220000000000000e+01 0.000000000000000e+00
7.209999999999999e+01 0.000000000000000e+00
7.220000000000000e+01 0.000000000000000e+00
7.220000000000000e+01 0.000000000000000e+00
7.270000000000000e+01 0.000000000000000e+00
7.270000000000000e+01 0.000000000000000e+00
7.320000000000000e+01 0.000000000000000e+00
7.320000000000000e+01 0.000000000000000e+00
7.370000000000000e+01 0.000000000000000e+00
7.370000000000000e+01 0.000000000000000e+00
7.420000000000000e+01 0.000000000000000e+00
7.420000000000000e+01 0.000000000000000e+00
7.470000000000000e+01 0.000000000000000e+00
7.470000000000000e+01 0.000000000000000e+00
7.520000000000000e+01 0.000000000000000e+00
7.520000000000000e+01 0.000000000000000e+00
7.570000000000000e+01 0.000000000000000e+00
7.570000000000000e+01 0.000000000000000e+00
7.620000000000000e+01 0.000000000000000e+00
7.620000000000000e+01 0.000000000000000e+00
7.670000000000000e+01 0.000000000000000e+00
7.670000000000000e+01 0.000000000000000e+00
7.720000000000000e+01 0.000000000000000e+00
7.720000000000000e+01 0.000000000000000e+00
7.770000000000000e+01 0.000000000000000e+00
7.770000000000000e+01 0.000000000000000e+00
7.820000000000000e+01 0.000000000000000e+00
7.820000000000000e+01 0.000000000000000e+00
7.870000000000000e+01 0.000000000000000e+00
7.870000000000000e+01 0.000000000000000e+00
7.920000000000000e+01 0.000000000000000e+00
7.920000000000000e+01 0.000000000000000e+00
7.970000000000000e+01 0.000000000000000e+00
7.970000000000000e+01 0.000000000000000e+00
7.980000000000000e+01 0.000000000000000e+00
7.980000000000000e+01 0.000000000000000e+00
7.990000000000001e+01 0.000000000000000e+00
7.990000000000001e+01 0.000000000000000e+00
8.000000000000000e+01 0.000000000000000e+00
8.000000000000000e+01 0.000000000000000e+00
8.000000000000000e+01 1.000000000000000e+00
8.009999999999999e+01 1.000000000000000e+00
8.009999999999999e+01 0.000000000000000e+00
8.000000000000000e+01 0.000000000000000e+00
8.009999999999999e+01 0.000000000000000e+00
8.009999999999999e+01 0.000000000000000e+00
8.009999999999999e+01 1.000000000000000e+00
8.020000000000000e+01 1.000000000000000e+00
8.020000000000000e+01 0.000000000000000e+00
8.009999999999999e+01 0.000000000000000e+00
8.020000000000000e+01 0.000000000000000e+00
8.020000000000000e+01 0.000000000000000e+00
8.070000000000000e+01 0.000000000000000e+00
8.070000000000000e+01 0.000000000000000e+00
8.120000000000000e+01 0.000000000000000e+00
8.120000000000000e+01 0.000000000000000e+00
8.170000000000000e+01 0.000000000000000e+00
8.170000000000000e+01 0.000000000000000e+00
8.220000000000000e+01 0.000000000000000e+00
8.220000000000000e+01 0.000000000000000e+00
8.270000000000000e+01 0.000000000000000e+00
8.270000000000000e+01 0.000000000000000e+00
8.320000000000000e+01 0.000000000000000e+00
8.320000000000000e+01 0.000000000000000e+00
8.370000000000000e+01 0.000000000000000e+00
8.370000000000000e+01 0.000000000000000e+00
8.420000000000000e+01 0.000000000000000e+00
8.420000000000000e+01 0.000000000000000e+00
8.470000000000000e+01 0.000000000000000e+00
8.470000000000000e+01 0.000000000000000e+00
8.520000000000000e+01 0.000000000000000e+00
8.520000000000000e+01 0.000000000000000e+00
8.570000000000000e+01 0.000000000000000e+00
8.570000000000000e+01 0.000000000000000e+00
8.620000000000000e+01 0.000000000000000e+00
8.620000000000000e+01 0.000000000000000e+00
8.670000000000000e+01 0.000000000000000e+00
8.670000000000000e+01 0.000000000000000e+00
8.720000000000000e+01 0.000000000000000e+00
8.720000000000000e+01 0.000000000000000e+00
8.770000000000000e+01 0.000000000000000e+00
8.770000000000000e+01 0.000000000000000e+00
8.780000000000000e+01 0.000000000000000e+00
8.780000000000000e+01 0.000000000000000e+00
8.790000000000001e+01 0.000000000000000e+00
8.790000000000001e+01 0.000000000000000e+00
8.800000000000000e+01 0.000000000000000e+00
8.800000000000000e+01 0.000000000000000e+00
8.800000000000000e+01 -1.000000000000000e+00
8.809999999999999e+01 -1.000000000000000e+00
8.809999999999999e+01 0.000000000000000e+00
8.800000000000000e+01 0.000000000000000e+00
8.809999999999999e+01 0.000000000000000e+00
8.809999999999999e+01 0.000000000000000e+00
8.809999999999999e+01 -1.000000000000000e+00
8.820000000000000e+01 -1.000000000000000e+00
8.820000000000000e+01 0.000000000000000e+00
8.809999999999999e+01 0.000000000000000e+00
8.820000000000000e+01 0.000000000000000e+00
8.820000000000000e+01 0.000000000000000e+00
8.870000000000000e+01 0.000000000000000e+00
8.870000000000000e+01 0.000000000000000e+00
8.920000000000000e+01 0.000000000000000e+00
8.920000000000000e+01 0.000000000000000e+00
8.970000000000000e+01 0.000000000000000e+00
8.970000000000000e+01 0.000000000000000e+00
9.020000000000000e+01 0.000000000000000e+00
9.020000000000000e+01 0.000000000000000e+00
9.070000000000000e+01 0.000000000000000e+00
9.070000000000000e+01 0.000000000000000e+00
9.120000000000000e+01 0.000000000000000e+00
9.120000000000000e+01 0.000000000000000e+00
9.170000000000000e+01 0.000000000000000e+00
9.170000000000000e+01 0.000000000000000e+00
9.220000000000000e+01 0.000000000000000e+00
9.220000000000000e+01 0.000000000000000e+00
9.270000000000000e+01 0.000000000000000e+00
9.270000000000000e+01 0.000000000000000e+00
9.320000000000000e+01 0.000000000000000e+00
9.320000000000000e+01 0.000000000000000e+00
9.370000000000000e+01 0.000000000000000e+00
9.370000000000000e+01 0.000000000000000e+00
9.420000000000000e+01 0.000000000000000e+00
9.420000000000000e+01 0.000000000000000e+00
9.470000000000000e+01 0.000000000000000e+00
9.470000000000000e+01 0.000000000000000e+00
9.520000000000000e+01 0.000000000000000e+00
9.520000000000000e+01 0.000000000000000e+00
9.570000000000000e+01 0.000000000000000e+00
9.570000000000000e+01 0.000000000000000e+00
9.580000000000000e+01 0.000000000000000e+00
9.580000000000000e+01 0.000000000000000e+00
9.590000000000001e+01 0.000000000000000e+00
9.590000000000001e+01 0.000000000000000e+00
9.600000000000000e+01 0.000000000000000e+00
9.600000000000000e+01 0.000000000000000e+00
9.600000000000000e+01 1.000000000000000e+00
9.609999999999999e+01 1.000000000000000e+00
9.609999999999999e+01 0.000000000000000e+00
9.600000000000000e+01 0.000000000000000e+00
9.609999999999999e+01 0.000000000000000e+00
9.609999999999999e+01 0.000000000000000e+00
9.609999999999999e+01 1.000000000000000e+00
9.620000000000000e+01 1.000000000000000e+00
9.620000000000000e+01 0.000000000000000e+00
9.609999999999999e+01 0.000000000000000e+00
9.620000000000000e+01 0.000000000000000e+00
9.620000000000000e+01 0.000000000000000e+00
9.670000000000000e+01 0.000000000000000e+00
9.670000000000000e+01 0.000000000000000e+00
9.720000000000000e+01 0.000000000000000e+00
9.720000000000000e+01 0.000000000000000e+00
9.770000000000000e+01 0.000000000000000e+00
9.770000000000000e+01 0.000000000000000e+00
9.820000000000000e+01 0.000000000000000e+00
9.820000000000000e+01 0.000000000000000e+00
9.870000000000000e+01 0.000000000000000e+00
9.870000000000000e+01 0.000000000000000e+00
9.920000000000000e+01 0.000000000000000e+00
9.920000000000000e+01 0.000000000000000e+00
9.970000000000000e+01 0.000000000000000e+00
9.970000000000000e+01 0.000000000000000e+00
1.002000000000000e+02 0.000000000000000e+00
1.002000000000000e+02 0.000000000000000e+00
1.007000000000000e+02 0.000000000000000e+00
1.007000000000000e+02 0.000000000000000e+00
1.012000000000000e+02 0.000000000000000e+00
1.012000000000000e+02 0.000000000000000e+00
1.017000000000000e+02 0.000000000000000e+00
1.017000000000000e+02 0.000000000000000e+00
1.022000000000000e+02 0.000000000000000e+00
1.022000000000000e+02 0.000000000000000e+00
1.027000000000000e+02 0.000000000000000e+00
1.027000000000000e+02 0.000000000000000e+00
1.032000000000000e+02 0.000000000000000e+00
1.032000000000000e+02 0.000000000000000e+00
1.037000000000000e+02 0.000000000000000e+00
1.037000000000000e+02 0.000000000000000e+00
1.038000000000000e+02 0.000000000000000e+00
1.038000000000000e+02 0.000000000000000e+00
1.039000000000000e+02 0.000000000000000e+00
1.039000000000000e+02 0.000000000000000e+00
1.040000000000000e+02 0.000000000000000e+00
1.040000000000000e+02 0.000000000000000e+00
1.040000000000000e+02 -1.000000000000000e+00
1.041000000000000e+02 -1.000000000000000e+00
1.041000000000000e+02 0.000000000000000e+00
1.040000000000000e+02 0.000000000000000e+00
1.041000000000000e+02 0.000000000000000e+00
1.041000000000000e+02 0.000000000000000e+00
1.041000000000000e+02 -1.000000000000000e+00
1.042000000000000e+02 -1.000000000000000e+00
1.042000000000000e+02 0.000000000000000e+00
1.041000000000000e+02 0.000000000000000e+00
1.042000000000000e+02 0.000000000000000e+00
1.042000000000000e+02 0.000000000000000e+00
1.047000000000000e+02 0.000000000000000e+00
1.047000000000000e+02 0.000000000000000e+00
1.052000000000000e+02 0.000000000000000e+00
1.052000000000000e+02 0.000000000000000e+00
1.057000000000000e+02 0.000000000000000e+00
1.057000000000000e+02 0.000000000000000e+00
1.062000000000000e+02 0.000000000000000e+00
1.062000000000000e+02 0.000000000000000e+00
1.067000000000000e+02 0.000000000000000e+00
1.067000000000000e+02 0.000000000000000e+00
1.072000000000000e+02 0.000000000000000e+00
1.072000000000000e+02 0.000000000000000e+00
1.077000000000000e+02 0.000000000000000e+00
1.077000000000000e+02 0.000000000000000e+00
1.082000000000000e+02 0.000000000000000e+00
1.082000000000000e+02 0.000000000000000e+00
1.087000000000000e+02 0.000000000000000e+00
1.087000000000000e+02 0.000000000000000e+00
1.092000000000000e+02 0.000000000000000e+00
1.092000000000000e+02 0.000000000000000e+00
1.097000000000000e+02 0.000000000000000e+00
1.097000000000000e+02 0.000000000000000e+00
1.102000000000000e+02 0.000000000000000e+00
1.102000000000000e+02 0.000000000000000e+00
1.107000000000000e+02 0.000000000000000e+00
1.107000000000000e+02 0.000000000000000e+00
1.112000000000000e+02 0.000000000000000e+00
1.112000000000000e+02 0.000000000000000e+00
1.117000000000000e+02 0.000000000000000e+00
1.117000000000000e+02 0.000000000000000e+00
1.118000000000000e+02 0.000000000000000e+00
1.118000000000000e+02 0.000000000000000e+00
1.119000000000000e+02 0.000000000000000e+00
1.119000000000000e+02 0.000000000000000e+00
1.120000000000000e+02 0.000000000000000e+00
1.120000000000000e+02 0.000000000000000e+00
1.120000000000000e+02 1.000000000000000e+00
1.121000000000000e+02 1.000000000000000e+00
1.121000000000000e+02 0.000000000000000e+00
1.120000000000000e+02 0.000000000000000e+00
1.121000000000000e+02 0.000000000000000e+00
1.121000000000000e+02 0.000000000000000e+00
1.121000000000000e+02 1.000000000000000e+00
1.122000000000000e+02 1.000000000000000e+00
1.122000000000000e+02 0.000000000000000e+00
1.121000000000000e+02 0.000000000000000e+00
1.122000000000000e+02 0.000000000000000e+00
1.122000000000000e+02 0.000000000000000e+00
1.127000000000000e+02 0.000000000000000e+00
1.127000000000000e+02 0.000000000000000e+00
1.132000000000000e+02 0.000000000000000e+00
1.132000000000000e+02 0.000000000000000e+00
1.137000000000000e+02 0.000000000000000e+00
1.137000000000000e+02 0.000000000000000e+00
1.142000000000000e+02 0.000000000000000e+00
1.142000000000000e+02 0.000000000000000e+00
1.147000000000000e+02 0.000000000000000e+00
1.147000000000000e+02 0.000000000000000e+00
1.152000000000000e+02 0.000000000000000e+00
1.152000000000000e+02 0.000000000000000e+00
1.157000000000000e+02 0.000000000000000e+00
1.157000000000000e+02 0.000000000000000e+00
1.162000000000000e+02 0.000000000000000e+00
1.162000000000000e+02 0.000000000000000e+00
1.167000000000000e+02 0.000000000000000e+00
1.167000000000000e+02 0.000000000000000e+00
1.172000000000000e+02 0.000000000000000e+00
1.172000000000000e+02 0.000000000000000e+00
1.177000000000000e+02 0.000000000000000e+00
1.177000000000000e+02 0.000000000000000e+00
1.182000000000000e+02 0.000000000000000e+00
1.182000000000000e+02 0.000000000000000e+00
1.187000000000000e+02 0.000000000000000e+00
1.187000000000000e+02 0.000000000000000e+00
1.192000000000000e+02 0.000000000000000e+00
1.192000000000000e+02 0.000000000000000e+00
1.197000000000000e+02 0.000000000000000e+00
1.197000000000000e+02 0.000000000000000e+00
1.198000000000000e+02 0.000000000000000e+00
1.198000000000000e+02 0.000000000000000e+00
1.199000000000000e+02 0.000000000000000e+00
1.199000000000000e+02 0.000000000000000e+00
1.200000000000000e+02 0.000000000000000e+00
1.200000000000000e+02 0.000000000000000e+00
1.200000000000000e+02 -1.000000000000000e+00
1.201000000000000e+02 -1.000000000000000e+00
1.201000000000000e+02 0.000000000000000e+00
1.200000000000000e+02 0.000000000000000e+00
1.201000000000000e+02 0.000000000000000e+00
1.201000000000000e+02 0.000000000000000e+00
1.201000000000000e+02 -1.000000000000000e+00
1.202000000000000e+02 -1.000000000000000e+00
1.202000000000000e+02 0.000000000000000e+00
1.201000000000000e+02 0.000000000000000e+00
1.202000000000000e+02 0.000000000000000e+00
1.202000000000000e+02 0.000000000000000e+00
1.207000000000000e+02 0.000000000000000e+00
1.207000000000000e+02 0.000000000000000e+00
1.212000000000000e+02 0.000000000000000e+00
1.212000000000000e+02 0.000000000000000e+00
1.217000000000000e+02 0.000000000000000e+00
1.217000000000000e+02 0.000000000000000e+00
1.222000000000000e+02 0.000000000000000e+00
1.222000000000000e+02 0.000000000000000e+00
1.227000000000000e+02 0.000000000000000e+00
1.227000000000000e+02 0.000000000000000e+00
1.232000000000000e+02 0.000000000000000e+00
1.232000000000000e+02 0.000000000000000e+00
1.237000000000000e+02 0.000000000000000e+00
1.237000000000000e+02 0.000000000000000e+00
1.242000000000000e+02 0.000000000000000e+00
1.242000000000000e+02 0.000000000000000e+00
1.247000000000000e+02 0.000000000000000e+00
1.247000000000000e+02 0.000000000000000e+00
1.252000000000000e+02 0.000000000000000e+00
1.252000000000000e+02 0.000000000000000e+00
1.257000000000000e+02 0.000000000000000e+00
1.257000000000000e+02 0.000000000000000e+00
1.262000000000000e+02 0.000000000000000e+00
1.262000000000000e+02 0.000000000000000e+00
1.267000000000000e+02 0.000000000000000e+00
1.267000000000000e+02 0.000000000000000e+00
1.272000000000000e+02 0.000000000000000e+00
1.272000000000000e+02 0.000000000000000e+00
1.277000000000000e+02 0.000000000000000e+00
1.277000000000000e+02 0.000000000000000e+00
1.278000000000000e+02 0.000000000000000e+00
1.278000000000000e+02 0.000000000000000e+00
1.279000000000000e+02 0.000000000000000e+00
1.279000000000000e+02 0.000000000000000e+00
1.280000000000000e+02 0.000000000000000e+00
1.280000000000000e+02 0.000000000000000e+00
1.280000000000000e+02 1.000000000000000e+00
1.282000000000000e+02 1.000000000000000e+00
1.282000000000000e+02 0.000000000000000e+00
1.280000000000000e+02 0.000000000000000e+00
1.282000000000000e+02 0.000000000000000e+00
1.282000000000000e+02 0.000000000000000e+00
1.287000000000000e+02 0.000000000000000e+00
1.287000000000000e+02 0.000000000000000e+00
1.292000000000000e+02 0.000000000000000e+00
1.292000000000000e+02 0.000000000000000e+00
1.297000000000000e+02 0.000000000000000e+00
1.297000000000000e+02 0.000000000000000e+00
1.302000000000000e+02 0.000000000000000e+00
1.302000000000000e+02 0.000000000000000e+00
1.307000000000000e+02 0.000000000000000e+00
1.307000000000000e+02 0.000000000000000e+00
1.308000000000000e+02 0.000000000000000e+00
1.308000000000000e+02 0.000000000000000e+00
1.309000000000000e+02 0.000000000000000e+00
1.309000000000000e+02 0.000000000000000e+00
1.310000000000000e+02 0.000000000000000e+00
1.310000000000000e+02 0.000000000000000e+00
1.310000000000000e+02 -1.000000000000000e+00
1.312000000000000e+02 -1.000000000000000e+00
1.312000000000000e+02 0.000000000000000e+00
1.310000000000000e+02 0.000000000000000e+00
1.312000000000000e+02 0.000000000000000e+00
1.312000000000000e+02 0.000000000000000e+00
1.317000000000000e+02 0.000000000000000e+00
1.317000000000000e+02 0.000000000000000e+00
1.322000000000000e+02 0.000000000000000e+00
1.322000000000000e+02 0.000000000000000e+00
1.327000000000000e+02 0.000000000000000e+00
1.327000000000000e+02 0.000000000000000e+00
1.332000000000000e+02 0.000000000000000e+00
1.332000000000000e+02 0.000000000000000e+00
1.337000000000000e+02 0.000000000000000e+00
1.337000000000000e+02 0.000000000000000e+00
1.338000000000000e+02 0.000000000000000e+00
1.338000000000000e+02 0.000000000000000e+00
1.339000000000000e+02 0.000000000000000e+00
1.339000000000000e+02 0.000000000000000e+00
1.340000000000000e+02 0.000000000000000e+00
1.340000000000000e+02 0.000000000000000e+00
1.340000000000000e+02 1.000000000000000e+00
1.342000000000000e+02 1.000000000000000e+00
1.342000000000000e+02 0.000000000000000e+00
1.340000000000000e+02 0.000000000000000e+00
1.342000000000000e+02 0.000000000000000e+00
1.342000000000000e+02 0.000000000000000e+00
1.347000000000000e+02 0.000000000000000e+00
1.347000000000000e+02 0.000000000000000e+00
1.352000000000000e+02 0.000000000000000e+00
1.352000000000000e+02 0.000000000000000e+00
1.357000000000000e+02 0.000000000000000e+00
1.357000000000000e+02 0.000000000000000e+00
1.362000000000000e+02 0.000000000000000e+00
1.362000000000000e+02 0.000000000000000e+00
1.367000000000000e+02 0.000000000000000e+00
1.367000000000000e+02 0.000000000000000e+00
1.368000000000000e+02 0.000000000000000e+00
1.368000000000000e+02 0.000000000000000e+00
1.369000000000000e+02 0.000000000000000e+00
1.369000000000000e+02 0.000000000000000e+00
1.370000000000000e+02 0.000000000000000e+00
1.370000000000000e+02 0.000000000000000e+00
1.370000000000000e+02 -1.000000000000000e+00
1.372000000000000e+02 -1.000000000000000e+00
1.372000000000000e+02 0.000000000000000e+00
1.370000000000000e+02 0.000000000000000e+00
1.372000000000000e+02 0.000000000000000e+00
1.372000000000000e+02 0.000000000000000e+00
1.373000000000000e+02 0.000000000000000e+00
1.373000000000000e+02 0.000000000000000e+00
1.374000000000000e+02 0.000000000000000e+00
1.374000000000000e+02 0.000000000000000e+00
1.375000000000000e+02 0.000000000000000e+00
1.375000000000000e+02 0.000000000000000e+00
1.375000000000000e+02 0.000000000000000e+00
1.375000000000000e+02 3.333333300000000e-01
1.377500000000000e+02 3.333333300000000e-01
1.377500000000000e+02 0.000000000000000e+00
1.375000000000000e+02 0.000000000000000e+00
1.375000000000000e+02 0.000000000000000e+00
1.377500000000000e+02 0.000000000000000e+00
1.377500000000000e+02 0.000000000000000e+00
1.377500000000000e+02 0.000000000000000e+00
1.377500000000000e+02 3.333333300000000e-01
1.380000000000000e+02 3.333333300000000e-01
1.380000000000000e+02 0.000000000000000e+00
1.377500000000000e+02 0.000000000000000e+00
1.377500000000000e+02 0.000000000000000e+00
1.380000000000000e+02 0.000000000000000e+00
1.380000000000000e+02 0.000000000000000e+00
1.385000000000000e+02 0.000000000000000e+00
1.385000000000000e+02 0.000000000000000e+00
1.390000000000000e+02 0.000000000000000e+00
1.390000000000000e+02 0.000000000000000e+00
1.395000000000000e+02 0.000000000000000e+00
1.395000000000000e+02 0.000000000000000e+00
1.400000000000000e+02 0.000000000000000e+00
1.400000000000000e+02 0.000000000000000e+00
1.405000000000000e+02 0.000000000000000e+00
1.405000000000000e+02 0.000000000000000e+00
1.410000000000000e+02 0.000000000000000e+00
1.410000000000000e+02 0.000000000000000e+00
1.415000000000000e+02 0.000000000000000e+00
1.415000000000000e+02 0.000000000000000e+00
1.420000000000000e+02 0.000000000000000e+00
1.420000000000000e+02 0.000000000000000e+00
1.425000000000000e+02 0.000000000000000e+00
1.425000000000000e+02 0.000000000000000e+00
1.430000000000000e+02 0.000000000000000e+00
1.430000000000000e+02 0.000000000000000e+00
1.435000000000000e+02 0.000000000000000e+00
1.435000000000000e+02 0.000000000000000e+00
1.440000000000000e+02 0.000000000000000e+00
1.440000000000000e+02 0.000000000000000e+00
1.445000000000000e+02 0.000000000000000e+00
1.445000000000000e+02 0.000000000000000e+00
1.450000000000000e+02 0.000000000000000e+00
1.450000000000000e+02 0.000000000000000e+00
1.455000000000000e+02 0.000000000000000e+00
1.455000000000000e+02 0.000000000000000e+00
1.460000000000000e+02 0.000000000000000e+00
1.460000000000000e+02 0.000000000000000e+00
1.465000000000000e+02 0.000000000000000e+00
1.465000000000000e+02 0.000000000000000e+00
1.465000000000000e+02 1.000000000000000e+00
1.466500000000000e+02 1.000000000000000e+00
1.466500000000000e+02 0.000000000000000e+00
1.465000000000000e+02 0.000000000000000e+00
1.466500000000000e+02 0.000000000000000e+00
1.466500000000000e+02 0.000000000000000e+00
1.466500000000000e+02 0.000000000000000e+00
1.466500000000000e+02 1.000000000000000e+00
1.468000000000000e+02 1.000000000000000e+00
1.468000000000000e+02 0.000000000000000e+00
1.466500000000000e+02 0.000000000000000e+00
1.468000000000000e+02 0.000000000000000e+00
1.468000000000000e+02 0.000000000000000e+00
1.473000000000000e+02 0.000000000000000e+00
1.473000000000000e+02 0.000000000000000e+00
1.478000000000000e+02 0.000000000000000e+00
1.478000000000000e+02 0.000000000000000e+00
1.483000000000000e+02 0.000000000000000e+00
1.483000000000000e+02 0.000000000000000e+00
1.488000000000000e+02 0.000000000000000e+00
1.488000000000000e+02 0.000000000000000e+00
1.493000000000000e+02 0.000000000000000e+00
1.493000000000000e+02 0.000000000000000e+00
1.498000000000000e+02 0.000000000000000e+00
1.498000000000000e+02 0.000000000000000e+00
1.503000000000000e+02 0.000000000000000e+00
1.503000000000000e+02 0.000000000000000e+00
1.508000000000000e+02 0.000000000000000e+00
1.508000000000000e+02 0.000000000000000e+00
1.513000000000000e+02 0.000000000000000e+00
1.513000000000000e+02 0.000000000000000e+00
1.518000000000000e+02 0.000000000000000e+00
1.518000000000000e+02 0.000000000000000e+00
1.523000000000000e+02 0.000000000000000e+00
1.523000000000000e+02 0.000000000000000e+00
1.528000000000000e+02 0.000000000000000e+00
1.528000000000000e+02 0.000000000000000e+00
1.533000000000000e+02 0.000000000000000e+00
1.533000000000000e+02 0.000000000000000e+00
1.538000000000000e+02 0.000000000000000e+00
1.538000000000000e+02 0.000000000000000e+00
1.543000000000000e+02 0.000000000000000e+00
1.543000000000000e+02 0.000000000000000e+00
1.548000000000000e+02 0.000000000000000e+00
1.548000000000000e+02 0.000000000000000e+00
1.553000000000000e+02 0.000000000000000e+00
1.553000000000000e+02 0.000000000000000e+00
1.553000000000000e+02 3.333333300000000e-01
1.555500000000000e+02 3.333333300000000e-01
1.555500000000000e+02 0.000000000000000e+00
1.553000000000000e+02 0.000000000000000e+00
1.553000000000000e+02 0.000000000000000e+00
1.555500000000000e+02 0.000000000000000e+00
1.555500000000000e+02 0.000000000000000e+00
1.555500000000000e+02 0.000000000000000e+00
1.555500000000000e+02 3.333333300000000e-01
1.558000000000000e+02 3.333333300000000e-01
1.558000000000000e+02 0.000000000000000e+00
1.555500000000000e+02 0.000000000000000e+00
1.555500000000000e+02 0.000000000000000e+00
1.558000000000000e+02 0.000000000000000e+00
1.558000000000000e+02 0.000000000000000e+00
1.558000000000000e+02 0.000000000000000e+00
1.563000000000000e+02 0.000000000000000e+00
1.563000000000000e+02 0.000000000000000e+00
1.568000000000000e+02 0.000000000000000e+00
1.568000000000000e+02 0.000000000000000e+00
1.568000000000000e+02 -1.000000000000000e+00
1.569000000000000e+02 -1.000000000000000e+00
1.569000000000000e+02 0.000000000000000e+00
1.568000000000000e+02 0.000000000000000e+00
1.569000000000000e+02 0.000000000000000e+00
1.569000000000000e+02 0.000000000000000e+00
1.569000000000000e+02 -1.000000000000000e+00
1.570000000000000e+02 -1.000000000000000e+00
1.570000000000000e+02 0.000000000000000e+00
1.569000000000000e+02 0.000000000000000e+00
1.570000000000000e+02 0.000000000000000e+00
1.570000000000000e+02 0.000000000000000e+00
1.575000000000000e+02 0.000000000000000e+00
1.575000000000000e+02 0.000000000000000e+00
1.580000000000000e+02 0.000000000000000e+00
1.580000000000000e+02 0.000000000000000e+00
1.585000000000000e+02 0.000000000000000e+00
1.585000000000000e+02 0.000000000000000e+00
1.590000000000000e+02 0.000000000000000e+00
1.590000000000000e+02 0.000000000000000e+00
1.595000000000000e+02 0.000000000000000e+00
1.595000000000000e+02 0.000000000000000e+00
1.595000000000000e+02 -1.000000000000000e+00
1.596000000000000e+02 -1.000000000000000e+00
1.596000000000000e+02 0.000000000000000e+00
1.595000000000000e+02 0.000000000000000e+00
1.596000000000000e+02 0.000000000000000e+00
1.596000000000000e+02 0.000000000000000e+00
1.596000000000000e+02 -1.000000000000000e+00
1.597000000000000e+02 -1.000000000000000e+00
1.597000000000000e+02 0.000000000000000e+00
1.596000000000000e+02 0.000000000000000e+00
1.597000000000000e+02 0.000000000000000e+00
1.597000000000000e+02 0.000000000000000e+00
1.602000000000000e+02 0.000000000000000e+00
1.602000000000000e+02 0.000000000000000e+00
1.607000000000000e+02 0.000000000000000e+00
1.607000000000000e+02 0.000000000000000e+00
1.612000000000000e+02 0.000000000000000e+00
1.612000000000000e+02 0.000000000000000e+00
1.617000000000000e+02 0.000000000000000e+00
1.617000000000000e+02 0.000000000000000e+00
1.622000000000000e+02 0.000000000000000e+00
1.622000000000000e+02 0.000000000000000e+00
1.622000000000000e+02 1.000000000000000e+00
1.623000000000000e+02 1.000000000000000e+00
1.623000000000000e+02 0.000000000000000e+00
1.622000000000000e+02 0.000000000000000e+00
1.623000000000000e+02 0.000000000000000e+00
1.623000000000000e+02 0.000000000000000e+00
1.623000000000000e+02 1.000000000000000e+00
1.624000000000000e+02 1.000000000000000e+00
1.624000000000000e+02 0.000000000000000e+00
1.623000000000000e+02 0.000000000000000e+00
1.624000000000000e+02 0.000000000000000e+00
1.624000000000000e+02 0.000000000000000e+00
1.629000000000000e+02 0.000000000000000e+00
1.629000000000000e+02 0.000000000000000e+00
1.634000000000000e+02 0.000000000000000e+00
1.634000000000000e+02 0.000000000000000e+00
1.639000000000000e+02 0.000000000000000e+00
1.639000000000000e+02 0.000000000000000e+00
1.644000000000000e+02 0.000000000000000e+00
1.644000000000000e+02 0.000000000000000e+00
1.649000000000000e+02 0.000000000000000e+00
1.649000000000000e+02 0.000000000000000e+00
1.649000000000000e+02 -1.000000000000000e+00
1.650000000000000e+02 -1.000000000000000e+00
1.650000000000000e+02 0.000000000000000e+00
1.649000000000000e+02 0.000000000000000e+00
1.650000000000000e+02 0.000000000000000e+00
1.650000000000000e+02 0.000000000000000e+00
1.650000000000000e+02 -1.000000000000000e+00
1.651000000000000e+02 -1.000000000000000e+00
1.651000000000000e+02 0.000000000000000e+00
1.650000000000000e+02 0.000000000000000e+00
1.651000000000000e+02 0.000000000000000e+00
1.651000000000000e+02 0.000000000000000e+00
1.656000000000000e+02 0.000000000000000e+00
1.656000000000000e+02 0.000000000000000e+00
1.661000000000000e+02 0.000000000000000e+00
1.661000000000000e+02 0.000000000000000e+00
1.666000000000000e+02 0.000000000000000e+00
1.666000000000000e+02 0.000000000000000e+00
1.671000000000000e+02 0.000000000000000e+00
1.671000000000000e+02 0.000000000000000e+00
1.672000000000000e+02 0.000000000000000e+00
1.672000000000000e+02 0.000000000000000e+00
1.673000000000000e+02 0.000000000000000e+00
1.673000000000000e+02 0.000000000000000e+00
1.674000000000000e+02 0.000000000000000e+00
1.674000000000000e+02 0.000000000000000e+00
1.674226000000000e+02 0.000000000000000e+00
1.674226000000000e+02 0.000000000000000e+00
1.674226000000000e+02 0.000000000000000e+00
1.674451000000000e+02 0.000000000000000e+00
1.674451000000000e+02 0.000000000000000e+00
1.675451000000000e+02 0.000000000000000e+00
1.675451000000000e+02 0.000000000000000e+00
1.676451000000000e+02 0.000000000000000e+00
1.676451000000000e+02 0.000000000000000e+00
1.677451000000000e+02 0.000000000000000e+00
1.677451000000000e+02 0.000000000000000e+00
1.682451000000000e+02 0.000000000000000e+00
1.682451000000000e+02 0.000000000000000e+00
1.687451000000000e+02 0.000000000000000e+00
1.687451000000000e+02 0.000000000000000e+00
1.692451000000000e+02 0.000000000000000e+00
1.692451000000000e+02 0.000000000000000e+00
1.697451000000000e+02 0.000000000000000e+00
1.697451000000000e+02 0.000000000000000e+00
1.697451000000000e+02 -1.000000000000000e+00
1.698451000000000e+02 -1.000000000000000e+00
1.698451000000000e+02 0.000000000000000e+00
1.697451000000000e+02 0.000000000000000e+00
1.698451000000000e+02 0.000000000000000e+00
1.698451000000000e+02 0.000000000000000e+00
1.698451000000000e+02 -1.000000000000000e+00
1.699451000000000e+02 -1.000000000000000e+00
1.699451000000000e+02 0.000000000000000e+00
1.698451000000000e+02 0.000000000000000e+00
1.699451000000000e+02 0.000000000000000e+00
1.699451000000000e+02 0.000000000000000e+00
1.704451000000000e+02 0.000000000000000e+00
1.704451000000000e+02 0.000000000000000e+00
1.709451000000000e+02 0.000000000000000e+00
1.709451000000000e+02 0.000000000000000e+00
1.714451000000000e+02 0.000000000000000e+00
1.714451000000000e+02 0.000000000000000e+00
1.719451000000000e+02 0.000000000000000e+00
1.719451000000000e+02 0.000000000000000e+00
1.724451000000000e+02 0.000000000000000e+00
1.724451000000000e+02 0.000000000000000e+00
1.724451000000000e+02 1.000000000000000e+00
1.725451000000000e+02 1.000000000000000e+00
1.725451000000000e+02 0.000000000000000e+00
1.724451000000000e+02 0.000000000000000e+00
1.725451000000000e+02 0.000000000000000e+00
1.725451000000000e+02 0.000000000000000e+00
1.725451000000000e+02 1.000000000000000e+00
1.726451000000000e+02 1.000000000000000e+00
1.726451000000000e+02 0.000000000000000e+00
1.725451000000000e+02 0.000000000000000e+00
1.726451000000000e+02 0.000000000000000e+00
1.726451000000000e+02 0.000000000000000e+00
1.731451000000000e+02 0.000000000000000e+00
1.731451000000000e+02 0.000000000000000e+00
1.736451000000000e+02 0.000000000000000e+00
1.736451000000000e+02 0.000000000000000e+00
1.741451000000000e+02 0.000000000000000e+00
1.741451000000000e+02 0.000000000000000e+00
1.746451000000000e+02 0.000000000000000e+00
1.746451000000000e+02 0.000000000000000e+00
1.751451000000000e+02 0.000000000000000e+00
1.751451000000000e+02 0.000000000000000e+00
1.751451000000000e+02 -1.000000000000000e+00
1.752451000000000e+02 -1.000000000000000e+00
1.752451000000000e+02 0.000000000000000e+00
1.751451000000000e+02 0.000000000000000e+00
1.752451000000000e+02 0.000000000000000e+00
1.752451000000000e+02 0.000000000000000e+00
1.752451000000000e+02 -1.000000000000000e+00
1.753451000000000e+02 -1.000000000000000e+00
1.753451000000000e+02 0.000000000000000e+00
1.752451000000000e+02 0.000000000000000e+00
1.753451000000000e+02 0.000000000000000e+00
1.753451000000000e+02 0.000000000000000e+00
1.758451000000000e+02 0.000000000000000e+00
1.758451000000000e+02 0.000000000000000e+00
1.763451000000000e+02 0.000000000000000e+00
1.763451000000000e+02 0.000000000000000e+00
1.768451000000000e+02 0.000000000000000e+00
1.768451000000000e+02 0.000000000000000e+00
1.773451000000000e+02 0.000000000000000e+00
1.773451000000000e+02 0.000000000000000e+00
1.778451000000000e+02 0.000000000000000e+00
1.778451000000000e+02 0.000000000000000e+00
1.778451000000000e+02 -1.000000000000000e+00
1.779451000000000e+02 -1.000000000000000e+00
1.779451000000000e+02 0.000000000000000e+00
1.778451000000000e+02 0.000000000000000e+00
1.779451000000000e+02 0.000000000000000e+00
1.779451000000000e+02 0.000000000000000e+00
1.779451000000000e+02 -1.000000000000000e+00
1.780451000000000e+02 -1.000000000000000e+00
1.780451000000000e+02 0.000000000000000e+00
1.779451000000000e+02 0.000000000000000e+00
1.780451000000000e+02 0.000000000000000e+00
1.780451000000000e+02 0.000000000000000e+00
1.785451000000000e+02 0.000000000000000e+00
1.785451000000000e+02 0.000000000000000e+00
1.790451000000000e+02 0.000000000000000e+00
1.790451000000000e+02 0.000000000000000e+00
1.790451000000000e+02 0.000000000000000e+00
1.790451000000000e+02 -3.333333300000000e-01
1.792951000000000e+02 -3.333333300000000e-01
1.792951000000000e+02 0.000000000000000e+00
1.790451000000000e+02 0.000000000000000e+00
1.790451000000000e+02 0.000000000000000e+00
1.792951000000000e+02 0.000000000000000e+00
1.792951000000000e+02 0.000000000000000e+00
1.792951000000000e+02 0.000000000000000e+00
1.792951000000000e+02 -3.333333300000000e-01
1.795451000000000e+02 -3.333333300000000e-01
1.795451000000000e+02 0.000000000000000e+00
1.792951000000000e+02 0.000000000000000e+00
1.792951000000000e+02 0.000000000000000e+00
1.795451000000000e+02 0.000000000000000e+00
1.795451000000000e+02 0.000000000000000e+00
1.800451000000000e+02 0.000000000000000e+00
1.800451000000000e+02 0.000000000000000e+00
1.805451000000000e+02 0.000000000000000e+00
1.805451000000000e+02 0.000000000000000e+00
1.810451000000000e+02 0.000000000000000e+00
1.810451000000000e+02 0.000000000000000e+00
1.815451000000000e+02 0.000000000000000e+00
1.815451000000000e+02 0.000000000000000e+00
1.820451000000000e+02 0.000000000000000e+00
1.820451000000000e+02 0.000000000000000e+00
1.825451000000000e+02 0.000000000000000e+00
1.825451000000000e+02 0.000000000000000e+00
1.830451000000000e+02 0.000000000000000e+00
1.830451000000000e+02 0.000000000000000e+00
1.835451000000000e+02 0.000000000000000e+00
1.835451000000000e+02 0.000000000000000e+00
1.840451000000000e+02 0.000000000000000e+00
1.840451000000000e+02 0.000000000000000e+00
1.845451000000000e+02 0.000000000000000e+00
1.845451000000000e+02 0.000000000000000e+00
1.850451000000000e+02 0.000000000000000e+00
1.850451000000000e+02 0.000000000000000e+00
1.855451000000000e+02 0.000000000000000e+00
1.855451000000000e+02 0.000000000000000e+00
1.860451000000000e+02 0.000000000000000e+00
1.860451000000000e+02 0.000000000000000e+00
1.865451000000000e+02 0.000000000000000e+00
1.865451000000000e+02 0.000000000000000e+00
1.870451000000000e+02 0.000000000000000e+00
1.870451000000000e+02 0.000000000000000e+00
1.875451000000000e+02 0.000000000000000e+00
1.875451000000000e+02 0.000000000000000e+00
1.880451000000000e+02 0.000000000000000e+00
1.880451000000000e+02 0.000000000000000e+00
1.880451000000000e+02 1.000000000000000e+00
1.881951000000000e+02 1.000000000000000e+00
1.881951000000000e+02 0.000000000000000e+00
1.880451000000000e+02 0.000000000000000e+00
1.881951000000000e+02 0.000000000000000e+00
1.881951000000000e+02 0.000000000000000e+00
1.881951000000000e+02 0.000000000000000e+00
1.881951000000000e+02 1.000000000000000e+00
1.883451000000000e+02 1.000000000000000e+00
1.883451000000000e+02 0.000000000000000e+00
1.881951000000000e+02 0.000000000000000e+00
1.883451000000000e+02 0.000000000000000e+00
1.883451000000000e+02 0.000000000000000e+00
1.888451000000000e+02 0.000000000000000e+00
1.888451000000000e+02 0.000000000000000e+00
1.893451000000000e+02 0.000000000000000e+00
1.893451000000000e+02 0.000000000000000e+00
1.898451000000000e+02 0.000000000000000e+00
1.898451000000000e+02 0.000000000000000e+00
1.903451000000000e+02 0.000000000000000e+00
1.903451000000000e+02 0.000000000000000e+00
1.908451000000000e+02 0.000000000000000e+00
1.908451000000000e+02 0.000000000000000e+00
1.913451000000000e+02 0.000000000000000e+00
1.913451000000000e+02 0.000000000000000e+00
1.918451000000000e+02 0.000000000000000e+00
1.918451000000000e+02 0.000000000000000e+00
1.923451000000000e+02 0.000000000000000e+00
1.923451000000000e+02 0.000000000000000e+00
1.928451000000000e+02 0.000000000000000e+00
1.928451000000000e+02 0.000000000000000e+00
1.933451000000000e+02 0.000000000000000e+00
1.933451000000000e+02 0.000000000000000e+00
1.938451000000000e+02 0.000000000000000e+00
1.938451000000000e+02 0.000000000000000e+00
1.943451000000000e+02 0.000000000000000e+00
1.943451000000000e+02 0.000000000000000e+00
1.948451000000000e+02 0.000000000000000e+00
1.948451000000000e+02 0.000000000000000e+00
1.953451000000000e+02 0.000000000000000e+00
1.953451000000000e+02 0.000000000000000e+00
1.958451000000000e+02 0.000000000000000e+00
1.958451000000000e+02 0.000000000000000e+00
1.963451000000000e+02 0.000000000000000e+00
1.963451000000000e+02 0.000000000000000e+00
1.968451000000000e+02 0.000000000000000e+00
1.968451000000000e+02 0.000000000000000e+00
1.968451000000000e+02 -3.333333300000000e-01
1.970951000000000e+02 -3.333333300000000e-01
1.970951000000000e+02 0.000000000000000e+00
1.968451000000000e+02 0.000000000000000e+00
1.968451000000000e+02 0.000000000000000e+00
1.970951000000000e+02 0.000000000000000e+00
1.970951000000000e+02 0.000000000000000e+00
1.970951000000000e+02 0.000000000000000e+00
1.970951000000000e+02 -3.333333300000000e-01
1.973451000000000e+02 -3.333333300000000e-01
1.973451000000000e+02 0.000000000000000e+00
1.970951000000000e+02 0.000000000000000e+00
1.970951000000000e+02 0.000000000000000e+00
1.973451000000000e+02 0.000000000000000e+00
1.973451000000000e+02 0.000000000000000e+00
1.974451000000000e+02 0.000000000000000e+00
1.974451000000000e+02 0.000000000000000e+00
1.975451000000000e+02 0.000000000000000e+00
1.975451000000000e+02 0.000000000000000e+00
1.976451000000000e+02 0.000000000000000e+00
1.976451000000000e+02 0.000000000000000e+00
1.976451000000000e+02 -1.000000000000000e+00
1.978451000000000e+02 -1.000000000000000e+00
1.978451000000000e+02 0.000000000000000e+00
1.976451000000000e+02 0.000000000000000e+00
1.978451000000000e+02 0.000000000000000e+00
1.978451000000000e+02 0.000000000000000e+00
1.979451000000000e+02 0.000000000000000e+00
1.979451000000000e+02 0.000000000000000e+00
1.980451000000000e+02 0.000000000000000e+00
1.980451000000000e+02 0.000000000000000e+00
1.981451000000000e+02 0.000000000000000e+00
1.981451000000000e+02 0.000000000000000e+00
1.986451000000000e+02 0.000000000000000e+00
1.986451000000000e+02 0.000000000000000e+00
1.991451000000000e+02 0.000000000000000e+00
1.991451000000000e+02 0.000000000000000e+00
1.996451000000000e+02 0.000000000000000e+00
1.996451000000000e+02 0.000000000000000e+00
2.001451000000000e+02 0.000000000000000e+00
2.001451000000000e+02 0.000000000000000e+00
2.006451000000000e+02 0.000000000000000e+00
2.006451000000000e+02 0.000000000000000e+00
2.006451000000000e+02 1.000000000000000e+00
2.008451000000000e+02 1.000000000000000e+00
2.008451000000000e+02 0.000000000000000e+00
2.006451000000000e+02 0.000000000000000e+00
2.008451000000000e+02 0.000000000000000e+00
2.008451000000000e+02 0.000000000000000e+00
2.009451000000000e+02 0.000000000000000e+00
2.009451000000000e+02 0.000000000000000e+00
2.010451000000000e+02 0.000000000000000e+00
2.010451000000000e+02 0.000000000000000e+00
2.011451000000000e+02 0.000000000000000e+00
2.011451000000000e+02 0.000000000000000e+00
2.016451000000000e+02 0.000000000000000e+00
2.016451000000000e+02 0.000000000000000e+00
2.021451000000000e+02 0.000000000000000e+00
2.021451000000000e+02 0.000000000000000e+00
2.026451000000000e+02 0.000000000000000e+00
2.026451000000000e+02 0.000000000000000e+00
2.031451000000000e+02 0.000000000000000e+00
2.031451000000000e+02 0.000000000000000e+00
2.036451000000000e+02 0.000000000000000e+00
2.036451000000000e+02 0.000000000000000e+00
2.036451000000000e+02 -1.000000000000000e+00
2.038451000000000e+02 -1.000000000000000e+00
2.038451000000000e+02 0.000000000000000e+00
2.036451000000000e+02 0.000000000000000e+00
2.038451000000000e+02 0.000000000000000e+00
2.038451000000000e+02 0.000000000000000e+00
2.039451000000000e+02 0.000000000000000e+00
2.039451000000000e+02 0.000000000000000e+00
2.040451000000000e+02 0.000000000000000e+00
2.040451000000000e+02 0.000000000000000e+00
2.041451000000000e+02 0.000000000000000e+00
2.041451000000000e+02 0.000000000000000e+00
2.046451000000000e+02 0.000000000000000e+00
2.046451000000000e+02 0.000000000000000e+00
2.051451000000000e+02 0.000000000000000e+00
2.051451000000000e+02 0.000000000000000e+00
2.056451000000000e+02 0.000000000000000e+00
2.056451000000000e+02 0.000000000000000e+00
2.061451000000000e+02 0.000000000000000e+00
2.061451000000000e+02 0.000000000000000e+00
2.066451000000000e+02 0.000000000000000e+00
2.066451000000000e+02 0.000000000000000e+00
2.066451000000000e+02 1.000000000000000e+00
2.068451000000000e+02 1.000000000000000e+00
2.068451000000000e+02 0.000000000000000e+00
2.066451000000000e+02 0.000000000000000e+00
2.068451000000000e+02 0.000000000000000e+00
2.068451000000000e+02 0.000000000000000e+00
2.069451000000000e+02 0.000000000000000e+00
2.069451000000000e+02 0.000000000000000e+00
2.070451000000000e+02 0.000000000000000e+00
2.070451000000000e+02 0.000000000000000e+00
2.071451000000000e+02 0.000000000000000e+00
2.071451000000000e+02 0.000000000000000e+00
2.076451000000000e+02 0.000000000000000e+00
2.076451000000000e+02 0.000000000000000e+00
2.081451000000000e+02 0.000000000000000e+00
2.081451000000000e+02 0.000000000000000e+00
2.086451000000000e+02 0.000000000000000e+00
2.086451000000000e+02 0.000000000000000e+00
2.091451000000000e+02 0.000000000000000e+00
2.091451000000000e+02 0.000000000000000e+00
2.096451000000000e+02 0.000000000000000e+00
2.096451000000000e+02 0.000000000000000e+00
2.101451000000000e+02 0.000000000000000e+00
2.101451000000000e+02 0.000000000000000e+00
2.106451000000000e+02 0.000000000000000e+00
2.106451000000000e+02 0.000000000000000e+00
2.111451000000000e+02 0.000000000000000e+00
2.111451000000000e+02 0.000000000000000e+00
2.116451000000000e+02 0.000000000000000e+00
2.116451000000000e+02 0.000000000000000e+00
2.121451000000000e+02 0.000000000000000e+00
2.121451000000000e+02 0.000000000000000e+00
2.126451000000000e+02 0.000000000000000e+00
2.126451000000000e+02 0.000000000000000e+00
2.131451000000000e+02 0.000000000000000e+00
2.131451000000000e+02 0.000000000000000e+00
2.136451000000000e+02 0.000000000000000e+00
2.136451000000000e+02 0.000000000000000e+00
2.141451000000000e+02 0.000000000000000e+00
2.141451000000000e+02 0.000000000000000e+00
2.146451000000000e+02 0.000000000000000e+00
2.146451000000000e+02 0.000000000000000e+00
2.146451000000000e+02 -1.000000000000000e+00
2.147451000000000e+02 -1.000000000000000e+00
2.147451000000000e+02 0.000000000000000e+00
2.146451000000000e+02 0.000000000000000e+00
2.147451000000000e+02 0.000000000000000e+00
2.147451000000000e+02 0.000000000000000e+00
2.147451000000000e+02 -1.000000000000000e+00
2.148451000000000e+02 -1.000000000000000e+00
2.148451000000000e+02 0.000000000000000e+00
2.147451000000000e+02 0.000000000000000e+00
2.148451000000000e+02 0.000000000000000e+00
2.148451000000000e+02 0.000000000000000e+00
2.149451000000000e+02 0.000000000000000e+00
2.149451000000000e+02 0.000000000000000e+00
2.150451000000000e+02 0.000000000000000e+00
2.150451000000000e+02 0.000000000000000e+00
2.151451000000000e+02 0.000000000000000e+00
2.151451000000000e+02 0.000000000000000e+00
2.156451000000000e+02 0.000000000000000e+00
2.156451000000000e+02 0.000000000000000e+00
2.161451000000000e+02 0.000000000000000e+00
2.161451000000000e+02 0.000000000000000e+00
2.166451000000000e+02 0.000000000000000e+00
2.166451000000000e+02 0.000000000000000e+00
2.171451000000000e+02 0.000000000000000e+00
2.171451000000000e+02 0.000000000000000e+00
2.176451000000000e+02 0.000000000000000e+00
2.176451000000000e+02 0.000000000000000e+00
2.181451000000000e+02 0.000000000000000e+00
2.181451000000000e+02 0.000000000000000e+00
2.186451000000000e+02 0.000000000000000e+00
2.186451000000000e+02 0.000000000000000e+00
2.191451000000000e+02 0.000000000000000e+00
2.191451000000000e+02 0.000000000000000e+00
2.196451000000000e+02 0.000000000000000e+00
2.196451000000000e+02 0.000000000000000e+00
2.201451000000000e+02 0.000000000000000e+00
2.201451000000000e+02 0.000000000000000e+00
2.206451000000000e+02 0.000000000000000e+00
2.206451000000000e+02 0.000000000000000e+00
2.211451000000000e+02 0.000000000000000e+00
2.211451000000000e+02 0.000000000000000e+00
2.216451000000000e+02 0.000000000000000e+00
2.216451000000000e+02 0.000000000000000e+00
2.221451000000000e+02 0.000000000000000e+00
2.221451000000000e+02 0.000000000000000e+00
2.226451000000000e+02 0.000000000000000e+00
2.226451000000000e+02 0.000000000000000e+00
2.226451000000000e+02 1.000000000000000e+00
2.227451000000000e+02 1.000000000000000e+00
2.227451000000000e+02 0.000000000000000e+00
2.226451000000000e+02 0.000000000000000e+00
2.227451000000000e+02 0.000000000000000e+00
2.227451000000000e+02 0.000000000000000e+00
2.227451000000000e+02 1.000000000000000e+00
2.228451000000000e+02 1.000000000000000e+00
2.228451000000000e+02 0.000000000000000e+00
2.227451000000000e+02 0.000000000000000e+00
2.228451000000000e+02 0.000000000000000e+00
2.228451000000000e+02 0.000000000000000e+00
2.229451000000000e+02 0.000000000000000e+00
2.229451000000000e+02 0.000000000000000e+00
2.230451000000000e+02 0.000000000000000e+00
2.230451000000000e+02 0.000000000000000e+00
2.231451000000000e+02 0.000000000000000e+00
2.231451000000000e+02 0.000000000000000e+00
2.236451000000000e+02 0.000000000000000e+00
2.236451000000000e+02 0.000000000000000e+00
2.241451000000000e+02 0.000000000000000e+00
2.241451000000000e+02 0.000000000000000e+00
2.246451000000000e+02 0.000000000000000e+00
2.246451000000000e+02 0.000000000000000e+00
2.251451000000000e+02 0.000000000000000e+00
2.251451000000000e+02 0.000000000000000e+00
2.256451000000000e+02 0.000000000000000e+00
2.256451000000000e+02 0.000000000000000e+00
2.261451000000000e+02 0.000000000000000e+00
2.261451000000000e+02 0.000000000000000e+00
2.266451000000000e+02 0.000000000000000e+00
2.266451000000000e+02 0.000000000000000e+00
2.271451000000000e+02 0.000000000000000e+00
2.271451000000000e+02 0.000000000000000e+00
2.276451000000000e+02 0.000000000000000e+00
2.276451000000000e+02 0.000000000000000e+00
2.281451000000000e+02 0.000000000000000e+00
2.281451000000000e+02 0.000000000000000e+00
2.286451000000000e+02 0.000000000000000e+00
2.286451000000000e+02 0.000000000000000e+00
2.291451000000000e+02 0.000000000000000e+00
2.291451000000000e+02 0.000000000000000e+00
2.296451000000000e+02 0.000000000000000e+00
2.296451000000000e+02 0.000000000000000e+00
2.301451000000000e+02 0.000000000000000e+00
2.301451000000000e+02 0.000000000000000e+00
2.306451000000000e+02 0.000000000000000e+00
2.306451000000000e+02 0.000000000000000e+00
2.306451000000000e+02 -1.000000000000000e+00
2.307451000000000e+02 -1.000000000000000e+00
2.307451000000000e+02 0.000000000000000e+00
2.306451000000000e+02 0.000000000000000e+00
2.307451000000000e+02 0.000000000000000e+00
2.307451000000000e+02 0.000000000000000e+00
2.307451000000000e+02 -1.000000000000000e+00
2.308451000000000e+02 -1.000000000000000e+00
2.308451000000000e+02 0.000000000000000e+00
2.307451000000000e+02 0.000000000000000e+00
2.308451000000000e+02 0.000000000000000e+00
2.308451000000000e+02 0.000000000000000e+00
2.309451000000000e+02 0.000000000000000e+00
2.309451000000000e+02 0.000000000000000e+00
2.310451000000000e+02 0.000000000000000e+00
2.310451000000000e+02 0.000000000000000e+00
2.311451000000000e+02 0.000000000000000e+00
2.311451000000000e+02 0.000000000000000e+00
2.316451000000000e+02 0.000000000000000e+00
2.316451000000000e+02 0.000000000000000e+00
2.321451000000000e+02 0.000000000000000e+00
2.321451000000000e+02 0.000000000000000e+00
2.326451000000000e+02 0.000000000000000e+00
2.326451000000000e+02 0.000000000000000e+00
2.331451000000000e+02 0.000000000000000e+00
2.331451000000000e+02 0.000000000000000e+00
2.336451000000000e+02 0.000000000000000e+00
2.336451000000000e+02 0.000000000000000e+00
2.341451000000000e+02 0.000000000000000e+00
2.341451000000000e+02 0.000000000000000e+00
2.346451000000000e+02 0.000000000000000e+00
2.346451000000000e+02 0.000000000000000e+00
2.351451000000000e+02 0.000000000000000e+00
2.351451000000000e+02 0.000000000000000e+00
2.356451000000000e+02 0.000000000000000e+00
2.356451000000000e+02 0.000000000000000e+00
2.361451000000000e+02 0.000000000000000e+00
2.361451000000000e+02 0.000000000000000e+00
2.366451000000000e+02 0.000000000000000e+00
2.366451000000000e+02 0.000000000000000e+00
2.371451000000000e+02 0.000000000000000e+00
2.371451000000000e+02 0.000000000000000e+00
2.376451000000000e+02 0.000000000000000e+00
2.376451000000000e+02 0.000000000000000e+00
2.381451000000000e+02 0.000000000000000e+00
2.381451000000000e+02 0.000000000000000e+00
2.386451000000000e+02 0.000000000000000e+00
2.386451000000000e+02 0.000000000000000e+00
2.386451000000000e+02 1.000000000000000e+00
2.387451000000000e+02 1.000000000000000e+00
2.387451000000000e+02 0.000000000000000e+00
2.386451000000000e+02 0.000000000000000e+00
2.387451000000000e+02 0.000000000000000e+00
2.387451000000000e+02 0.000000000000000e+00
2.387451000000000e+02 1.000000000000000e+00
2.388451000000000e+02 1.000000000000000e+00
2.388451000000000e+02 0.000000000000000e+00
2.387451000000000e+02 0.000000000000000e+00
2.388451000000000e+02 0.000000000000000e+00
2.388451000000000e+02 0.000000000000000e+00
2.389451000000000e+02 0.000000000000000e+00
2.389451000000000e+02 0.000000000000000e+00
2.390451000000000e+02 0.000000000000000e+00
2.390451000000000e+02 0.000000000000000e+00
2.391451000000000e+02 0.000000000000000e+00
2.391451000000000e+02 0.000000000000000e+00
2.396451000000000e+02 0.000000000000000e+00
2.396451000000000e+02 0.000000000000000e+00
2.401451000000000e+02 0.000000000000000e+00
2.401451000000000e+02 0.000000000000000e+00
2.406451000000000e+02 0.000000000000000e+00
2.406451000000000e+02 0.000000000000000e+00
2.411451000000000e+02 0.000000000000000e+00
2.411451000000000e+02 0.000000000000000e+00
2.416451000000000e+02 0.000000000000000e+00
2.416451000000000e+02 0.000000000000000e+00
2.421451000000000e+02 0.000000000000000e+00
2.421451000000000e+02 0.000000000000000e+00
2.426451000000000e+02 0.000000000000000e+00
2.426451000000000e+02 0.000000000000000e+00
2.431451000000000e+02 0.000000000000000e+00
2.431451000000000e+02 0.000000000000000e+00
2.436451000000000e+02 0.000000000000000e+00
2.436451000000000e+02 0.000000000000000e+00
2.441451000000000e+02 0.000000000000000e+00
2.441451000000000e+02 0.000000000000000e+00
2.446451000000000e+02 0.000000000000000e+00
2.446451000000000e+02 0.000000000000000e+00
2.451451000000000e+02 0.000000000000000e+00
2.451451000000000e+02 0.000000000000000e+00
2.456451000000000e+02 0.000000000000000e+00
2.456451000000000e+02 0.000000000000000e+00
2.461451000000000e+02 0.000000000000000e+00
2.461451000000000e+02 0.000000000000000e+00
2.466451000000000e+02 0.000000000000000e+00
2.466451000000000e+02 0.000000000000000e+00
2.466451000000000e+02 -1.000000000000000e+00
2.467451000000000e+02 -1.000000000000000e+00
2.467451000000000e+02 0.000000000000000e+00
2.466451000000000e+02 0.000000000000000e+00
2.467451000000000e+02 0.000000000000000e+00
2.467451000000000e+02 0.000000000000000e+00
2.467451000000000e+02 -1.000000000000000e+00
2.468451000000000e+02 -1.000000000000000e+00
2.468451000000000e+02 0.000000000000000e+00
2.467451000000000e+02 0.000000000000000e+00
2.468451000000000e+02 0.000000000000000e+00
2.468451000000000e+02 0.000000000000000e+00
2.469451000000000e+02 0.000000000000000e+00
2.469451000000000e+02 0.000000000000000e+00
2.470451000000000e+02 0.000000000000000e+00
2.470451000000000e+02 0.000000000000000e+00
2.471451000000000e+02 0.000000000000000e+00
2.471451000000000e+02 0.000000000000000e+00
2.476451000000000e+02 0.000000000000000e+00
2.476451000000000e+02 0.000000000000000e+00
2.481451000000000e+02 0.000000000000000e+00
2.481451000000000e+02 0.000000000000000e+00
2.486451000000000e+02 0.000000000000000e+00
2.486451000000000e+02 0.000000000000000e+00
2.491451000000000e+02 0.000000000000000e+00
2.491451000000000e+02 0.000000000000000e+00
2.496451000000000e+02 0.000000000000000e+00
2.496451000000000e+02 0.000000000000000e+00
2.501451000000000e+02 0.000000000000000e+00
2.501451000000000e+02 0.000000000000000e+00
2.506451000000000e+02 0.000000000000000e+00
2.506451000000000e+02 0.000000000000000e+00
2.511451000000000e+02 0.000000000000000e+00
2.511451000000000e+02 0.000000000000000e+00
2.516451000000000e+02 0.000000000000000e+00
2.516451000000000e+02 0.000000000000000e+00
2.521451000000000e+02 0.000000000000000e+00
2.521451000000000e+02 0.000000000000000e+00
2.526451000000000e+02 0.000000000000000e+00
2.526451000000000e+02 0.000000000000000e+00
2.531451000000000e+02 0.000000000000000e+00
2.531451000000000e+02 0.000000000000000e+00
2.536451000000000e+02 0.000000000000000e+00
2.536451000000000e+02 0.000000000000000e+00
2.541451000000000e+02 0.000000000000000e+00
2.541451000000000e+02 0.000000000000000e+00
2.546451000000000e+02 0.000000000000000e+00
2.546451000000000e+02 0.000000000000000e+00
2.546451000000000e+02 1.000000000000000e+00
2.547451000000000e+02 1.000000000000000e+00
2.547451000000000e+02 0.000000000000000e+00
2.546451000000000e+02 0.000000000000000e+00
2.547451000000000e+02 0.000000000000000e+00
2.547451000000000e+02 0.000000000000000e+00
2.547451000000000e+02 1.000000000000000e+00
2.548451000000000e+02 1.000000000000000e+00
2.548451000000000e+02 0.000000000000000e+00
2.547451000000000e+02 0.000000000000000e+00
2.548451000000000e+02 0.000000000000000e+00
2.548451000000000e+02 0.000000000000000e+00
2.549451000000000e+02 0.000000000000000e+00
2.549451000000000e+02 0.000000000000000e+00
2.550451000000000e+02 0.000000000000000e+00
2.550451000000000e+02 0.000000000000000e+00
2.551451000000000e+02 0.000000000000000e+00
2.551451000000000e+02 0.000000000000000e+00
2.556451000000000e+02 0.000000000000000e+00
2.556451000000000e+02 0.000000000000000e+00
2.561451000000000e+02 0.000000000000000e+00
2.561451000000000e+02 0.000000000000000e+00
2.566451000000000e+02 0.000000000000000e+00
2.566451000000000e+02 0.000000000000000e+00
2.571451000000000e+02 0.000000000000000e+00
2.571451000000000e+02 0.000000000000000e+00
2.576451000000000e+02 0.000000000000000e+00
2.576451000000000e+02 0.000000000000000e+00
2.581451000000000e+02 0.000000000000000e+00
2.581451000000000e+02 0.000000000000000e+00
2.586451000000000e+02 0.000000000000000e+00
2.586451000000000e+02 0.000000000000000e+00
2.591451000000000e+02 0.000000000000000e+00
2.591451000000000e+02 0.000000000000000e+00
2.596451000000000e+02 0.000000000000000e+00
2.596451000000000e+02 0.000000000000000e+00
2.601451000000000e+02 0.000000000000000e+00
2.601451000000000e+02 0.000000000000000e+00
2.606451000000000e+02 0.000000000000000e+00
2.606451000000000e+02 0.000000000000000e+00
2.611451000000000e+02 0.000000000000000e+00
2.611451000000000e+02 0.000000000000000e+00
2.616451000000000e+02 0.000000000000000e+00
2.616451000000000e+02 0.000000000000000e+00
2.621451000000000e+02 0.000000000000000e+00
2.621451000000000e+02 0.000000000000000e+00
2.626451000000000e+02 0.000000000000000e+00
2.626451000000000e+02 0.000000000000000e+00
2.626451000000000e+02 -1.000000000000000e+00
2.627451000000000e+02 -1.000000000000000e+00
2.627451000000000e+02 0.000000000000000e+00
2.626451000000000e+02 0.000000000000000e+00
2.627451000000000e+02 0.000000000000000e+00
2.627451000000000e+02 0.000000000000000e+00
2.627451000000000e+02 -1.000000000000000e+00
2.628451000000000e+02 -1.000000000000000e+00
2.628451000000000e+02 0.000000000000000e+00
2.627451000000000e+02 0.000000000000000e+00
2.628451000000000e+02 0.000000000000000e+00
2.628451000000000e+02 0.000000000000000e+00
2.629451000000000e+02 0.000000000000000e+00
2.629451000000000e+02 0.000000000000000e+00
2.630451000000000e+02 0.000000000000000e+00
2.630451000000000e+02 0.000000000000000e+00
2.631451000000000e+02 0.000000000000000e+00
2.631451000000000e+02 0.000000000000000e+00
2.636451000000000e+02 0.000000000000000e+00
2.636451000000000e+02 0.000000000000000e+00
2.641451000000000e+02 0.000000000000000e+00
2.641451000000000e+02 0.000000000000000e+00
2.646451000000000e+02 0.000000000000000e+00
2.646451000000000e+02 0.000000000000000e+00
2.651451000000000e+02 0.000000000000000e+00
2.651451000000000e+02 0.000000000000000e+00
2.656451000000000e+02 0.000000000000000e+00
2.656451000000000e+02 0.000000000000000e+00
2.661451000000000e+02 0.000000000000000e+00
2.661451000000000e+02 0.000000000000000e+00
2.666451000000000e+02 0.000000000000000e+00
2.666451000000000e+02 0.000000000000000e+00
2.671451000000000e+02 0.000000000000000e+00
2.671451000000000e+02 0.000000000000000e+00
2.676451000000000e+02 0.000000000000000e+00
2.676451000000000e+02 0.000000000000000e+00
2.681451000000000e+02 0.000000000000000e+00
2.681451000000000e+02 0.000000000000000e+00
2.686451000000000e+02 0.000000000000000e+00
2.686451000000000e+02 0.000000000000000e+00
2.691451000000000e+02 0.000000000000000e+00
2.691451000000000e+02 0.000000000000000e+00
2.696451000000000e+02 0.000000000000000e+00
2.696451000000000e+02 0.000000000000000e+00
2.701451000000000e+02 0.000000000000000e+00
2.701451000000000e+02 0.000000000000000e+00
2.706451000000000e+02 0.000000000000000e+00
2.706451000000000e+02 0.000000000000000e+00
2.706451000000000e+02 1.000000000000000e+00
2.707451000000000e+02 1.000000000000000e+00
2.707451000000000e+02 0.000000000000000e+00
2.706451000000000e+02 0.000000000000000e+00
2.707451000000000e+02 0.000000000000000e+00
2.707451000000000e+02 0.000000000000000e+00
2.707451000000000e+02 1.000000000000000e+00
2.708451000000000e+02 1.000000000000000e+00
2.708451000000000e+02 0.000000000000000e+00
2.707451000000000e+02 0.000000000000000e+00
2.708451000000000e+02 0.000000000000000e+00
2.708451000000000e+02 0.000000000000000e+00
2.709451000000000e+02 0.000000000000000e+00
2.709451000000000e+02 0.000000000000000e+00
2.710451000000000e+02 0.000000000000000e+00
2.710451000000000e+02 0.000000000000000e+00
2.711451000000000e+02 0.000000000000000e+00
2.711451000000000e+02 0.000000000000000e+00
2.716451000000000e+02 0.000000000000000e+00
2.716451000000000e+02 0.000000000000000e+00
2.721451000000000e+02 0.000000000000000e+00
2.721451000000000e+02 0.000000000000000e+00
2.726451000000000e+02 0.000000000000000e+00
2.726451000000000e+02 0.000000000000000e+00
2.731451000000000e+02 0.000000000000000e+00
2.731451000000000e+02 0.000000000000000e+00
2.736451000000000e+02 0.000000000000000e+00
2.736451000000000e+02 0.000000000000000e+00
2.741451000000000e+02 0.000000000000000e+00
2.741451000000000e+02 0.000000000000000e+00
2.746451000000000e+02 0.000000000000000e+00
2.746451000000000e+02 0.000000000000000e+00
2.751451000000000e+02 0.000000000000000e+00
2.751451000000000e+02 0.000000000000000e+00
2.756451000000000e+02 0.000000000000000e+00
2.756451000000000e+02 0.000000000000000e+00
2.761451000000000e+02 0.000000000000000e+00
2.761451000000000e+02 0.000000000000000e+00
2.766451000000000e+02 0.000000000000000e+00
2.766451000000000e+02 0.000000000000000e+00
2.771451000000000e+02 0.000000000000000e+00
2.771451000000000e+02 0.000000000000000e+00
2.776451000000000e+02 0.000000000000000e+00
2.776451000000000e+02 0.000000000000000e+00
2.781451000000000e+02 0.000000000000000e+00
2.781451000000000e+02 0.000000000000000e+00
2.786451000000000e+02 0.000000000000000e+00
2.786451000000000e+02 0.000000000000000e+00
2.786451000000000e+02 -1.000000000000000e+00
2.787451000000000e+02 -1.000000000000000e+00
2.787451000000000e+02 0.000000000000000e+00
2.786451000000000e+02 0.000000000000000e+00
2.787451000000000e+02 0.000000000000000e+00
2.787451000000000e+02 0.000000000000000e+00
2.787451000000000e+02 -1.000000000000000e+00
2.788451000000000e+02 -1.000000000000000e+00
2.788451000000000e+02 0.000000000000000e+00
2.787451000000000e+02 0.000000000000000e+00
2.788451000000000e+02 0.000000000000000e+00
2.788451000000000e+02 0.000000000000000e+00
2.789451000000000e+02 0.000000000000000e+00
2.789451000000000e+02 0.000000000000000e+00
2.790451000000000e+02 0.000000000000000e+00
2.790451000000000e+02 0.000000000000000e+00
2.791451000000000e+02 0.000000000000000e+00
2.791451000000000e+02 0.000000000000000e+00
2.796451000000000e+02 0.000000000000000e+00
2.796451000000000e+02 0.000000000000000e+00
2.801451000000000e+02 0.000000000000000e+00
2.801451000000000e+02 0.000000000000000e+00
2.806451000000000e+02 0.000000000000000e+00
2.806451000000000e+02 0.000000000000000e+00
2.811451000000000e+02 0.000000000000000e+00
2.811451000000000e+02 0.000000000000000e+00
2.816451000000000e+02 0.000000000000000e+00
2.816451000000000e+02 0.000000000000000e+00
2.821451000000000e+02 0.000000000000000e+00
2.821451000000000e+02 0.000000000000000e+00
2.826451000000000e+02 0.000000000000000e+00
2.826451000000000e+02 0.000000000000000e+00
2.831451000000000e+02 0.000000000000000e+00
2.831451000000000e+02 0.000000000000000e+00
2.836451000000000e+02 0.000000000000000e+00
2.836451000000000e+02 0.000000000000000e+00
2.841451000000000e+02 0.000000000000000e+00
2.841451000000000e+02 0.000000000000000e+00
2.846451000000000e+02 0.000000000000000e+00
2.846451000000000e+02 0.000000000000000e+00
2.851451000000000e+02 0.000000000000000e+00
2.851451000000000e+02 0.000000000000000e+00
2.856451000000000e+02 0.000000000000000e+00
2.856451000000000e+02 0.000000000000000e+00
2.861451000000000e+02 0.000000000000000e+00
2.861451000000000e+02 0.000000000000000e+00
2.866451000000000e+02 0.000000000000000e+00
2.866451000000000e+02 0.000000000000000e+00
2.866451000000000e+02 1.000000000000000e+00
2.867451000000000e+02 1.000000000000000e+00
2.867451000000000e+02 0.000000000000000e+00
2.866451000000000e+02 0.000000000000000e+00
2.867451000000000e+02 0.000000000000000e+00
2.867451000000000e+02 0.000000000000000e+00
2.867451000000000e+02 1.000000000000000e+00
2.868451000000000e+02 1.000000000000000e+00
2.868451000000000e+02 0.000000000000000e+00
2.867451000000000e+02 0.000000000000000e+00
2.868451000000000e+02 0.000000000000000e+00
2.868451000000000e+02 0.000000000000000e+00
2.873451000000000e+02 0.000000000000000e+00
2.873451000000000e+02 0.000000000000000e+00
2.878451000000000e+02 0.000000000000000e+00
2.878451000000000e+02 0.000000000000000e+00
2.883451000000000e+02 0.000000000000000e+00
2.883451000000000e+02 0.000000000000000e+00
2.888451000000000e+02 0.000000000000000e+00
2.888451000000000e+02 0.000000000000000e+00
2.893451000000000e+02 0.000000000000000e+00
2.893451000000000e+02 0.000000000000000e+00
2.898451000000000e+02 0.000000000000000e+00
2.898451000000000e+02 0.000000000000000e+00
2.903451000000000e+02 0.000000000000000e+00
2.903451000000000e+02 0.000000000000000e+00
2.908451000000000e+02 0.000000000000000e+00
2.908451000000000e+02 0.000000000000000e+00
2.913451000000000e+02 0.000000000000000e+00
2.913451000000000e+02 0.000000000000000e+00
2.918451000000000e+02 0.000000000000000e+00
2.918451000000000e+02 0.000000000000000e+00
2.923451000000000e+02 0.000000000000000e+00
2.923451000000000e+02 0.000000000000000e+00
2.928451000000000e+02 0.000000000000000e+00
2.928451000000000e+02 0.000000000000000e+00
2.933451000000000e+02 0.000000000000000e+00
2.933451000000000e+02 0.000000000000000e+00
2.938451000000000e+02 0.000000000000000e+00
2.938451000000000e+02 0.000000000000000e+00
2.943451000000000e+02 0.000000000000000e+00
2.943451000000000e+02 0.000000000000000e+00
2.944451000000000e+02 0.000000000000000e+00
2.944451000000000e+02 0.000000000000000e+00
2.945451000000000e+02 0.000000000000000e+00
2.945451000000000e+02 0.000000000000000e+00
2.946451000000000e+02 0.000000000000000e+00
2.946451000000000e+02 0.000000000000000e+00
2.946451000000000e+02 1.000000000000000e+00
2.947451000000000e+02 1.000000000000000e+00
2.947451000000000e+02 0.000000000000000e+00
2.946451000000000e+02 0.000000000000000e+00
2.947451000000000e+02 0.000000000000000e+00
2.947451000000000e+02 0.000000000000000e+00
2.947451000000000e+02 1.000000000000000e+00
2.948451000000000e+02 1.000000000000000e+00
2.948451000000000e+02 0.000000000000000e+00
2.947451000000000e+02 0.000000000000000e+00
2.948451000000000e+02 0.000000000000000e+00
