Printout for SDDS file out/ltu1/run.chs

       s        ElementName  ElementType      betax          betay          alphax         alphay          etax          etaxp           etay          etayp           psix           psiy           psi            enx            eny         pCentral0   
       m                                        m              m                                            m                             m                            rad            rad          radians           m              m           m$be$nc    
-----------------------------------------------------------------------------------------------------------------------------------------------------------------------------------------------------------------------------------------------------------
  0.000000e+00        _BEG_         MARK   1.000000e+00   1.000000e+00   0.000000e+00   0.000000e+00   0.000000e+00   0.000000e+00   0.000000e+00   0.000000e+00   0.000000e+00   0.000000e+00   0.000000e+00   3.086074e-07   2.513977e-07   1.631685e+04 
  0.000000e+00       TWISS0        TWISS   3.108647e+01   1.405883e+01  -1.498796e+00   6.842346e-01   1.000000e-16   1.000000e-16   0.000000e+00   0.000000e+00   0.000000e+00   0.000000e+00   0.000000e+00   3.086074e-07   2.513977e-07   1.631685e+04 
  1.000000e-01          QLF         QUAD   3.123659e+01   1.399052e+01   1.810211e-07  -7.406799e-08   1.097509e-16   9.493886e-17   0.000000e+00   0.000000e+00   3.206520e-03   7.136107e-03   0.000000e+00   3.086077e-07   2.513971e-07   1.631685e+04 
  2.000000e-01          QLF         QUAD   3.108647e+01   1.405883e+01   1.498796e+00  -6.842347e-01   1.189725e-16   8.941992e-17   0.000000e+00   0.000000e+00   6.413041e-03   1.427221e-02   0.000000e+00   3.086079e-07   2.513965e-07   1.631685e+04 
  7.000000e-01          LM0     CSRDRIFT   2.961378e+01   1.476917e+01   1.446581e+00  -7.364502e-01   1.636825e-16   8.941992e-17   0.000000e+00   0.000000e+00   2.289303e-02   4.897821e-02   0.000000e+00   3.086079e-07   2.513965e-07   1.631685e+04 
  1.200000e+00          LM0     CSRDRIFT   2.819331e+01   1.553173e+01   1.394365e+00  -7.886657e-01   2.083924e-16   8.941992e-17   0.000000e+00   0.000000e+00   4.019804e-02   8.199698e-02   0.000000e+00   3.086079e-07   2.513965e-07   1.631685e+04 
  1.300000e+00          LM1     CSRDRIFT   2.791548e+01   1.569051e+01   1.383922e+00  -7.991088e-01   2.173344e-16   8.941992e-17   0.000000e+00   0.000000e+00   4.376259e-02   8.840280e-02   0.000000e+00   3.086079e-07   2.513965e-07   1.631685e+04 
  1.400000e+00          LM1     CSRDRIFT   2.763974e+01   1.585137e+01   1.373479e+00  -8.095519e-01   2.262764e-16   8.941992e-17   0.000000e+00   0.000000e+00   4.736267e-02   9.474370e-02   0.000000e+00   3.086079e-07   2.513965e-07   1.631685e+04 
  1.500000e+00          LM1     CSRDRIFT   2.736609e+01   1.601433e+01   1.363036e+00  -8.199950e-01   2.352184e-16   8.941992e-17   0.000000e+00   0.000000e+00   5.099870e-02   1.010202e-01   0.000000e+00   3.086079e-07   2.513965e-07   1.631685e+04 
  1.600000e+00          LM1     CSRDRIFT   2.709452e+01   1.617937e+01   1.352593e+00  -8.304381e-01   2.441604e-16   8.941992e-17   0.000000e+00   0.000000e+00   5.467113e-02   1.072327e-01   0.000000e+00   3.086079e-07   2.513965e-07   1.631685e+04 
  1.700000e+00          LM1     CSRDRIFT   2.682505e+01   1.634650e+01   1.342150e+00  -8.408812e-01   2.531024e-16   8.941992e-17   0.000000e+00   0.000000e+00   5.838042e-02   1.133818e-01   0.000000e+00   3.086079e-07   2.513965e-07   1.631685e+04 
  1.950000e+00           BK    CSRCSBEND   2.616050e+01   1.677347e+01   1.316042e+00  -8.669888e-01   2.754574e-16   8.941992e-17  -6.250000e-06  -5.000000e-05   6.781783e-02   1.284802e-01   7.654043e-26   3.086079e-07   2.513999e-07   1.631685e+04 
  2.200000e+00           BK    CSRCSBEND   2.550901e+01   1.721349e+01   1.289934e+00  -8.930963e-01   2.978124e-16   8.941992e-17  -2.500000e-05  -1.000000e-04   7.749564e-02   1.431935e-01   3.061617e-25   3.086079e-07   2.514102e-07   1.631685e+04 
  2.300000e+00          LM1     CSRDRIFT   2.525207e+01   1.739316e+01   1.279491e+00  -9.035394e-01   3.067543e-16   8.941992e-17  -3.500000e-05  -1.000000e-04   8.143573e-02   1.489728e-01   3.061617e-25   3.086079e-07   2.514102e-07   1.631685e+04 
  2.400000e+00          LM1     CSRDRIFT   2.499721e+01   1.757491e+01   1.269048e+00  -9.139825e-01   3.156963e-16   8.941992e-17  -4.500000e-05  -1.000000e-04   8.541594e-02   1.546925e-01   3.061617e-25   3.086079e-07   2.514102e-07   1.631685e+04 
  2.500000e+00          LM1     CSRDRIFT   2.474445e+01   1.775875e+01   1.258605e+00  -9.244256e-01   3.246383e-16   8.941992e-17  -5.500000e-05  -1.000000e-04   8.943678e-02   1.603529e-01   3.061617e-25   3.086079e-07   2.514102e-07   1.631685e+04 
  2.600000e+00          LM1     CSRDRIFT   2.449377e+01   1.794468e+01   1.248162e+00  -9.348687e-01   3.335803e-16   8.941992e-17  -6.500000e-05  -1.000000e-04   9.349873e-02   1.659547e-01   3.061617e-25   3.086079e-07   2.514102e-07   1.631685e+04 
  2.850000e+00           BK    CSRCSBEND   2.387622e+01   1.841864e+01   1.222054e+00  -9.609763e-01   3.559353e-16   8.941992e-17  -9.625000e-05  -1.500000e-04   1.038367e-01   1.797064e-01   6.888638e-25   3.086079e-07   2.514281e-07   1.631685e+04 
  3.100000e+00           BK    CSRCSBEND   2.327172e+01   1.890565e+01   1.195947e+00  -9.870838e-01   3.782903e-16   8.941992e-17  -1.400000e-04  -2.000000e-04   1.144427e-01   1.931041e-01   1.224647e-24   3.086079e-07   2.514538e-07   1.631685e+04 
  3.200000e+00          LM1     CSRDRIFT   2.303357e+01   1.910412e+01   1.185503e+00  -9.975269e-01   3.872323e-16   8.941992e-17  -1.600000e-04  -2.000000e-04   1.187620e-01   1.983660e-01   1.224647e-24   3.086079e-07   2.514538e-07   1.631685e+04 
  3.300000e+00          LM1     CSRDRIFT   2.279751e+01   1.930467e+01   1.175060e+00  -1.007970e+00   3.961743e-16   8.941992e-17  -1.800000e-04  -2.000000e-04   1.231259e-01   2.035732e-01   1.224647e-24   3.086079e-07   2.514538e-07   1.631685e+04 
  3.400000e+00          LM1     CSRDRIFT   2.256355e+01   1.950730e+01   1.164617e+00  -1.018413e+00   4.051163e-16   8.941992e-17  -2.000000e-04  -2.000000e-04   1.275350e-01   2.087263e-01   1.224647e-24   3.086079e-07   2.514538e-07   1.631685e+04 
  3.500000e+00          LM1     CSRDRIFT   2.233167e+01   1.971203e+01   1.154174e+00  -1.028856e+00   4.140582e-16   8.941992e-17  -2.200000e-04  -2.000000e-04   1.319899e-01   2.138260e-01   1.224647e-24   3.086079e-07   2.514538e-07   1.631685e+04 
  3.750000e+00           BK    CSRCSBEND   2.176111e+01   2.023299e+01   1.128066e+00  -1.054964e+00   4.364132e-16   8.941992e-17  -2.762500e-04  -2.500000e-04   1.433308e-01   2.263446e-01   1.913511e-24   3.086079e-07   2.514884e-07   1.631685e+04 
  4.000000e+00           BK    CSRCSBEND   2.120360e+01   2.076699e+01   1.101959e+00  -1.081071e+00   4.587682e-16   8.941992e-17  -3.450000e-04  -3.000000e-04   1.549695e-01   2.385410e-01   2.755455e-24   3.086079e-07   2.515316e-07   1.631685e+04 
  4.100000e+00          LM1     CSRDRIFT   2.098425e+01   2.098425e+01   1.091516e+00  -1.091514e+00   4.677102e-16   8.941992e-17  -3.750000e-04  -3.000000e-04   1.597103e-01   2.433314e-01   2.755455e-24   3.086079e-07   2.515316e-07   1.631685e+04 
  4.200000e+00          LM1     CSRDRIFT   2.076699e+01   2.120360e+01   1.081072e+00  -1.101957e+00   4.766522e-16   8.941992e-17  -4.050000e-04  -3.000000e-04   1.645007e-01   2.480722e-01   2.755455e-24   3.086079e-07   2.515316e-07   1.631685e+04 
  4.300000e+00          LM1     CSRDRIFT   2.055182e+01   2.142504e+01   1.070629e+00  -1.112400e+00   4.855942e-16   8.941992e-17  -4.350000e-04  -3.000000e-04   1.693412e-01   2.527639e-01   2.755455e-24   3.086079e-07   2.515316e-07   1.631685e+04 
  4.400000e+00          LM1     CSRDRIFT   2.033874e+01   2.164856e+01   1.060186e+00  -1.122844e+00   4.945362e-16   8.941992e-17  -4.650000e-04  -3.000000e-04   1.742324e-01   2.574072e-01   2.755455e-24   3.086079e-07   2.515316e-07   1.631685e+04 
  4.650000e+00           BK    CSRCSBEND   1.981518e+01   2.221651e+01   1.034079e+00  -1.148951e+00   5.168912e-16   8.941992e-17  -5.462500e-04  -3.500000e-04   1.866858e-01   2.688070e-01   3.750481e-24   3.086079e-07   2.515851e-07   1.631685e+04 
  4.900000e+00           BK    CSRCSBEND   1.930466e+01   2.279751e+01   1.007971e+00  -1.175058e+00   5.392461e-16   8.941992e-17  -6.400000e-04  -4.000000e-04   1.994685e-01   2.799158e-01   4.898588e-24   3.086079e-07   2.516483e-07   1.631685e+04 
  5.000000e+00          LM1     CSRDRIFT   1.910411e+01   2.303357e+01   9.975277e-01  -1.185502e+00   5.481881e-16   8.941992e-17  -6.800000e-04  -4.000000e-04   2.046757e-01   2.842797e-01   4.898588e-24   3.086079e-07   2.516483e-07   1.631685e+04 
  5.100000e+00          LM1     CSRDRIFT   1.890565e+01   2.327171e+01   9.870846e-01  -1.195945e+00   5.571301e-16   8.941992e-17  -7.200000e-04  -4.000000e-04   2.099376e-01   2.885990e-01   4.898588e-24   3.086079e-07   2.516483e-07   1.631685e+04 
  5.200000e+00          LM1     CSRDRIFT   1.870928e+01   2.351195e+01   9.766415e-01  -1.206388e+00   5.660721e-16   8.941992e-17  -7.600000e-04  -4.000000e-04   2.152548e-01   2.928740e-01   4.898588e-24   3.086079e-07   2.516483e-07   1.631685e+04 
  5.300000e+00          LM1     CSRDRIFT   1.851500e+01   2.375427e+01   9.661984e-01  -1.216831e+00   5.750141e-16   8.941992e-17  -8.000000e-04  -4.000000e-04   2.206277e-01   2.971055e-01   4.898588e-24   3.086079e-07   2.516483e-07   1.631685e+04 
  5.550000e+00           BK    CSRCSBEND   1.803842e+01   2.436921e+01   9.400906e-01  -1.242938e+00   5.973691e-16   8.941992e-17  -9.062500e-04  -4.500000e-04   2.343079e-01   3.074964e-01   6.199775e-24   3.086079e-07   2.517231e-07   1.631685e+04 
  5.800000e+00           BK    CSRCSBEND   1.757491e+01   2.499721e+01   9.139829e-01  -1.269046e+00   6.197241e-16   8.941992e-17  -1.025000e-03  -5.000000e-04   2.483493e-01   3.176258e-01   7.654043e-24   3.086079e-07   2.518087e-07   1.631685e+04 
  5.900000e+00          LM1     CSRDRIFT   1.739315e+01   2.525206e+01   9.035398e-01  -1.279489e+00   6.286661e-16   8.941992e-17  -1.075000e-03  -5.000000e-04   2.540689e-01   3.216060e-01   7.654043e-24   3.086079e-07   2.518087e-07   1.631685e+04 
  6.000000e+00          LM1     CSRDRIFT   1.721349e+01   2.550900e+01   8.930967e-01  -1.289932e+00   6.376081e-16   8.941992e-17  -1.125000e-03  -5.000000e-04   2.598482e-01   3.255461e-01   7.654043e-24   3.086079e-07   2.518087e-07   1.631685e+04 
  6.500000e+00          LM0     CSRDRIFT   1.634650e+01   2.682504e+01   8.408812e-01  -1.342147e+00   6.823180e-16   8.941992e-17  -1.375000e-03  -5.000000e-04   2.896600e-01   3.446613e-01   7.654043e-24   3.086079e-07   2.518087e-07   1.631685e+04 
  7.000000e+00          LM0     CSRDRIFT   1.553173e+01   2.819330e+01   7.886657e-01  -1.394363e+00   7.270280e-16   8.941992e-17  -1.625000e-03  -5.000000e-04   3.210447e-01   3.628437e-01   7.654043e-24   3.086079e-07   2.518087e-07   1.631685e+04 
  7.500000e+00          LM0     CSRDRIFT   1.476917e+01   2.961377e+01   7.364502e-01  -1.446578e+00   7.717379e-16   8.941992e-17  -1.875000e-03  -5.000000e-04   3.540635e-01   3.801487e-01   7.654043e-24   3.086079e-07   2.518087e-07   1.631685e+04 
  8.000000e+00          LM0     CSRDRIFT   1.405883e+01   3.108645e+01   6.842347e-01  -1.498793e+00   8.164479e-16   8.941992e-17  -2.125000e-03  -5.000000e-04   3.887695e-01   3.966287e-01   7.654043e-24   3.086079e-07   2.518087e-07   1.631685e+04 
  8.100000e+00         QLD0         QUAD   1.399051e+01   3.123657e+01   1.714509e-07   1.910338e-06   8.273671e-16   1.290522e-16  -2.164611e-03  -2.919453e-04   3.959056e-01   3.998352e-01   7.654043e-24   3.086078e-07   2.516270e-07   1.631685e+04 
  8.200000e+00         QLD0         QUAD   1.405883e+01   3.108645e+01  -6.842344e-01   1.498797e+00   8.422791e-16   1.693072e-16  -2.183359e-03  -8.298667e-05   4.030417e-01   4.030418e-01   7.654043e-24   3.086076e-07   2.515013e-07   1.631685e+04 
  8.700000e+00          LM0     CSRDRIFT   1.476917e+01   2.961376e+01  -7.364499e-01   1.446582e+00   9.269327e-16   1.693072e-16  -2.224852e-03  -8.298667e-05   4.377477e-01   4.195218e-01   7.654043e-24   3.086076e-07   2.515013e-07   1.631685e+04 
  9.200000e+00          LM0     CSRDRIFT   1.553173e+01   2.819329e+01  -7.886653e-01   1.394366e+00   1.011586e-15   1.693072e-16  -2.266345e-03  -8.298667e-05   4.707665e-01   4.368268e-01   7.654043e-24   3.086076e-07   2.515013e-07   1.631685e+04 
  9.300000e+00          LM1     CSRDRIFT   1.569050e+01   2.791546e+01  -7.991084e-01   1.383923e+00   1.028517e-15   1.693072e-16  -2.274644e-03  -8.298667e-05   4.771723e-01   4.403913e-01   7.654043e-24   3.086076e-07   2.515013e-07   1.631685e+04 
  9.400000e+00          LM1     CSRDRIFT   1.585137e+01   2.763972e+01  -8.095515e-01   1.373480e+00   1.045448e-15   1.693072e-16  -2.282943e-03  -8.298667e-05   4.835132e-01   4.439914e-01   7.654043e-24   3.086076e-07   2.515013e-07   1.631685e+04 
  9.500000e+00          LM1     CSRDRIFT   1.601433e+01   2.736607e+01  -8.199946e-01   1.363037e+00   1.062378e-15   1.693072e-16  -2.291241e-03  -8.298667e-05   4.897897e-01   4.476274e-01   7.654043e-24   3.086076e-07   2.515013e-07   1.631685e+04 
  9.600000e+00          LM1     CSRDRIFT   1.617937e+01   2.709450e+01  -8.304377e-01   1.352594e+00   1.079309e-15   1.693072e-16  -2.299540e-03  -8.298667e-05   4.960022e-01   4.512999e-01   7.654043e-24   3.086076e-07   2.515013e-07   1.631685e+04 
  9.700000e+00          LM1     CSRDRIFT   1.634650e+01   2.682503e+01  -8.408808e-01   1.342150e+00   1.096240e-15   1.693072e-16  -2.307839e-03  -8.298667e-05   5.021513e-01   4.550092e-01   7.654043e-24   3.086076e-07   2.515013e-07   1.631685e+04 
  9.950000e+00           BK    CSRCSBEND   1.677347e+01   2.616048e+01  -8.669885e-01   1.316043e+00   1.138567e-15   1.693072e-16  -2.334836e-03  -1.329866e-04   5.172498e-01   4.644466e-01   9.261393e-24   3.086076e-07   2.515497e-07   1.631685e+04 
  1.020000e+01           BK    CSRCSBEND   1.721349e+01   2.550899e+01  -8.930963e-01   1.289935e+00   1.180893e-15   1.693072e-16  -2.374332e-03  -1.829866e-04   5.319630e-01   4.741244e-01   1.102182e-23   3.086076e-07   2.516080e-07   1.631685e+04 
  1.030000e+01          LM1     CSRDRIFT   1.739315e+01   2.525204e+01  -9.035394e-01   1.279492e+00   1.197824e-15   1.693072e-16  -2.392631e-03  -1.829866e-04   5.377424e-01   4.780645e-01   1.102182e-23   3.086076e-07   2.516080e-07   1.631685e+04 
  1.040000e+01          LM1     CSRDRIFT   1.757490e+01   2.499719e+01  -9.139825e-01   1.269049e+00   1.214755e-15   1.693072e-16  -2.410930e-03  -1.829866e-04   5.434620e-01   4.820447e-01   1.102182e-23   3.086076e-07   2.516080e-07   1.631685e+04 
  1.050000e+01          LM1     CSRDRIFT   1.775875e+01   2.474442e+01  -9.244256e-01   1.258606e+00   1.231686e-15   1.693072e-16  -2.429228e-03  -1.829866e-04   5.491224e-01   4.860656e-01   1.102182e-23   3.086076e-07   2.516080e-07   1.631685e+04 
  1.060000e+01          LM1     CSRDRIFT   1.794467e+01   2.449375e+01  -9.348687e-01   1.248163e+00   1.248616e-15   1.693072e-16  -2.447527e-03  -1.829866e-04   5.547243e-01   4.901275e-01   1.102182e-23   3.086076e-07   2.516080e-07   1.631685e+04 
  1.085000e+01           BK    CSRCSBEND   1.841864e+01   2.387619e+01  -9.609764e-01   1.222055e+00   1.290943e-15   1.693072e-16  -2.499524e-03  -2.329866e-04   5.684760e-01   5.004655e-01   1.293533e-23   3.086076e-07   2.516738e-07   1.631685e+04 
  1.110000e+01           BK    CSRCSBEND   1.890565e+01   2.327169e+01  -9.870841e-01   1.195948e+00   1.333270e-15   1.693072e-16  -2.564020e-03  -2.829866e-04   5.818736e-01   5.110715e-01   1.500193e-23   3.086076e-07   2.517482e-07   1.631685e+04 
  1.120000e+01          LM1     CSRDRIFT   1.910411e+01   2.303355e+01  -9.975272e-01   1.185505e+00   1.350201e-15   1.693072e-16  -2.592319e-03  -2.829866e-04   5.871355e-01   5.153908e-01   1.500193e-23   3.086076e-07   2.517482e-07   1.631685e+04 
  1.130000e+01          LM1     CSRDRIFT   1.930466e+01   2.279749e+01  -1.007970e+00   1.175062e+00   1.367131e-15   1.693072e-16  -2.620618e-03  -2.829866e-04   5.923428e-01   5.197547e-01   1.500193e-23   3.086076e-07   2.517482e-07   1.631685e+04 
  1.140000e+01          LM1     CSRDRIFT   1.950730e+01   2.256352e+01  -1.018413e+00   1.164618e+00   1.384062e-15   1.693072e-16  -2.648916e-03  -2.829866e-04   5.974959e-01   5.241638e-01   1.500193e-23   3.086076e-07   2.517482e-07   1.631685e+04 
  1.150000e+01          LM1     CSRDRIFT   1.971203e+01   2.233164e+01  -1.028857e+00   1.154175e+00   1.400993e-15   1.693072e-16  -2.677215e-03  -2.829866e-04   6.025955e-01   5.286187e-01   1.500193e-23   3.086076e-07   2.517482e-07   1.631685e+04 
  1.175000e+01           BK    CSRCSBEND   2.023298e+01   2.176108e+01  -1.054964e+00   1.128068e+00   1.443320e-15   1.693072e-16  -2.754212e-03  -3.329866e-04   6.151141e-01   5.399597e-01   1.722160e-23   3.086076e-07   2.518287e-07   1.631685e+04 
  1.200000e+01           BK    CSRCSBEND   2.076699e+01   2.120358e+01  -1.081072e+00   1.101960e+00   1.485646e-15   1.693072e-16  -2.843708e-03  -3.829865e-04   6.273106e-01   5.515984e-01   1.959435e-23   3.086076e-07   2.519167e-07   1.631685e+04 
  1.210000e+01          LM1     CSRDRIFT   2.098425e+01   2.098423e+01  -1.091515e+00   1.091517e+00   1.502577e-15   1.693072e-16  -2.882007e-03  -3.829865e-04   6.321010e-01   5.563392e-01   1.959435e-23   3.086076e-07   2.519167e-07   1.631685e+04 
  1.220000e+01          LM1     CSRDRIFT   2.120360e+01   2.076697e+01  -1.101958e+00   1.081074e+00   1.519508e-15   1.693072e-16  -2.920306e-03  -3.829865e-04   6.368417e-01   5.611295e-01   1.959435e-23   3.086076e-07   2.519167e-07   1.631685e+04 
  1.230000e+01          LM1     CSRDRIFT   2.142503e+01   2.055180e+01  -1.112401e+00   1.070631e+00   1.536439e-15   1.693072e-16  -2.958604e-03  -3.829865e-04   6.415335e-01   5.659700e-01   1.959435e-23   3.086076e-07   2.519167e-07   1.631685e+04 
  1.240000e+01          LM1     CSRDRIFT   2.164856e+01   2.033872e+01  -1.122844e+00   1.060188e+00   1.553369e-15   1.693072e-16  -2.996903e-03  -3.829865e-04   6.461768e-01   5.708612e-01   1.959435e-23   3.086076e-07   2.519167e-07   1.631685e+04 
  1.265000e+01           BK    CSRCSBEND   2.221651e+01   1.981515e+01  -1.148952e+00   1.034080e+00   1.595696e-15   1.693072e-16  -3.098900e-03  -4.329865e-04   6.575766e-01   5.833147e-01   2.212019e-23   3.086076e-07   2.520093e-07   1.631685e+04 
  1.290000e+01           BK    CSRCSBEND   2.279751e+01   1.930464e+01  -1.175060e+00   1.007972e+00   1.638023e-15   1.693072e-16  -3.213396e-03  -4.829865e-04   6.686854e-01   5.960974e-01   2.479911e-23   3.086076e-07   2.521084e-07   1.631685e+04 
  1.300000e+01          LM1     CSRDRIFT   2.303357e+01   1.910409e+01  -1.185503e+00   9.975293e-01   1.654954e-15   1.693072e-16  -3.261695e-03  -4.829865e-04   6.730493e-01   6.013047e-01   2.479911e-23   3.086076e-07   2.521084e-07   1.631685e+04 
  1.310000e+01          LM1     CSRDRIFT   2.327171e+01   1.890563e+01  -1.195946e+00   9.870861e-01   1.671884e-15   1.693072e-16  -3.309993e-03  -4.829865e-04   6.773686e-01   6.065666e-01   2.479911e-23   3.086076e-07   2.521084e-07   1.631685e+04 
  1.320000e+01          LM1     CSRDRIFT   2.351195e+01   1.870925e+01  -1.206389e+00   9.766430e-01   1.688815e-15   1.693072e-16  -3.358292e-03  -4.829865e-04   6.816436e-01   6.118837e-01   2.479911e-23   3.086076e-07   2.521084e-07   1.631685e+04 
  1.330000e+01          LM1     CSRDRIFT   2.375427e+01   1.851497e+01  -1.216832e+00   9.661999e-01   1.705746e-15   1.693072e-16  -3.406591e-03  -4.829865e-04   6.858750e-01   6.172567e-01   2.479911e-23   3.086076e-07   2.521084e-07   1.631685e+04 
  1.355000e+01           BK    CSRCSBEND   2.436921e+01   1.803840e+01  -1.242940e+00   9.400922e-01   1.748073e-15   1.693072e-16  -3.533587e-03  -5.329865e-04   6.962660e-01   6.309369e-01   2.763110e-23   3.086076e-07   2.522107e-07   1.631685e+04 
  1.380000e+01           BK    CSRCSBEND   2.499721e+01   1.757488e+01  -1.269048e+00   9.139846e-01   1.790399e-15   1.693072e-16  -3.673084e-03  -5.829864e-04   7.063954e-01   6.449782e-01   3.061618e-23   3.086076e-07   2.523186e-07   1.631685e+04 
  1.390000e+01          LM1     CSRDRIFT   2.525206e+01   1.739313e+01  -1.279491e+00   9.035414e-01   1.807330e-15   1.693072e-16  -3.731383e-03  -5.829864e-04   7.103756e-01   6.506979e-01   3.061618e-23   3.086076e-07   2.523186e-07   1.631685e+04 
  1.400000e+01          LM1     CSRDRIFT   2.550900e+01   1.721346e+01  -1.289934e+00   8.930983e-01   1.824261e-15   1.693072e-16  -3.789681e-03  -5.829864e-04   7.143157e-01   6.564772e-01   3.061618e-23   3.086076e-07   2.523186e-07   1.631685e+04 
  1.450000e+01          LM0     CSRDRIFT   2.682505e+01   1.634647e+01  -1.342149e+00   8.408827e-01   1.908914e-15   1.693072e-16  -4.081175e-03  -5.829864e-04   7.334309e-01   6.862890e-01   3.061618e-23   3.086076e-07   2.523186e-07   1.631685e+04 
  1.500000e+01          LM0     CSRDRIFT   2.819330e+01   1.553170e+01  -1.394365e+00   7.886670e-01   1.993568e-15   1.693072e-16  -4.372668e-03  -5.829864e-04   7.516133e-01   7.176739e-01   3.061618e-23   3.086076e-07   2.523186e-07   1.631685e+04 
  1.550000e+01          LM0     CSRDRIFT   2.961378e+01   1.476914e+01  -1.446580e+00   7.364513e-01   2.078222e-15   1.693072e-16  -4.664161e-03  -5.829864e-04   7.689183e-01   7.506927e-01   3.061618e-23   3.086076e-07   2.523186e-07   1.631685e+04 
  1.600000e+01          LM0     CSRDRIFT   3.108646e+01   1.405879e+01  -1.498796e+00   6.842357e-01   2.162875e-15   1.693072e-16  -4.955654e-03  -5.829864e-04   7.853983e-01   7.853988e-01   3.061618e-23   3.086076e-07   2.523186e-07   1.631685e+04 
  1.610000e+01         QLF0         QUAD   3.123658e+01   1.399048e+01   7.531545e-08   2.728210e-06   2.174578e-15   6.464746e-17  -5.038135e-03  -1.067226e-03   7.886048e-01   7.925349e-01   3.061618e-23   3.086078e-07   2.528423e-07   1.631685e+04 
  1.620000e+01         QLF0         QUAD   3.108646e+01   1.405879e+01   1.498796e+00  -6.842302e-01   2.175794e-15  -4.032399e-17  -5.169277e-03  -1.556785e-03   7.918113e-01   7.996710e-01   3.061618e-23   3.086080e-07   2.534983e-07   1.631685e+04 
  1.670000e+01          LM0     CSRDRIFT   2.961378e+01   1.476913e+01   1.446580e+00  -7.364456e-01   2.155632e-15  -4.032399e-17  -5.947669e-03  -1.556785e-03   8.082913e-01   8.343771e-01   3.061618e-23   3.086080e-07   2.534983e-07   1.631685e+04 
  1.720000e+01          LM0     CSRDRIFT   2.819330e+01   1.553168e+01   1.394365e+00  -7.886610e-01   2.135470e-15  -4.032399e-17  -6.726061e-03  -1.556785e-03   8.255963e-01   8.673960e-01   3.061618e-23   3.086080e-07   2.534983e-07   1.631685e+04 
  1.770000e+01          LM0     CSRDRIFT   2.682505e+01   1.634645e+01   1.342150e+00  -8.408764e-01   2.115308e-15  -4.032399e-17  -7.504454e-03  -1.556785e-03   8.437787e-01   8.987809e-01   3.061618e-23   3.086080e-07   2.534983e-07   1.631685e+04 
  1.820000e+01          LM0     CSRDRIFT   2.550900e+01   1.721344e+01   1.289934e+00  -8.930917e-01   2.095146e-15  -4.032399e-17  -8.282846e-03  -1.556785e-03   8.628939e-01   9.285927e-01   3.061618e-23   3.086080e-07   2.534983e-07   1.631685e+04 
  1.870000e+01          LM0     CSRDRIFT   2.424518e+01   1.813264e+01   1.237719e+00  -9.453071e-01   2.074984e-15  -4.032399e-17  -9.061238e-03  -1.556785e-03   8.830006e-01   9.568977e-01   3.061618e-23   3.086080e-07   2.534983e-07   1.631685e+04 
  1.920000e+01          LM0     CSRDRIFT   2.303357e+01   1.910405e+01   1.185503e+00  -9.975225e-01   2.054822e-15  -4.032399e-17  -9.839631e-03  -1.556785e-03   9.041603e-01   9.837654e-01   3.061618e-23   3.086080e-07   2.534983e-07   1.631685e+04 
  1.970000e+01          LM0     CSRDRIFT   2.187417e+01   2.012768e+01   1.133288e+00  -1.049738e+00   2.034660e-15  -4.032399e-17  -1.061802e-02  -1.556785e-03   9.264374e-01   1.009266e+00   3.061618e-23   3.086080e-07   2.534983e-07   1.631685e+04 
  2.020000e+01          LM0     CSRDRIFT   2.076699e+01   2.120353e+01   1.081072e+00  -1.101953e+00   2.014498e-15  -4.032399e-17  -1.139642e-02  -1.556785e-03   9.498990e-01   1.033472e+00   3.061618e-23   3.086080e-07   2.534983e-07   1.631685e+04 
  2.070000e+01          LM0     CSRDRIFT   1.971203e+01   2.233159e+01   1.028857e+00  -1.154169e+00   1.994336e-15  -4.032399e-17  -1.217481e-02  -1.556785e-03   9.746141e-01   1.056451e+00   3.061618e-23   3.086080e-07   2.534983e-07   1.631685e+04 
  2.120000e+01          LM0     CSRDRIFT   1.870928e+01   2.351186e+01   9.766411e-01  -1.206384e+00   1.974174e-15  -4.032399e-17  -1.295320e-02  -1.556785e-03   1.000653e+00   1.078274e+00   3.061618e-23   3.086080e-07   2.534983e-07   1.631685e+04 
  2.170000e+01          LM0     CSRDRIFT   1.775874e+01   2.474436e+01   9.244257e-01  -1.258600e+00   1.954012e-15  -4.032399e-17  -1.373159e-02  -1.556785e-03   1.028087e+00   1.099005e+00   3.061618e-23   3.086080e-07   2.534983e-07   1.631685e+04 
  2.220000e+01          LM0     CSRDRIFT   1.686043e+01   2.602906e+01   8.722102e-01  -1.310815e+00   1.933850e-15  -4.032399e-17  -1.450998e-02  -1.556785e-03   1.056987e+00   1.118708e+00   3.061618e-23   3.086080e-07   2.534983e-07   1.631685e+04 
  2.270000e+01          LM0     CSRDRIFT   1.601432e+01   2.736599e+01   8.199947e-01  -1.363030e+00   1.913688e-15  -4.032399e-17  -1.528838e-02  -1.556785e-03   1.087420e+00   1.137443e+00   3.061618e-23   3.086080e-07   2.534983e-07   1.631685e+04 
  2.320000e+01          LM0     CSRDRIFT   1.522044e+01   2.875512e+01   7.677792e-01  -1.415246e+00   1.893526e-15  -4.032399e-17  -1.606677e-02  -1.556785e-03   1.119451e+00   1.155268e+00   3.061618e-23   3.086080e-07   2.534983e-07   1.631685e+04 
  2.370000e+01          LM0     CSRDRIFT   1.447877e+01   3.019648e+01   7.155637e-01  -1.467461e+00   1.873364e-15  -4.032399e-17  -1.684516e-02  -1.556785e-03   1.153139e+00   1.172237e+00   3.061618e-23   3.086080e-07   2.534983e-07   1.631685e+04 
  2.380000e+01          LM1     CSRDRIFT   1.433670e+01   3.049101e+01   7.051206e-01  -1.477904e+00   1.869332e-15  -4.032399e-17  -1.700084e-02  -1.556785e-03   1.160080e+00   1.175533e+00   3.061618e-23   3.086080e-07   2.534983e-07   1.631685e+04 
  2.390000e+01          LM1     CSRDRIFT   1.419672e+01   3.078764e+01   6.946775e-01  -1.488347e+00   1.865300e-15  -4.032399e-17  -1.715652e-02  -1.556785e-03   1.167089e+00   1.178796e+00   3.061618e-23   3.086080e-07   2.534983e-07   1.631685e+04 
  2.400000e+01          LM1     CSRDRIFT   1.405883e+01   3.108635e+01   6.842344e-01  -1.498790e+00   1.861267e-15  -4.032399e-17  -1.731220e-02  -1.556785e-03   1.174168e+00   1.182029e+00   3.061618e-23   3.086080e-07   2.534983e-07   1.631685e+04 
  2.410000e+01         QLD1         QUAD   1.399051e+01   3.123647e+01  -6.574779e-08   1.182580e-07   1.861723e-15   4.943697e-17  -1.738806e-02   4.005107e-05   1.181304e+00   1.185235e+00   3.061618e-23   3.086081e-07   2.521903e-07   1.631685e+04 
  2.420000e+01         QLD1         QUAD   1.405883e+01   3.108635e+01  -6.842346e-01   1.498791e+00   1.871162e-15   1.394365e-16  -1.730427e-02   1.634376e-03   1.188440e+00   1.188442e+00   3.061618e-23   3.086081e-07   2.537954e-07   1.631685e+04 
  2.430000e+01          LM1     CSRDRIFT   1.419672e+01   3.078764e+01  -6.946777e-01   1.488348e+00   1.885106e-15   1.394365e-16  -1.714083e-02   1.634376e-03   1.195518e+00   1.191674e+00   3.061618e-23   3.086081e-07   2.537954e-07   1.631685e+04 
  2.440000e+01          LM1     CSRDRIFT   1.433670e+01   3.049101e+01  -7.051208e-01   1.477904e+00   1.899050e-15   1.394365e-16  -1.697740e-02   1.634376e-03   1.202528e+00   1.194938e+00   3.061618e-23   3.086081e-07   2.537954e-07   1.631685e+04 
