-4.912764666187286e-05 1.638721900798213e-13 0.000000000000000e+00
-4.906828383468565e-05 1.636741770024303e-13 0.000000000000000e+00
-4.900892100749843e-05 1.634761639250392e-13 0.000000000000000e+00
-4.894955818031121e-05 1.632781508476481e-13 0.000000000000000e+00
-4.889019535312400e-05 1.630801377702570e-13 0.000000000000000e+00
-4.883083252593678e-05 1.628821246928660e-13 0.000000000000000e+00
-4.877146969874957e-05 1.626841116154749e-13 0.000000000000000e+00
-4.871210687156236e-05 1.624860985380838e-13 0.000000000000000e+00
-4.865274404437514e-05 1.622880854606927e-13 0.000000000000000e+00
-4.859338121718792e-05 1.620900723833017e-13 3.187839090706455e-01
-4.853401839000071e-05 1.618920593059106e-13 0.000000000000000e+00
-4.847465556281350e-05 1.616940462285195e-13 0.000000000000000e+00
-4.841529273562628e-05 1.614960331511285e-13 0.000000000000000e+00
-4.835592990843906e-05 1.612980200737373e-13 0.000000000000000e+00
-4.829656708125185e-05 1.611000069963463e-13 4.250452120941939e-01
-4.823720425406464e-05 1.609019939189552e-13 0.000000000000000e+00
-4.817784142687742e-05 1.607039808415641e-13 0.000000000000000e+00
-4.811847859969021e-05 1.605059677641731e-13 3.187839090706455e-01
-4.805911577250299e-05 1.603079546867820e-13 3.187839090706455e-01
-4.799975294531578e-05 1.601099416093909e-13 3.187839090706455e-01
-4.794039011812856e-05 1.599119285319998e-13 5.313065151177424e-01
-4.788102729094135e-05 1.597139154546088e-13 0.000000000000000e+00
-4.782166446375413e-05 1.595159023772177e-13 0.000000000000000e+00
-4.776230163656691e-05 1.593178892998266e-13 6.375678181412909e-01
-4.770293880937970e-05 1.591198762224355e-13 4.250452120941939e-01
-4.764357598219249e-05 1.589218631450445e-13 4.250452120941939e-01
-4.758421315500527e-05 1.587238500676534e-13 5.313065151177424e-01
-4.752485032781806e-05 1.585258369902623e-13 5.313065151177424e-01
-4.746548750063084e-05 1.583278239128712e-13 9.563517272119364e-01
-4.740612467344363e-05 1.581298108354801e-13 1.062613030235485e+00
-4.734676184625641e-05 1.579317977580891e-13 1.381396939306130e+00
-4.728739901906920e-05 1.577337846806980e-13 7.438291211648395e-01
-4.722803619188199e-05 1.575357716033069e-13 1.275135636282582e+00
-4.716867336469477e-05 1.573377585259158e-13 5.313065151177424e-01
-4.710931053750755e-05 1.571397454485248e-13 2.125226060470970e+00
-4.704994771032034e-05 1.569417323711337e-13 1.168874333259033e+00
-4.699058488313313e-05 1.567437192937426e-13 8.500904241883879e-01
-4.693122205594591e-05 1.565457062163516e-13 1.381396939306130e+00
-4.687185922875869e-05 1.563476931389605e-13 1.593919545353227e+00
-4.681249640157148e-05 1.561496800615694e-13 2.444009969541615e+00
-4.675313357438426e-05 1.559516669841783e-13 1.168874333259033e+00
-4.669377074719705e-05 1.557536539067872e-13 1.381396939306130e+00
-4.663440792000984e-05 1.555556408293962e-13 2.337748666518067e+00
-4.657504509282262e-05 1.553576277520051e-13 1.593919545353227e+00
-4.651568226563540e-05 1.551596146746140e-13 1.381396939306130e+00
-4.645631943844819e-05 1.549616015972229e-13 1.806442151400324e+00
-4.639695661126098e-05 1.547635885198319e-13 2.975316484659358e+00
-4.633759378407376e-05 1.545655754424408e-13 3.294100393730003e+00
-4.627823095688654e-05 1.543675623650497e-13 2.337748666518067e+00
-4.621886812969933e-05 1.541695492876586e-13 2.550271272565164e+00
-4.615950530251212e-05 1.539715362102676e-13 2.231487363494518e+00
-4.610014247532490e-05 1.537735231328765e-13 1.806442151400324e+00
-4.604077964813769e-05 1.535755100554854e-13 1.806442151400324e+00
-4.598141682095047e-05 1.533774969780943e-13 2.975316484659358e+00
-4.592205399376326e-05 1.531794839007032e-13 2.869055181635809e+00
-4.586269116657604e-05 1.529814708233122e-13 2.125226060470970e+00
-4.580332833938883e-05 1.527834577459211e-13 3.400361696753551e+00
-4.574396551220161e-05 1.525854446685300e-13 3.825406908847746e+00
-4.568460268501439e-05 1.523874315911389e-13 3.187839090706455e+00
-4.562523985782718e-05 1.521894185137479e-13 3.719145605824197e+00
-4.556587703063997e-05 1.519914054363568e-13 2.656532575588712e+00
-4.550651420345275e-05 1.517933923589657e-13 4.250452120941939e+00
-4.544715137626554e-05 1.515953792815747e-13 3.187839090706455e+00
-4.538778854907832e-05 1.513973662041836e-13 3.719145605824197e+00
-4.532842572189111e-05 1.511993531267925e-13 4.250452120941939e+00
-4.526906289470389e-05 1.510013400494014e-13 3.294100393730003e+00
-4.520970006751668e-05 1.508033269720103e-13 3.187839090706455e+00
-4.515033724032947e-05 1.506053138946193e-13 4.250452120941939e+00
-4.509097441314225e-05 1.504073008172282e-13 4.250452120941939e+00
-4.503161158595503e-05 1.502092877398371e-13 4.250452120941939e+00
-4.497224875876782e-05 1.500112746624461e-13 5.419326454200973e+00
-4.491288593158061e-05 1.498132615850550e-13 4.144190817918391e+00
-4.485352310439339e-05 1.496152485076639e-13 3.931668211871294e+00
-4.479416027720617e-05 1.494172354302728e-13 4.462974726989037e+00
-4.473479745001896e-05 1.492192223528817e-13 4.037929514894842e+00
-4.467543462283174e-05 1.490212092754907e-13 4.781758636059682e+00
-4.461607179564453e-05 1.488231961980996e-13 4.144190817918391e+00
-4.455670896845732e-05 1.486251831207085e-13 5.313065151177424e+00
-4.449734614127010e-05 1.484271700433174e-13 4.356713423965489e+00
-4.443798331408288e-05 1.482291569659263e-13 4.356713423965489e+00
-4.437862048689567e-05 1.480311438885353e-13 3.506622999777100e+00
-4.431925765970846e-05 1.478331308111442e-13 5.100542545130327e+00
-4.425989483252124e-05 1.476351177337531e-13 5.631849060248070e+00
-4.420053200533402e-05 1.474371046563621e-13 5.419326454200973e+00
-4.414116917814681e-05 1.472390915789710e-13 5.206803848153876e+00
-4.408180635095960e-05 1.470410785015799e-13 4.994281242106779e+00
-4.402244352377238e-05 1.468430654241888e-13 4.994281242106779e+00
-4.396308069658517e-05 1.466450523467978e-13 7.013245999554201e+00
-4.390371786939795e-05 1.464470392694067e-13 5.206803848153876e+00
-4.384435504221074e-05 1.462490261920156e-13 5.206803848153876e+00
-4.378499221502352e-05 1.460510131146245e-13 5.738110363271619e+00
-4.372562938783631e-05 1.458530000372334e-13 6.481939484436458e+00
-4.366626656064909e-05 1.456549869598424e-13 5.100542545130327e+00
-4.360690373346187e-05 1.454569738824513e-13 6.481939484436458e+00
-4.354754090627466e-05 1.452589608050602e-13 6.269416878389361e+00
-4.348817807908745e-05 1.450609477276692e-13 6.375678181412909e+00
-4.342881525190023e-05 1.448629346502781e-13 6.906984696530652e+00
-4.336945242471302e-05 1.446649215728870e-13 6.800723393507103e+00
-4.331008959752580e-05 1.444669084954959e-13 6.481939484436458e+00
-4.325072677033859e-05 1.442688954181048e-13 6.694462090483555e+00
-4.319136394315137e-05 1.440708823407138e-13 7.013245999554201e+00
-4.313200111596416e-05 1.438728692633227e-13 7.969597726766136e+00
-4.307263828877695e-05 1.436748561859316e-13 6.269416878389361e+00
-4.301327546158973e-05 1.434768431085405e-13 6.588200787460006e+00
-4.295391263440251e-05 1.432788300311494e-13 6.694462090483555e+00
-4.289454980721530e-05 1.430808169537584e-13 6.056894272342264e+00
-4.283518698002809e-05 1.428828038763673e-13 7.650813817695491e+00
-4.277582415284087e-05 1.426847907989762e-13 8.182120332813234e+00
-4.271646132565365e-05 1.424867777215852e-13 7.119507302577749e+00
-4.265709849846644e-05 1.422887646441941e-13 5.525587757224521e+00
-4.259773567127922e-05 1.420907515668030e-13 7.438291211648394e+00
-4.253837284409201e-05 1.418927384894119e-13 7.969597726766136e+00
-4.247901001690480e-05 1.416947254120209e-13 8.075859029789685e+00
-4.241964718971758e-05 1.414967123346298e-13 7.332029908624846e+00
-4.236028436253036e-05 1.412986992572387e-13 7.013245999554201e+00
-4.230092153534315e-05 1.411006861798476e-13 8.607165544907428e+00
-4.224155870815594e-05 1.409026731024566e-13 7.438291211648394e+00
-4.218219588096872e-05 1.407046600250655e-13 8.075859029789685e+00
-4.212283305378150e-05 1.405066469476744e-13 8.500904241883878e+00
-4.206347022659429e-05 1.403086338702833e-13 8.075859029789685e+00
-4.200410739940708e-05 1.401106207928923e-13 9.457255969095815e+00
-4.194474457221986e-05 1.399126077155012e-13 7.544552514671943e+00
-4.188538174503265e-05 1.397145946381101e-13 7.332029908624846e+00
-4.182601891784543e-05 1.395165815607190e-13 8.288381635836782e+00
-4.176665609065821e-05 1.393185684833279e-13 9.350994666072268e+00
-4.170729326347100e-05 1.391205554059369e-13 7.757075120719040e+00
-4.164793043628379e-05 1.389225423285458e-13 9.669778575142912e+00
-4.158856760909657e-05 1.387245292511547e-13 9.563517272119364e+00
-4.152920478190935e-05 1.385265161737636e-13 9.669778575142912e+00
-4.146984195472214e-05 1.383285030963725e-13 1.041360769630775e+01
-4.141047912753493e-05 1.381304900189815e-13 9.669778575142912e+00
-4.135111630034771e-05 1.379324769415904e-13 1.041360769630775e+01
-4.129175347316050e-05 1.377344638641993e-13 9.138472060025171e+00
-4.123239064597328e-05 1.375364507868083e-13 1.020108509026065e+01
-4.117302781878607e-05 1.373384377094172e-13 8.713426847930977e+00
-4.111366499159885e-05 1.371404246320261e-13 9.244733363048718e+00
-4.105430216441164e-05 1.369424115546350e-13 9.138472060025171e+00
-4.099493933722443e-05 1.367443984772440e-13 8.288381635836782e+00
-4.093557651003721e-05 1.365463853998529e-13 9.988562484213558e+00
-4.087621368284999e-05 1.363483723224618e-13 9.563517272119364e+00
-4.081685085566278e-05 1.361503592450707e-13 1.073239160537840e+01
-4.075748802847556e-05 1.359523461676797e-13 8.500904241883878e+00
-4.069812520128835e-05 1.357543330902886e-13 1.136995942351969e+01
-4.063876237410113e-05 1.355563200128975e-13 9.988562484213558e+00
-4.057939954691392e-05 1.353583069355064e-13 1.147622072654324e+01
-4.052003671972670e-05 1.351602938581153e-13 1.232631115073162e+01
-4.046067389253949e-05 1.349622807807243e-13 1.136995942351969e+01
-4.040131106535228e-05 1.347642677033332e-13 1.105117551444904e+01
-4.034194823816506e-05 1.345662546259421e-13 1.020108509026065e+01
-4.028258541097784e-05 1.343682415485510e-13 1.147622072654324e+01
-4.022322258379063e-05 1.341702284711600e-13 1.136995942351969e+01
-4.016385975660342e-05 1.339722153937689e-13 1.105117551444904e+01
-4.010449692941620e-05 1.337742023163778e-13 1.030734639328420e+01
-4.004513410222898e-05 1.335761892389867e-13 1.136995942351969e+01
-3.998577127504177e-05 1.333781761615957e-13 1.073239160537840e+01
-3.992640844785456e-05 1.331801630842046e-13 1.020108509026065e+01
-3.986704562066734e-05 1.329821500068135e-13 1.190126593863743e+01
-3.980768279348013e-05 1.327841369294224e-13 9.563517272119364e+00
-3.974831996629291e-05 1.325861238520314e-13 1.317640157492001e+01
-3.968895713910569e-05 1.323881107746403e-13 1.455779851422614e+01
-3.962959431191848e-05 1.321900976972492e-13 1.264509505980227e+01
-3.957023148473127e-05 1.319920846198582e-13 1.264509505980227e+01
-3.951086865754405e-05 1.317940715424671e-13 1.253883375677872e+01
-3.945150583035683e-05 1.315960584650760e-13 1.243257245375517e+01
-3.939214300316962e-05 1.313980453876849e-13 1.285761766584937e+01
-3.933278017598241e-05 1.312000323102938e-13 1.051986899933130e+01
-3.927341734879519e-05 1.310020192329028e-13 1.370770809003776e+01
-3.921405452160798e-05 1.308040061555117e-13 1.200752724166098e+01
-3.915469169442076e-05 1.306059930781206e-13 1.200752724166098e+01
-3.909532886723355e-05 1.304079800007295e-13 1.253883375677872e+01
-3.903596604004633e-05 1.302099669233384e-13 1.317640157492001e+01
-3.897660321285912e-05 1.300119538459474e-13 9.882301181190009e+00
-3.891724038567191e-05 1.298139407685563e-13 1.487658242329679e+01
-3.885787755848469e-05 1.296159276911652e-13 1.296387896887292e+01
-3.879851473129747e-05 1.294179146137742e-13 1.338892418096711e+01
-3.873915190411026e-05 1.292199015363831e-13 1.423901460515550e+01
-3.867978907692304e-05 1.290218884589920e-13 1.317640157492001e+01
-3.862042624973583e-05 1.288238753816009e-13 1.296387896887292e+01
-3.856106342254861e-05 1.286258623042098e-13 1.317640157492001e+01
-3.850170059536140e-05 1.284278492268188e-13 1.477032112027324e+01
-3.844233776817418e-05 1.282298361494277e-13 1.423901460515550e+01
-3.838297494098697e-05 1.280318230720366e-13 1.487658242329679e+01
-3.832361211379976e-05 1.278338099946455e-13 1.540788893841453e+01
-3.826424928661254e-05 1.276357969172545e-13 1.307014027189646e+01
-3.820488645942532e-05 1.274377838398634e-13 1.625797936260292e+01
-3.814552363223811e-05 1.272397707624723e-13 1.349518548399066e+01
-3.808616080505090e-05 1.270417576850813e-13 1.307014027189646e+01
-3.802679797786368e-05 1.268437446076902e-13 1.392023069608485e+01
-3.796743515067646e-05 1.266457315302991e-13 1.253883375677872e+01
-3.790807232348925e-05 1.264477184529080e-13 1.370770809003776e+01
-3.784870949630204e-05 1.262497053755169e-13 1.519536633236743e+01
-3.778934666911482e-05 1.260516922981259e-13 1.583293415050873e+01
-3.772998384192761e-05 1.258536792207348e-13 1.445153721120260e+01
-3.767062101474039e-05 1.256556661433437e-13 1.572667284748518e+01
-3.761125818755317e-05 1.254576530659526e-13 1.572667284748518e+01
-3.755189536036596e-05 1.252596399885615e-13 1.466405981724969e+01
-3.749253253317875e-05 1.250616269111705e-13 1.933955715028582e+01
-3.743316970599153e-05 1.248636138337794e-13 1.583293415050873e+01
-3.737380687880431e-05 1.246656007563883e-13 1.413275330213195e+01
-3.731444405161710e-05 1.244675876789973e-13 1.700180848376776e+01
-3.725508122442989e-05 1.242695746016062e-13 1.296387896887292e+01
-3.719571839724267e-05 1.240715615242151e-13 1.530162763539098e+01
-3.713635557005546e-05 1.238735484468240e-13 1.721433108981486e+01
-3.707699274286824e-05 1.236755353694329e-13 1.647050196865002e+01
-3.701762991568103e-05 1.234775222920419e-13 1.636424066562647e+01
-3.695826708849381e-05 1.232795092146508e-13 1.604545675655582e+01
-3.689890426130660e-05 1.230814961372597e-13 1.370770809003776e+01
-3.683954143411939e-05 1.228834830598686e-13 1.732059239283840e+01
-3.678017860693217e-05 1.226854699824776e-13 1.657676327167356e+01
-3.672081577974495e-05 1.224874569050865e-13 1.732059239283840e+01
-3.666145295255774e-05 1.222894438276954e-13 1.753311499888550e+01
-3.660209012537052e-05 1.220914307503044e-13 1.572667284748518e+01
-3.654272729818331e-05 1.218934176729133e-13 1.817068281702679e+01
-3.648336447099609e-05 1.216954045955222e-13 1.615171805957937e+01
-3.642400164380888e-05 1.214973915181311e-13 1.519536633236743e+01
-3.636463881662166e-05 1.212993784407400e-13 1.848946672609744e+01
-3.630527598943445e-05 1.211013653633490e-13 1.721433108981486e+01
-3.624591316224724e-05 1.209033522859579e-13 1.562041154446163e+01
-3.618655033506002e-05 1.207053392085668e-13 1.848946672609744e+01
-3.612718750787280e-05 1.205073261311757e-13 1.657676327167356e+01
-3.606782468068559e-05 1.203093130537846e-13 1.955207975633292e+01
-3.600846185349838e-05 1.201112999763936e-13 1.657676327167356e+01
-3.594909902631116e-05 1.199132868990025e-13 1.912703454423873e+01
-3.588973619912394e-05 1.197152738216114e-13 1.848946672609744e+01
-3.583037337193673e-05 1.195172607442204e-13 1.806442151400324e+01
-3.577101054474952e-05 1.193192476668293e-13 1.700180848376776e+01
-3.571164771756230e-05 1.191212345894382e-13 1.902077324121518e+01
-3.565228489037509e-05 1.189232215120471e-13 1.795816021097970e+01
-3.559292206318787e-05 1.187252084346560e-13 1.763937630190905e+01
-3.553355923600065e-05 1.185271953572650e-13 1.902077324121518e+01
-3.547419640881344e-05 1.183291822798739e-13 1.477032112027324e+01
-3.541483358162623e-05 1.181311692024828e-13 1.997712496842712e+01
-3.535547075443901e-05 1.179331561250918e-13 2.029590887749776e+01
-3.529610792725179e-05 1.177351430477007e-13 1.785189890795615e+01
-3.523674510006458e-05 1.175371299703096e-13 2.061469278656841e+01
-3.517738227287737e-05 1.173391168929185e-13 1.944581845330937e+01
-3.511801944569015e-05 1.171411038155275e-13 1.880825063516808e+01
-3.505865661850294e-05 1.169430907381364e-13 1.806442151400324e+01
-3.499929379131572e-05 1.167450776607453e-13 2.018964757447421e+01
-3.493993096412851e-05 1.165470645833542e-13 1.848946672609744e+01
-3.488056813694129e-05 1.163490515059631e-13 2.114599930168615e+01
-3.482120530975408e-05 1.161510384285721e-13 1.880825063516808e+01
-3.476184248256687e-05 1.159530253511810e-13 1.870198933214454e+01
-3.470247965537965e-05 1.157550122737899e-13 1.976460236238002e+01
-3.464311682819243e-05 1.155569991963988e-13 2.082721539261550e+01
-3.458375400100522e-05 1.153589861190078e-13 2.050843148354486e+01
-3.452439117381800e-05 1.151609730416167e-13 1.976460236238002e+01
-3.446502834663079e-05 1.149629599642256e-13 2.125226060470970e+01
-3.440566551944357e-05 1.147649468868345e-13 2.061469278656841e+01
-3.434630269225636e-05 1.145669338094435e-13 2.050843148354486e+01
-3.428693986506914e-05 1.143689207320524e-13 1.933955715028582e+01
-3.422757703788193e-05 1.141709076546613e-13 2.093347669563905e+01
-3.416821421069472e-05 1.139728945772702e-13 1.944581845330937e+01
-3.410885138350750e-05 1.137748814998791e-13 2.188982842285099e+01
-3.404948855632028e-05 1.135768684224881e-13 2.157104451378034e+01
-3.399012572913307e-05 1.133788553450970e-13 2.199608972587454e+01
-3.393076290194586e-05 1.131808422677059e-13 2.284618015006292e+01
-3.387140007475864e-05 1.129828291903149e-13 2.231487363494518e+01
-3.381203724757142e-05 1.127848161129238e-13 2.008338627145066e+01
-3.375267442038421e-05 1.125868030355327e-13 1.944581845330937e+01
-3.369331159319700e-05 1.123887899581416e-13 2.327122536215712e+01
-3.363394876600977e-05 1.121907768807505e-13 2.072095408959196e+01
-3.357458593882257e-05 1.119927638033595e-13 2.284618015006292e+01
-3.351522311163535e-05 1.117947507259684e-13 2.273991884703938e+01
-3.345586028444813e-05 1.115967376485773e-13 2.146478321075680e+01
-3.339649745726092e-05 1.113987245711862e-13 2.114599930168615e+01
-3.333713463007370e-05 1.112007114937952e-13 2.433383839239260e+01
-3.327777180288649e-05 1.110026984164041e-13 2.422757708936906e+01
-3.321840897569927e-05 1.108046853390130e-13 2.114599930168615e+01
-3.315904614851206e-05 1.106066722616219e-13 2.305870275611002e+01
-3.309968332132485e-05 1.104086591842309e-13 2.295244145308648e+01
-3.304032049413763e-05 1.102106461068398e-13 2.231487363494518e+01
-3.298095766695042e-05 1.100126330294487e-13 2.412131578634551e+01
-3.292159483976320e-05 1.098146199520576e-13 2.273991884703938e+01
-3.286223201257599e-05 1.096166068746666e-13 2.348374796820422e+01
-3.280286918538877e-05 1.094185937972755e-13 2.210235102889808e+01
-3.274350635820155e-05 1.092205807198844e-13 2.242113493796873e+01
-3.268414353101435e-05 1.090225676424933e-13 2.529019011960454e+01
-3.262478070382712e-05 1.088245545651022e-13 2.518392881658099e+01
-3.256541787663991e-05 1.086265414877112e-13 2.231487363494518e+01
-3.250605504945270e-05 1.084285284103201e-13 2.677784836193422e+01
-3.244669222226548e-05 1.082305153329290e-13 2.103973799866260e+01
-3.238732939507827e-05 1.080325022555380e-13 2.603401924076938e+01
-3.232796656789105e-05 1.078344891781469e-13 2.529019011960454e+01
-3.226860374070384e-05 1.076364761007558e-13 2.762793878612261e+01
-3.220924091351662e-05 1.074384630233647e-13 2.401505448332196e+01
-3.214987808632940e-05 1.072404499459736e-13 2.210235102889808e+01
-3.209051525914220e-05 1.070424368685826e-13 2.507766751355744e+01
-3.203115243195498e-05 1.068444237911915e-13 2.316496405913357e+01
-3.197178960476776e-05 1.066464107138004e-13 2.656532575588712e+01
-3.191242677758055e-05 1.064483976364094e-13 2.730915487705196e+01
-3.185306395039333e-05 1.062503845590183e-13 2.645906445286358e+01
-3.179370112320612e-05 1.060523714816272e-13 2.507766751355744e+01
-3.173433829601890e-05 1.058543584042361e-13 2.348374796820422e+01
-3.167497546883169e-05 1.056563453268450e-13 2.433383839239260e+01
-3.161561264164447e-05 1.054583322494540e-13 2.645906445286358e+01
-3.155624981445725e-05 1.052603191720629e-13 2.784046139216970e+01
-3.149688698727005e-05 1.050623060946718e-13 2.497140621053390e+01
-3.143752416008283e-05 1.048642930172807e-13 2.709663227100486e+01
-3.137816133289561e-05 1.046662799398897e-13 2.847802921031100e+01
-3.131879850570840e-05 1.044682668624986e-13 2.741541618007551e+01
-3.125943567852118e-05 1.042702537851075e-13 2.422757708936906e+01
-3.120007285133397e-05 1.040722407077164e-13 2.603401924076938e+01
-3.114071002414675e-05 1.038742276303254e-13 2.932811963449938e+01
-3.108134719695954e-05 1.036762145529343e-13 2.614028054379293e+01
-3.102198436977233e-05 1.034782014755432e-13 2.784046139216970e+01
-3.096262154258511e-05 1.032801883981521e-13 2.773420008914616e+01
-3.090325871539790e-05 1.030821753207611e-13 2.858429051333454e+01
-3.084389588821068e-05 1.028841622433700e-13 2.922185833147584e+01
-3.078453306102347e-05 1.026861491659789e-13 2.603401924076938e+01
-3.072517023383625e-05 1.024881360885878e-13 2.890307442240519e+01
-3.066580740664903e-05 1.022901230111967e-13 2.858429051333454e+01
-3.060644457946182e-05 1.020921099338057e-13 2.858429051333454e+01
-3.054708175227460e-05 1.018940968564146e-13 2.614028054379293e+01
-3.048771892508739e-05 1.016960837790235e-13 3.017821005868777e+01
-3.042835609790018e-05 1.014980707016325e-13 2.911559702845229e+01
-3.036899327071296e-05 1.013000576242414e-13 2.869055181635809e+01
-3.030963044352575e-05 1.011020445468503e-13 2.964690354357003e+01
-3.025026761633853e-05 1.009040314694592e-13 3.198465221008810e+01
-3.019090478915132e-05 1.007060183920681e-13 3.166586830101745e+01
-3.013154196196410e-05 1.005080053146771e-13 3.230343611915874e+01
-3.007217913477689e-05 1.003099922372860e-13 2.699037096798132e+01
-3.001281630758967e-05 1.001119791598949e-13 2.826550660426390e+01
-2.995345348040246e-05 9.991396608250385e-14 2.890307442240519e+01
-2.989409065321524e-05 9.971595300511277e-14 3.177212960404100e+01
-2.983472782602803e-05 9.951793992772169e-14 3.240969742218229e+01
-2.977536499884081e-05 9.931992685033061e-14 2.826550660426390e+01
-2.971600217165360e-05 9.912191377293953e-14 3.283474263427648e+01
-2.965663934446639e-05 9.892390069554847e-14 3.347231045241777e+01
-2.959727651727917e-05 9.872588761815739e-14 2.932811963449938e+01
-2.953791369009195e-05 9.852787454076631e-14 2.911559702845229e+01
-2.947855086290474e-05 9.832986146337523e-14 3.357857175544132e+01
-2.941918803571752e-05 9.813184838598417e-14 3.410987827055907e+01
-2.935982520853031e-05 9.793383530859309e-14 3.092203917985261e+01
-2.930046238134309e-05 9.773582223120201e-14 3.570379781591230e+01
-2.924109955415588e-05 9.753780915381094e-14 3.219717481613520e+01
-2.918173672696866e-05 9.733979607641985e-14 3.262222002822939e+01
-2.912237389978145e-05 9.714178299902878e-14 3.538501390684165e+01
-2.906301107259424e-05 9.694376992163770e-14 3.092203917985261e+01
-2.900364824540702e-05 9.674575684424663e-14 3.049699396775842e+01
-2.894428541821981e-05 9.654774376685556e-14 3.400361696753551e+01
-2.888492259103259e-05 9.634973068946447e-14 3.549127520986519e+01
-2.882555976384538e-05 9.615171761207340e-14 3.368483305846487e+01
-2.876619693665816e-05 9.595370453468234e-14 3.612884302800649e+01
-2.870683410947095e-05 9.575569145729124e-14 3.400361696753551e+01
-2.864747128228373e-05 9.555767837990018e-14 3.495996869474745e+01
-2.858810845509651e-05 9.535966530250910e-14 3.495996869474745e+01
-2.852874562790930e-05 9.516165222511802e-14 3.410987827055907e+01
-2.846938280072209e-05 9.496363914772695e-14 3.453492348265326e+01
-2.841001997353487e-05 9.476562607033587e-14 3.453492348265326e+01
-2.835065714634766e-05 9.456761299294480e-14 3.963546602778359e+01
-2.829129431916044e-05 9.436959991555372e-14 3.867911430057165e+01
-2.823193149197323e-05 9.417158683816264e-14 3.506622999777100e+01
-2.817256866478601e-05 9.397357376077157e-14 3.591632042195939e+01
-2.811320583759880e-05 9.377556068338049e-14 3.740397866428907e+01
-2.805384301041158e-05 9.357754760598941e-14 3.729771736126552e+01
-2.799448018322437e-05 9.337953452859834e-14 3.697893345219487e+01
-2.793511735603715e-05 9.318152145120727e-14 3.910415951266584e+01
-2.787575452884994e-05 9.298350837381619e-14 3.655388824010068e+01
-2.781639170166272e-05 9.278549529642511e-14 3.485370739172391e+01
-2.775702887447551e-05 9.258748221903404e-14 3.761650127033617e+01
-2.769766604728829e-05 9.238946914164295e-14 4.197321469430165e+01
-2.763830322010108e-05 9.219145606425189e-14 3.804154648243036e+01
-2.757894039291387e-05 9.199344298686081e-14 3.623510433103004e+01
-2.751957756572665e-05 9.179542990946973e-14 3.814780778545391e+01
-2.746021473853943e-05 9.159741683207866e-14 4.133564687616036e+01
-2.740085191135222e-05 9.139940375468757e-14 3.623510433103004e+01
-2.734148908416500e-05 9.120139067729651e-14 4.027303384592488e+01
-2.728212625697779e-05 9.100337759990544e-14 4.154816948220746e+01
-2.722276342979057e-05 9.080536452251435e-14 4.154816948220746e+01
-2.716340060260336e-05 9.060735144512328e-14 3.984798863383068e+01
-2.710403777541614e-05 9.040933836773220e-14 4.505479248198456e+01
-2.704467494822893e-05 9.021132529034112e-14 3.782902387638326e+01
-2.698531212104172e-05 9.001331221295006e-14 3.889163690661875e+01
-2.692594929385450e-05 8.981529913555898e-14 4.346087293663133e+01
-2.686658646666729e-05 8.961728605816790e-14 4.367339554267843e+01
-2.680722363948007e-05 8.941927298077682e-14 4.367339554267843e+01
-2.674786081229286e-05 8.922125990338574e-14 3.899789820964229e+01
-2.668849798510564e-05 8.902324682599468e-14 4.431096336081972e+01
-2.662913515791843e-05 8.882523374860360e-14 4.473600857291392e+01
-2.656977233073121e-05 8.862722067121252e-14 4.399217945174907e+01
-2.651040950354399e-05 8.842920759382144e-14 4.760506375454973e+01
-2.645104667635678e-05 8.823119451643037e-14 4.165443078523101e+01
-2.639168384916957e-05 8.803318143903929e-14 3.974172733080714e+01
-2.633232102198235e-05 8.783516836164821e-14 4.834889287571456e+01
-2.627295819479514e-05 8.763715528425715e-14 4.399217945174907e+01
-2.621359536760792e-05 8.743914220686606e-14 4.473600857291392e+01
-2.615423254042071e-05 8.724112912947499e-14 4.324835033058424e+01
-2.609486971323349e-05 8.704311605208391e-14 4.569236030012585e+01
-2.603550688604628e-05 8.684510297469283e-14 4.579862160314940e+01
-2.597614405885906e-05 8.664708989730177e-14 5.058038023920908e+01
-2.591678123167185e-05 8.644907681991067e-14 4.356713423965488e+01
-2.585741840448463e-05 8.625106374251961e-14 4.494853117896101e+01
-2.579805557729742e-05 8.605305066512854e-14 4.537357639105520e+01
-2.573869275011020e-05 8.585503758773745e-14 4.994281242106779e+01
-2.567932992292299e-05 8.565702451034638e-14 4.664871202733779e+01
-2.561996709573577e-05 8.545901143295531e-14 4.760506375454973e+01
-2.556060426854856e-05 8.526099835556423e-14 4.781758636059682e+01
-2.550124144136134e-05 8.506298527817316e-14 4.888019939083230e+01
-2.544187861417413e-05 8.486497220078208e-14 4.760506375454973e+01
-2.538251578698691e-05 8.466695912339100e-14 5.004907372409134e+01
-2.532315295979970e-05 8.446894604599992e-14 5.185551587549166e+01
-2.526379013261248e-05 8.427093296860884e-14 4.739254114850263e+01
-2.520442730542527e-05 8.407291989121778e-14 4.728627984547908e+01
-2.514506447823805e-05 8.387490681382670e-14 5.132420936037392e+01
-2.508570165105084e-05 8.367689373643562e-14 5.026159633013844e+01
-2.502633882386362e-05 8.347888065904454e-14 5.429952584503328e+01
-2.496697599667641e-05 8.328086758165348e-14 5.015533502711489e+01
-2.490761316948920e-05 8.308285450426240e-14 5.068664154223263e+01
-2.484825034230198e-05 8.288484142687132e-14 5.334317411782134e+01
-2.478888751511477e-05 8.268682834948025e-14 4.994281242106779e+01
-2.472952468792755e-05 8.248881527208916e-14 5.153673196642102e+01
-2.467016186074034e-05 8.229080219469809e-14 5.546840017829231e+01
-2.461079903355312e-05 8.209278911730701e-14 5.238682239060940e+01
-2.455143620636591e-05 8.189477603991594e-14 5.568092278433941e+01
-2.449207337917869e-05 8.169676296252487e-14 5.302439020875070e+01
-2.443271055199147e-05 8.149874988513378e-14 5.058038023920908e+01
-2.437334772480426e-05 8.130073680774271e-14 5.429952584503328e+01
-2.431398489761705e-05 8.110272373035165e-14 5.461830975410393e+01
-2.425462207042983e-05 8.090471065296055e-14 5.557466148131586e+01
-2.419525924324262e-05 8.070669757556949e-14 5.897502317806941e+01
-2.413589641605540e-05 8.050868449817841e-14 4.973028981502070e+01
-2.407653358886819e-05 8.031067142078733e-14 5.387448063293908e+01
-2.401717076168097e-05 8.011265834339626e-14 6.003763620830490e+01
-2.395780793449376e-05 7.991464526600518e-14 5.780614884481038e+01
-2.389844510730654e-05 7.971663218861411e-14 5.876250057202232e+01
-2.383908228011933e-05 7.951861911122303e-14 5.653101320852780e+01
-2.377971945293211e-05 7.932060603383195e-14 5.408700323898618e+01
-2.372035662574490e-05 7.912259295644088e-14 5.886876187504586e+01
-2.366099379855768e-05 7.892457987904980e-14 6.056894272342264e+01
-2.360163097137047e-05 7.872656680165872e-14 5.376821932991554e+01
-2.354226814418325e-05 7.852855372426765e-14 5.908128448109296e+01
-2.348290531699604e-05 7.833054064687658e-14 6.237538487482296e+01
-2.342354248980882e-05 7.813252756948550e-14 5.886876187504586e+01
-2.336417966262161e-05 7.793451449209442e-14 6.195033966272877e+01
-2.330481683543439e-05 7.773650141470336e-14 5.695605842062199e+01
-2.324545400824718e-05 7.753848833731226e-14 5.918754578411651e+01
-2.318609118105996e-05 7.734047525992120e-14 6.258790748087006e+01
-2.312672835387275e-05 7.714246218253012e-14 6.195033966272877e+01
-2.306736552668553e-05 7.694444910513904e-14 6.481939484436458e+01
-2.300800269949832e-05 7.674643602774797e-14 6.418182702622329e+01
-2.294863987231110e-05 7.654842295035688e-14 6.439434963227039e+01
-2.288927704512389e-05 7.635040987296582e-14 6.035642011737554e+01
-2.282991421793668e-05 7.615239679557475e-14 6.513817875343523e+01
-2.277055139074946e-05 7.595438371818366e-14 6.184407835970522e+01
-2.271118856356225e-05 7.575637064079259e-14 6.067520402644619e+01
-2.265182573637503e-05 7.555835756340151e-14 6.705088220785910e+01
-2.259246290918782e-05 7.536034448601043e-14 6.354425920808200e+01
-2.253310008200060e-05 7.516233140861937e-14 6.450061093529393e+01
-2.247373725481338e-05 7.496431833122829e-14 6.481939484436458e+01
-2.241437442762617e-05 7.476630525383721e-14 6.577574657157652e+01
-2.235501160043895e-05 7.456829217644613e-14 6.906984696530652e+01
-2.229564877325174e-05 7.437027909905505e-14 6.673209829878846e+01
-2.223628594606453e-05 7.417226602166399e-14 6.598826917762361e+01
-2.217692311887731e-05 7.397425294427291e-14 6.481939484436458e+01
-2.211756029169010e-05 7.377623986688183e-14 7.268273126810716e+01
-2.205819746450288e-05 7.357822678949075e-14 6.843227914716523e+01
-2.199883463731567e-05 7.338021371209968e-14 6.906984696530652e+01
-2.193947181012845e-05 7.318220063470860e-14 6.800723393507103e+01
-2.188010898294124e-05 7.298418755731752e-14 7.023872129856555e+01
-2.182074615575402e-05 7.278617447992646e-14 6.747592741995329e+01
-2.176138332856681e-05 7.258816140253537e-14 7.204516344996588e+01
-2.170202050137959e-05 7.239014832514430e-14 7.363908299531910e+01
-2.164265767419238e-05 7.219213524775322e-14 7.310777648020137e+01
-2.158329484700516e-05 7.199412217036214e-14 7.023872129856555e+01
-2.152393201981795e-05 7.179610909297108e-14 6.896358566228297e+01
-2.146456919263073e-05 7.159809601557999e-14 7.321403778322491e+01
-2.140520636544352e-05 7.140008293818892e-14 7.661439947997846e+01
-2.134584353825630e-05 7.120206986079785e-14 7.523300254067233e+01
-2.128648071106909e-05 7.100405678340676e-14 7.374534429834266e+01
-2.122711788388187e-05 7.080604370601569e-14 7.034498260158909e+01
-2.116775505669466e-05 7.060803062862462e-14 7.385160560136620e+01
-2.110839222950744e-05 7.041001755123354e-14 7.852710293440234e+01
-2.104902940232023e-05 7.021200447384247e-14 7.523300254067233e+01
-2.098966657513301e-05 7.001399139645139e-14 7.597683166183717e+01
-2.093030374794580e-05 6.981597831906031e-14 7.597683166183717e+01
-2.087094092075858e-05 6.961796524166923e-14 7.916467075254363e+01
-2.081157809357137e-05 6.941995216427816e-14 7.927093205556717e+01
-2.075221526638416e-05 6.922193908688709e-14 8.097111290394395e+01
-2.069285243919694e-05 6.902392600949601e-14 8.001476117673201e+01
-2.063348961200973e-05 6.882591293210493e-14 7.937719335859072e+01
-2.057412678482251e-05 6.862789985471385e-14 7.820831902533169e+01
-2.051476395763530e-05 6.842988677732279e-14 8.330886157046201e+01
-2.045540113044808e-05 6.823187369993171e-14 7.629561557090781e+01
-2.039603830326086e-05 6.803386062254063e-14 8.777183629745106e+01
-2.033667547607365e-05 6.783584754514956e-14 7.969597726766136e+01
-2.027731264888643e-05 6.763783446775847e-14 8.394642938860331e+01
-2.021794982169922e-05 6.743982139036740e-14 8.692174587326267e+01
-2.015858699451201e-05 6.724180831297633e-14 8.713426847930977e+01
-2.009922416732479e-05 6.704379523558525e-14 8.075859029789686e+01
-2.003986134013758e-05 6.684578215819418e-14 8.384016808557976e+01
-1.998049851295036e-05 6.664776908080309e-14 8.755931369140396e+01
-1.992113568576315e-05 6.644975600341202e-14 8.639043935814492e+01
-1.986177285857593e-05 6.625174292602096e-14 8.936575584280428e+01
-1.980241003138872e-05 6.605372984862986e-14 8.511530372186235e+01
-1.974304720420150e-05 6.585571677123880e-14 8.904697193373363e+01
-1.968368437701429e-05 6.565770369384772e-14 8.819688150954525e+01
-1.962432154982707e-05 6.545969061645664e-14 9.297864014560493e+01
-1.956495872263986e-05 6.526167753906557e-14 8.851566541861590e+01
-1.950559589545264e-05 6.506366446167448e-14 9.159724320629880e+01
-1.944623306826543e-05 6.486565138428342e-14 9.436003708491106e+01
-1.938687024107821e-05 6.466763830689234e-14 9.191602711536945e+01
-1.932750741389100e-05 6.446962522950126e-14 9.499760490305235e+01
-1.926814458670378e-05 6.427161215211019e-14 9.446629838793461e+01
-1.920878175951657e-05 6.407359907471911e-14 9.563517272119364e+01
-1.914941893232935e-05 6.387558599732803e-14 9.531638881212299e+01
-1.909005610514214e-05 6.367757291993696e-14 9.457255969095816e+01
-1.903069327795492e-05 6.347955984254589e-14 9.648526314538204e+01
-1.897133045076771e-05 6.328154676515481e-14 1.004169313572533e+02
-1.891196762358049e-05 6.308353368776373e-14 9.499760490305235e+01
-1.885260479639328e-05 6.288552061037265e-14 1.026484187207478e+02
-1.879324196920606e-05 6.268750753298157e-14 9.669778575142912e+01
-1.873387914201885e-05 6.248949445559051e-14 1.008419765693475e+02
-1.867451631483164e-05 6.229148137819943e-14 1.028609413267949e+02
-1.861515348764442e-05 6.209346830080835e-14 1.065800869326191e+02
-1.855579066045721e-05 6.189545522341728e-14 1.034985091449362e+02
-1.849642783326999e-05 6.169744214602620e-14 1.032859865388891e+02
-1.843706500608277e-05 6.149942906863511e-14 1.000981474481827e+02
-1.837770217889556e-05 6.130141599124405e-14 1.093428808112314e+02
-1.831833935170834e-05 6.110340291385297e-14 1.060487804175014e+02
-1.825897652452113e-05 6.090538983646190e-14 1.051986899933130e+02
-1.819961369733392e-05 6.070737675907082e-14 1.077489612658782e+02
-1.814025087014670e-05 6.050936368167973e-14 1.130620264170556e+02
-1.808088804295948e-05 6.031135060428866e-14 1.111493229626317e+02
-1.802152521577227e-05 6.011333752689759e-14 1.145496846593853e+02
-1.796216238858506e-05 5.991532444950652e-14 1.080677451749488e+02
-1.790279956139784e-05 5.971731137211545e-14 1.144434233563617e+02
-1.784343673421062e-05 5.951929829472435e-14 1.123181972958908e+02
-1.778407390702341e-05 5.932128521733328e-14 1.102992325384433e+02
-1.772471107983620e-05 5.912327213994222e-14 1.153997750835737e+02
-1.766534825264898e-05 5.892525906255114e-14 1.117868907807730e+02
-1.760598542546177e-05 5.872724598516007e-14 1.228380662952220e+02
-1.754662259827455e-05 5.852923290776898e-14 1.214566693559159e+02
-1.748725977108734e-05 5.833121983037790e-14 1.144434233563617e+02
-1.742789694390012e-05 5.813320675298683e-14 1.228380662952220e+02
-1.736853411671291e-05 5.793519367559576e-14 1.195439659014921e+02
-1.730917128952569e-05 5.773718059820469e-14 1.224130210831279e+02
-1.724980846233847e-05 5.753916752081360e-14 1.226255436891750e+02
-1.719044563515126e-05 5.734115444342252e-14 1.201815337196333e+02
-1.713108280796405e-05 5.714314136603145e-14 1.242194632345282e+02
-1.707171998077683e-05 5.694512828864039e-14 1.268759958101169e+02
-1.701235715358962e-05 5.674711521124931e-14 1.273010410222111e+02
-1.695299432640240e-05 5.654910213385822e-14 1.310201866280353e+02
-1.689363149921519e-05 5.635108905646714e-14 1.266634732040698e+02
-1.683426867202797e-05 5.615307597907608e-14 1.307014027189646e+02
-1.677490584484076e-05 5.595506290168500e-14 1.265572119010463e+02
-1.671554301765355e-05 5.575704982429393e-14 1.329328900824592e+02
-1.665618019046633e-05 5.555903674690284e-14 1.338892418096711e+02
-1.659681736327911e-05 5.536102366951177e-14 1.319765383552472e+02
-1.653745453609190e-05 5.516301059212070e-14 1.320827996582708e+02
-1.647809170890469e-05 5.496499751472962e-14 1.379271713245659e+02
-1.641872888171747e-05 5.476698443733855e-14 1.363332517792127e+02
-1.635936605453025e-05 5.456897135994746e-14 1.353769000520008e+02
-1.630000322734304e-05 5.437095828255639e-14 1.404774425971311e+02
-1.624064040015582e-05 5.417294520516531e-14 1.414337943243430e+02
-1.618127757296861e-05 5.397493212777425e-14 1.431339751727198e+02
-1.612191474578140e-05 5.377691905038317e-14 1.389897843548014e+02
-1.606255191859418e-05 5.357890597299208e-14 1.467468594755205e+02
-1.600318909140696e-05 5.338089289560101e-14 1.456842464452850e+02
-1.594382626421975e-05 5.318287981820994e-14 1.474906885966853e+02
-1.588446343703254e-05 5.298486674081887e-14 1.389897843548014e+02
-1.582510060984532e-05 5.278685366342779e-14 1.461092916573792e+02
-1.576573778265810e-05 5.258884058603670e-14 1.455779851422614e+02
-1.570637495547089e-05 5.239082750864563e-14 1.556728089294985e+02
-1.564701212828368e-05 5.219281443125456e-14 1.472781659906382e+02
-1.558764930109646e-05 5.199480135386348e-14 1.557790702325221e+02
-1.552828647390925e-05 5.179678827647242e-14 1.490846081420385e+02
-1.546892364672203e-05 5.159877519908132e-14 1.601357836564876e+02
-1.540956081953482e-05 5.140076212169025e-14 1.551415024143808e+02
-1.535019799234760e-05 5.120274904429918e-14 1.590731706262521e+02
-1.529083516516039e-05 5.100473596690811e-14 1.584356028081108e+02
-1.523147233797317e-05 5.080672288951704e-14 1.617297032018408e+02
-1.517210951078595e-05 5.060870981212594e-14 1.679991200802302e+02
-1.511274668359874e-05 5.041069673473487e-14 1.597107384443934e+02
-1.505338385641153e-05 5.021268365734380e-14 1.622610097169585e+02
-1.499402102922431e-05 5.001467057995273e-14 1.725683561102427e+02
-1.493465820203710e-05 4.981665750256165e-14 1.632173614441705e+02
-1.487529537484988e-05 4.961864442517056e-14 1.733121852314076e+02
-1.481593254766267e-05 4.942063134777949e-14 1.639611905653353e+02
-1.475656972047545e-05 4.922261827038842e-14 1.742685369586195e+02
-1.469720689328824e-05 4.902460519299735e-14 1.761812404130434e+02
-1.463784406610103e-05 4.882659211560628e-14 1.710806978679131e+02
-1.457848123891381e-05 4.862857903821518e-14 1.831944864125976e+02
-1.451911841172659e-05 4.843056596082411e-14 1.768188082311847e+02
-1.445975558453938e-05 4.823255288343304e-14 1.754374112918786e+02
-1.440039275735217e-05 4.803453980604197e-14 1.761812404130434e+02
-1.434102993016495e-05 4.783652672865090e-14 1.857447576851628e+02
-1.428166710297773e-05 4.763851365125980e-14 1.829819638065505e+02
-1.422230427579052e-05 4.744050057386873e-14 1.904202550181989e+02
-1.416294144860330e-05 4.724248749647766e-14 1.846821446549273e+02
-1.410357862141609e-05 4.704447441908659e-14 1.915891293514579e+02
-1.404421579422888e-05 4.684646134169552e-14 1.889325967758692e+02
-1.398485296704166e-05 4.664844826430442e-14 1.896764258970341e+02
-1.392549013985444e-05 4.645043518691335e-14 2.003025561993889e+02
-1.386612731266723e-05 4.625242210952228e-14 1.912703454423873e+02
-1.380676448548002e-05 4.605440903213121e-14 2.050843148354486e+02
-1.374740165829280e-05 4.585639595474014e-14 1.958395814723999e+02
-1.368803883110558e-05 4.565838287734905e-14 2.032778726840483e+02
-1.362867600391837e-05 4.546036979995798e-14 2.024277822598599e+02
-1.356931317673116e-05 4.526235672256690e-14 2.086971991382492e+02
-1.350995034954394e-05 4.506434364517583e-14 2.124163447440734e+02
-1.345058752235673e-05 4.486633056778476e-14 2.016839531386950e+02
-1.339122469516951e-05 4.466831749039367e-14 2.164542742589683e+02
-1.333186186798229e-05 4.447030441300259e-14 2.140102642894267e+02
-1.327249904079508e-05 4.427229133561152e-14 2.150728773196622e+02
-1.321313621360787e-05 4.407427825822045e-14 2.158167064408270e+02
-1.315377338642065e-05 4.387626518082938e-14 2.208109876829338e+02
-1.309441055923343e-05 4.367825210343828e-14 2.192170681375805e+02
-1.303504773204622e-05 4.348023902604722e-14 2.273991884703938e+02
-1.297568490485901e-05 4.328222594865615e-14 2.254864850159699e+02
-1.291632207767179e-05 4.308421287126507e-14 2.269741432582996e+02
-1.285695925048458e-05 4.288619979387400e-14 2.363251379243718e+02
-1.279759642329736e-05 4.268818671648291e-14 2.320746858034299e+02
-1.273823359611015e-05 4.249017363909184e-14 2.310120727731944e+02
-1.267887076892293e-05 4.229216056170076e-14 2.393004544090312e+02
-1.261950794173572e-05 4.209414748430969e-14 2.360063540153012e+02
-1.256014511454851e-05 4.189613440691862e-14 2.357938314092541e+02
-1.250078228736129e-05 4.169812132952753e-14 2.504578912265038e+02
-1.244141946017407e-05 4.150010825213645e-14 2.476950973478915e+02
-1.238205663298686e-05 4.130209517474539e-14 2.464199617116089e+02
-1.232269380579964e-05 4.110408209735432e-14 2.532206851051160e+02
-1.226333097861243e-05 4.090606901996324e-14 2.512017203476686e+02
-1.220396815142521e-05 4.070805594257215e-14 2.583212276502464e+02
-1.214460532423800e-05 4.051004286518108e-14 2.565147854988460e+02
-1.208524249705078e-05 4.031202978779001e-14 2.615090667409528e+02
-1.202587966986357e-05 4.011401671039893e-14 2.517330268627864e+02
-1.196651684267636e-05 3.991600363300786e-14 2.682035288314364e+02
-1.190715401548914e-05 3.971799055561677e-14 2.682035288314364e+02
-1.184779118830192e-05 3.951997747822570e-14 2.721351970433077e+02
-1.178842836111471e-05 3.932196440083462e-14 2.678847449223658e+02
-1.172906553392750e-05 3.912395132344356e-14 2.739416391947080e+02
-1.166970270674028e-05 3.892593824605249e-14 2.771294782854145e+02
-1.161033987955306e-05 3.872792516866139e-14 2.760668652551790e+02
-1.155097705236585e-05 3.852991209127032e-14 2.846740308000864e+02
-1.149161422517864e-05 3.833189901387925e-14 2.779795687096029e+02
-1.143225139799142e-05 3.813388593648818e-14 2.987005227991948e+02
-1.137288857080421e-05 3.793587285909710e-14 2.838239403758980e+02
-1.131352574361699e-05 3.773785978170601e-14 2.878618698907929e+02
-1.125416291642977e-05 3.753984670431494e-14 2.993380906173361e+02
-1.119480008924256e-05 3.734183362692387e-14 3.031634975261838e+02
-1.113543726205535e-05 3.714382054953279e-14 2.953001611024413e+02
-1.107607443486813e-05 3.694580747214173e-14 3.022071457989719e+02
-1.101671160768091e-05 3.674779439475063e-14 3.045448944654900e+02
-1.095734878049370e-05 3.654978131735956e-14 3.141084117376093e+02
-1.089798595330649e-05 3.635176823996849e-14 3.089016078894555e+02
-1.083862312611927e-05 3.615375516257742e-14 3.205903512220458e+02
-1.077926029893206e-05 3.595574208518635e-14 3.114518791620206e+02
-1.071989747174484e-05 3.575772900779525e-14 3.242032355248464e+02
-1.066053464455763e-05 3.555971593040418e-14 3.257971550701997e+02
-1.060117181737041e-05 3.536170285301311e-14 3.324916171606832e+02
-1.054180899018320e-05 3.516368977562204e-14 3.307914363123065e+02
-1.048244616299599e-05 3.496567669823096e-14 3.325978784637068e+02
-1.042308333580877e-05 3.476766362083987e-14 3.460930639476974e+02
-1.036372050862155e-05 3.456965054344880e-14 3.380172049179077e+02
-1.030435768143434e-05 3.437163746605773e-14 3.501309934625923e+02
-1.024499485424712e-05 3.417362438866666e-14 3.489621191293332e+02
-1.018563202705991e-05 3.397561131127559e-14 3.558691038258639e+02
-1.012626919987269e-05 3.377759823388449e-14 3.587381590074997e+02
-1.006690637268548e-05 3.357958515649342e-14 3.575692846742407e+02
-1.000754354549826e-05 3.338157207910235e-14 3.730834349156788e+02
-9.948180718311050e-06 3.318355900171128e-14 3.641574854617007e+02
-9.888817891123837e-06 3.298554592432021e-14 3.781839774608091e+02
-9.829455063936617e-06 3.278753284692912e-14 3.696830732189252e+02
-9.770092236749403e-06 3.258951976953804e-14 3.902977660054936e+02
-9.710729409562190e-06 3.239150669214697e-14 3.854097460664104e+02
-9.651366582374976e-06 3.219349361475590e-14 3.893414142782817e+02
-9.592003755187763e-06 3.199548053736482e-14 3.916791629447997e+02
-9.532640928000542e-06 3.179746745997373e-14 4.040054740955314e+02
-9.473278100813329e-06 3.159945438258266e-14 4.024115545501782e+02
-9.413915273626115e-06 3.140144130519159e-14 4.120813331253211e+02
-9.354552446438902e-06 3.120342822780052e-14 4.044305193076256e+02
-9.295189619251688e-06 3.100541515040945e-14 4.190945791248752e+02
-9.235826792064468e-06 3.080740207301836e-14 4.198384082460401e+02
-9.176463964877255e-06 3.060938899562729e-14 4.352462971844546e+02
-9.117101137690041e-06 3.041137591823621e-14 4.300394933363007e+02
-9.057738310502828e-06 3.021336284084514e-14 4.380090910630669e+02
-8.998375483315614e-06 3.001534976345407e-14 4.440659853354092e+02
-8.939012656128394e-06 2.981733668606298e-14 4.530981960924108e+02
-8.879649828941180e-06 2.961932360867190e-14 4.392842266993495e+02
-8.820287001753967e-06 2.942131053128083e-14 4.440659853354092e+02
-8.760924174566753e-06 2.922329745388976e-14 4.646806781219776e+02
-8.701561347379540e-06 2.902528437649869e-14 4.498040956986808e+02
-8.642198520192319e-06 2.882727129910759e-14 4.714814015154847e+02
-8.582835693005106e-06 2.862925822171653e-14 4.668059041824485e+02
-8.523472865817892e-06 2.843124514432546e-14 4.741379340910734e+02
-8.464110038630679e-06 2.823323206693438e-14 4.809386574845805e+02
-8.404747211443465e-06 2.803521898954331e-14 4.917773103929824e+02
-8.345384384256245e-06 2.783720591215222e-14 5.004907372409134e+02
-8.286021557069032e-06 2.763919283476115e-14 5.003844759378898e+02
-8.226658729881818e-06 2.744117975737007e-14 4.984717724834660e+02
-8.167295902694605e-06 2.724316667997900e-14 4.987905563925366e+02
-8.107933075507391e-06 2.704515360258793e-14 5.143047066339747e+02
-8.048570248320171e-06 2.684714052519684e-14 5.232306560879528e+02
-7.989207421132957e-06 2.664912744780577e-14 5.276936308149418e+02
-7.929844593945744e-06 2.645111437041469e-14 5.240807465121411e+02
-7.870481766758530e-06 2.625310129302362e-14 5.313065151177425e+02
-7.811118939571317e-06 2.605508821563255e-14 5.397011580566028e+02
-7.751756112384096e-06 2.585707513824146e-14 5.543652178738524e+02
-7.692393285196883e-06 2.565906206085039e-14 5.473519718742983e+02
-7.633030458009669e-06 2.546104898345932e-14 5.750861719634445e+02
-7.573667630822456e-06 2.526303590606824e-14 5.703044133273847e+02
-7.514304803635242e-06 2.506502282867717e-14 5.789115788722921e+02
-7.454941976448022e-06 2.486700975128608e-14 5.886876187504587e+02
-7.395579149260809e-06 2.466899667389501e-14 5.816743727509045e+02
-7.336216322073595e-06 2.447098359650394e-14 5.970822616893190e+02
-7.276853494886382e-06 2.427297051911286e-14 6.050518594160851e+02
-7.217490667699168e-06 2.407495744172179e-14 6.197159192333348e+02
-7.158127840511948e-06 2.387694436433070e-14 6.210973161726409e+02
-7.098765013324734e-06 2.367893128693963e-14 6.331048434143019e+02
-7.039402186137521e-06 2.348091820954856e-14 6.362926825050083e+02
-6.980039358950307e-06 2.328290513215749e-14 6.469188128073632e+02
-6.920676531763094e-06 2.308489205476641e-14 6.630705308669426e+02
-6.861313704575874e-06 2.288687897737532e-14 6.555259783522706e+02
-6.801950877388660e-06 2.268886589998425e-14 6.741217063813916e+02
-6.742588050201447e-06 2.249085282259318e-14 6.888920275016649e+02
-6.683225223014233e-06 2.229283974520211e-14 6.891045501077119e+02
-6.623862395827020e-06 2.209482666781103e-14 7.034498260158911e+02
-6.564499568639799e-06 2.189681359041994e-14 7.098255041973039e+02
-6.505136741452586e-06 2.169880051302887e-14 7.105693333184688e+02
-6.445773914265372e-06 2.150078743563780e-14 7.338405586806259e+02
-6.386411087078159e-06 2.130277435824673e-14 7.413851111952978e+02
-6.327048259890945e-06 2.110476128085566e-14 7.490359250129933e+02
-6.267685432703725e-06 2.090674820346456e-14 7.537114223460294e+02
-6.208322605516511e-06 2.070873512607349e-14 7.648688591635021e+02
-6.148959778329298e-06 2.051072204868242e-14 7.691193112844439e+02
-6.089596951142084e-06 2.031270897129135e-14 7.911154010103185e+02
-6.030234123954871e-06 2.011469589390028e-14 7.985536922219669e+02
-5.970871296767651e-06 1.991668281650918e-14 8.215061336750534e+02
-5.911508469580437e-06 1.971866973911811e-14 8.121551390089811e+02
-5.852145642393224e-06 1.952065666172704e-14 8.338324448257850e+02
-5.792782815206010e-06 1.932264358433597e-14 8.405269069162686e+02
-5.733419988018797e-06 1.912463050694490e-14 8.538095697942122e+02
-5.674057160831576e-06 1.892661742955380e-14 8.573161927939892e+02
-5.614694333644363e-06 1.872860435216273e-14 8.819688150954524e+02
-5.555331506457149e-06 1.853059127477166e-14 8.836689959438293e+02
-5.495968679269936e-06 1.833257819738059e-14 9.022647239729503e+02
-5.436605852082722e-06 1.813456511998952e-14 9.021584626699267e+02
-5.377243024895502e-06 1.793655204259842e-14 9.169287837901999e+02
-5.317880197708289e-06 1.773853896520735e-14 9.316991049104731e+02
-5.258517370521075e-06 1.754052588781628e-14 9.497635264244764e+02
-5.199154543333862e-06 1.734251281042521e-14 9.663402896961500e+02
-5.139791716146648e-06 1.714449973303414e-14 9.770726813015284e+02
-5.080428888959428e-06 1.694648665564304e-14 9.993875549364735e+02
-5.021066061772214e-06 1.674847357825197e-14 9.808980882103762e+02
-4.961703234585001e-06 1.655046050086090e-14 1.034772568843315e+03
-4.902340407397787e-06 1.635244742346983e-14 1.021596167268395e+03
-4.842977580210574e-06 1.615443434607876e-14 1.035516397964480e+03
-4.783614753023353e-06 1.595642126868766e-14 1.051136809508942e+03
-4.724251925836140e-06 1.575840819129659e-14 1.080783713052512e+03
-4.664889098648926e-06 1.556039511390552e-14 1.086946868627878e+03
-4.605526271461713e-06 1.536238203651445e-14 1.097998044142327e+03
-4.546163444274499e-06 1.516436895912338e-14 1.125625982928449e+03
-4.486800617087279e-06 1.496635588173229e-14 1.131576615897768e+03
-4.427437789900066e-06 1.476834280434121e-14 1.140077520139652e+03
-4.368074962712852e-06 1.457032972695014e-14 1.170361991501363e+03
-4.308712135525639e-06 1.437231664955907e-14 1.171530865834622e+03
-4.249349308338425e-06 1.417430357216800e-14 1.197989930287486e+03
-4.189986481151205e-06 1.397629049477691e-14 1.212441467498688e+03
-4.130623653963991e-06 1.377827741738583e-14 1.235181386345728e+03
-4.071260826776778e-06 1.358026433999476e-14 1.245807516648083e+03
-4.011897999589564e-06 1.338225126260369e-14 1.256646169556484e+03
-3.952535172402351e-06 1.318423818521262e-14 1.260365315162309e+03
-3.893172345215130e-06 1.298622510782153e-14 1.293306319099609e+03
-3.833809518027917e-06 1.278821203043045e-14 1.296812942099386e+03
-3.774446690840703e-06 1.259019895303938e-14 1.312752137552918e+03
-3.715083863653490e-06 1.239218587564831e-14 1.324122096976438e+03
-3.655721036466276e-06 1.219417279825724e-14 1.350687422732325e+03
-3.596358209279056e-06 1.199615972086615e-14 1.358125713943973e+03
-3.536995382091843e-06 1.179814664347508e-14 1.385434868821025e+03
-3.477632554904629e-06 1.160013356608400e-14 1.379377974548683e+03
-3.418269727717416e-06 1.140212048869293e-14 1.416038124091807e+03
-3.358906900530202e-06 1.120410741130186e-14 1.417419521031113e+03
-3.299544073342982e-06 1.100609433391077e-14 1.434527590817905e+03
-3.240181246155768e-06 1.080808125651970e-14 1.445366243726306e+03
-3.180818418968555e-06 1.061006817912862e-14 1.453548364059120e+03
-3.121455591781341e-06 1.041205510173755e-14 1.460136564846580e+03
-3.062092764594128e-06 1.021404202434648e-14 1.489889729693173e+03
-3.002729937406908e-06 1.001602894695539e-14 1.495627840056445e+03
-2.943367110219694e-06 9.818015869564317e-15 1.504341266904376e+03
-2.884004283032481e-06 9.620002792173246e-15 1.529843979630028e+03
-2.824641455845267e-06 9.421989714782175e-15 1.513267216358354e+03
-2.765278628658054e-06 9.223976637391104e-15 1.541320200356571e+03
-2.705915801470833e-06 9.025963560000009e-15 1.527293708357462e+03
-2.646552974283620e-06 8.827950482608938e-15 1.552052591961949e+03
-2.587190147096406e-06 8.629937405217867e-15 1.561191064021974e+03
-2.527827319909193e-06 8.431924327826795e-15 1.569691968263858e+03
-2.468464492721979e-06 8.233911250435724e-15 1.575642601233177e+03
-2.409101665534759e-06 8.035898173044631e-15 1.578192872505742e+03
-2.349738838347545e-06 7.837885095653558e-15 1.576067646445271e+03
-2.290376011160332e-06 7.639872018262487e-15 1.599126349201381e+03
-2.231013183973118e-06 7.441858940871416e-15 1.584993595899249e+03
-2.171650356785905e-06 7.243845863480345e-15 1.620166087200044e+03
-2.112287529598685e-06 7.045832786089250e-15 1.643224789956154e+03
-2.052924702411471e-06 6.847819708698179e-15 1.588287696292979e+03
-1.993561875224258e-06 6.649806631307108e-15 1.621653745442374e+03
-1.934199048037044e-06 6.451793553916036e-15 1.616871986806314e+03
-1.874836220849831e-06 6.253780476524965e-15 1.625054107139127e+03
-1.815473393662610e-06 6.055767399133872e-15 1.633448750077987e+03
-1.756110566475397e-06 5.857754321742800e-15 1.629198297957045e+03
-1.696747739288183e-06 5.659741244351729e-15 1.616128157685149e+03
-1.637384912100970e-06 5.461728166960657e-15 1.639293121744283e+03
-1.578022084913756e-06 5.263715089569586e-15 1.655976146318980e+03
-1.518659257726536e-06 5.065702012178492e-15 1.630473433593328e+03
-1.459296430539323e-06 4.867688934787420e-15 1.640355734774518e+03
-1.399933603352109e-06 4.669675857396349e-15 1.657782588470380e+03
-1.340570776164896e-06 4.471662780005278e-15 1.646625151652907e+03
-1.281207948977682e-06 4.273649702614207e-15 1.650025513349661e+03
-1.221845121790462e-06 4.075636625223113e-15 1.661182950167134e+03
-1.162482294603248e-06 3.877623547832041e-15 1.651725694198038e+03
-1.103119467416035e-06 3.679610470440970e-15 1.653213352440367e+03
-1.043756640228821e-06 3.481597393049898e-15 1.653319613743391e+03
-9.843938130416077e-07 3.283584315658827e-15 1.663095653621557e+03
-9.250309858543874e-07 3.085571238267733e-15 1.653532136349438e+03
-8.656681586671739e-07 2.887558160876662e-15 1.666177231409240e+03
-8.063053314799604e-07 2.689545083485590e-15 1.661182950167134e+03
-7.469425042927469e-07 2.491532006094519e-15 1.649600468137567e+03
-6.875796771055334e-07 2.293518928703448e-15 1.650238035955708e+03
-6.282168499183131e-07 2.095505851312354e-15 1.657038759349215e+03
-5.688540227310996e-07 1.897492773921283e-15 1.663839482742722e+03
-5.094911955438861e-07 1.699479696530211e-15 1.665327140985052e+03
-4.501283683566726e-07 1.501466619139140e-15 1.675740748681360e+03
-3.907655411694591e-07 1.303453541748068e-15 1.627179333199598e+03
-3.314027139822388e-07 1.105440464356975e-15 1.643118528653130e+03
-2.720398867950253e-07 9.074273869659032e-16 1.637592940895906e+03
-2.126770596078118e-07 7.094143095748318e-16 1.635786498744505e+03
-1.533142324205983e-07 5.114012321837605e-16 1.642055915622895e+03
-9.395140523338477e-08 3.133881547926892e-16 1.622716358472609e+03
-3.458857804616448e-08 1.153750774015952e-16 1.627179333199598e+03
2.477424914104902e-08 -8.263799998947613e-17 1.601570359170923e+03
8.413707632826253e-08 -2.806510773805475e-16 1.593919545353227e+03
1.434999035154760e-07 -4.786641547716189e-16 1.603058017413253e+03
2.028627307026895e-07 -6.766772321626902e-16 1.580955666384354e+03
2.622255578899098e-07 -8.746903095537841e-16 1.595832248807651e+03
3.215883850771233e-07 -1.072703386944856e-15 1.576280169051318e+03
3.809512122643368e-07 -1.270716464335927e-15 1.563103767476398e+03
4.403140394515503e-07 -1.468729541726998e-15 1.574261204293871e+03
4.996768666387638e-07 -1.666742619118070e-15 1.552902682386138e+03
5.590396938259841e-07 -1.864755696509163e-15 1.538982451690053e+03
6.184025210131976e-07 -2.062768773900235e-15 1.553646511507302e+03
6.777653482004111e-07 -2.260781851291306e-15 1.547483355931937e+03
7.371281753876247e-07 -2.458794928682378e-15 1.529843979630028e+03
7.964910025748382e-07 -2.656808006073449e-15 1.533775647841899e+03
8.558538297620584e-07 -2.854821083464543e-15 1.527825014872580e+03
9.152166569492719e-07 -3.052834160855614e-15 1.507422844692059e+03
9.745794841364855e-07 -3.250847238246685e-15 1.523574562751638e+03
1.033942311323699e-06 -3.448860315637757e-15 1.534519476963064e+03
1.093305138510912e-06 -3.646873393028829e-15 1.503384915177164e+03
1.152667965698133e-06 -3.844886470419922e-15 1.521449336691167e+03
1.212030792885346e-06 -4.042899547810993e-15 1.492440000965739e+03
1.271393620072560e-06 -4.240912625202065e-15 1.512629648540213e+03
1.330756447259773e-06 -4.438925702593136e-15 1.500622121298552e+03
1.390119274446987e-06 -4.636938779984207e-15 1.486276845390373e+03
1.449482101634207e-06 -4.834951857375302e-15 1.497221759601798e+03
1.508844928821421e-06 -5.032964934766373e-15 1.501578473025764e+03
1.568207756008634e-06 -5.230978012157444e-15 1.490739820117362e+03
1.627570583195848e-06 -5.428991089548516e-15 1.489889729693173e+03
1.686933410383061e-06 -5.627004166939587e-15 1.516136271539990e+03
1.746296237570281e-06 -5.825017244330681e-15 1.478307247663607e+03
1.805659064757495e-06 -6.023030321721752e-15 1.494990272238304e+03
1.865021891944708e-06 -6.221043399112823e-15 1.486383106693396e+03
1.924384719131922e-06 -6.419056476503895e-15 1.488083287541773e+03
1.983747546319135e-06 -6.617069553894966e-15 1.499984553480411e+03
2.043110373506356e-06 -6.815082631286060e-15 1.476075760300112e+03
2.102473200693569e-06 -7.013095708677132e-15 1.490208513602244e+03
2.161836027880783e-06 -7.211108786068203e-15 1.491483649238527e+03
2.221198855067996e-06 -7.409121863459274e-15 1.502322302146928e+03
2.280561682255210e-06 -7.607134940850345e-15 1.501153427813670e+03
2.339924509442430e-06 -7.805148018241440e-15 1.488295810147820e+03
2.399287336629643e-06 -8.003161095632511e-15 1.479688644602913e+03
2.458650163816857e-06 -8.201174173023582e-15 1.501684734328787e+03
2.518012991004070e-06 -8.399187250414654e-15 1.496690453086680e+03
2.577375818191284e-06 -8.597200327805725e-15 1.502534824752976e+03
2.636738645378504e-06 -8.795213405196818e-15 1.503597437783211e+03
2.696101472565718e-06 -8.993226482587891e-15 1.481388825451289e+03
2.755464299752931e-06 -9.191239559978962e-15 1.496265407874586e+03
2.814827126940145e-06 -9.389252637370033e-15 1.498390633935057e+03
2.874189954127358e-06 -9.587265714761104e-15 1.505828925146706e+03
2.933552781314579e-06 -9.785278792152198e-15 1.475119408572900e+03
2.992915608501792e-06 -9.983291869543269e-15 1.500834643904599e+03
3.052278435689006e-06 -1.018130494693434e-14 1.487658242329679e+03
3.111641262876219e-06 -1.037931802432541e-14 1.510929467691836e+03
3.171004090063433e-06 -1.057733110171648e-14 1.493077568783880e+03
3.230366917250653e-06 -1.077534417910758e-14 1.501153427813670e+03
3.289729744437866e-06 -1.097335725649865e-14 1.487020674511538e+03
3.349092571625080e-06 -1.117137033388972e-14 1.525062220993968e+03
3.408455398812293e-06 -1.136938341128079e-14 1.492227478359692e+03
3.467818225999507e-06 -1.156739648867186e-14 1.520492984963955e+03
3.527181053186727e-06 -1.176540956606296e-14 1.491589910541550e+03
3.586543880373941e-06 -1.196342264345403e-14 1.491802433147597e+03
3.645906707561154e-06 -1.216143572084510e-14 1.496477930480633e+03
3.705269534748368e-06 -1.235944879823617e-14 1.509654332055553e+03
3.764632361935581e-06 -1.255746187562724e-14 1.490314774905268e+03
3.823995189122802e-06 -1.275547495301834e-14 1.478732292875701e+03
3.883358016310015e-06 -1.295348803040941e-14 1.504978834722517e+03
3.942720843497229e-06 -1.315150110780048e-14 1.503597437783211e+03
4.002083670684442e-06 -1.334951418519155e-14 1.511035728994859e+03
4.061446497871656e-06 -1.354752726258262e-14 1.489995990996197e+03
4.120809325058876e-06 -1.374554033997371e-14 1.486170584087349e+03
4.180172152246089e-06 -1.394355341736479e-14 1.506360231661823e+03
4.239534979433303e-06 -1.414156649475586e-14 1.522405688418379e+03
4.298897806620516e-06 -1.433957957214693e-14 1.512310864631142e+03
4.358260633807730e-06 -1.453759264953800e-14 1.530375286145145e+03
4.417623460994950e-06 -1.473560572692909e-14 1.514967397206731e+03
4.476986288182164e-06 -1.493361880432017e-14 1.511248251600907e+03
4.536349115369377e-06 -1.513163188171124e-14 1.542807858598901e+03
4.595711942556591e-06 -1.532964495910231e-14 1.502853608662046e+03
4.655074769743804e-06 -1.552765803649338e-14 1.514542351994637e+03
4.714437596931024e-06 -1.572567111388448e-14 1.508060412510200e+03
4.773800424118238e-06 -1.592368419127554e-14 1.530587808751192e+03
4.833163251305451e-06 -1.612169726866662e-14 1.534413215660040e+03
4.892526078492665e-06 -1.631971034605769e-14 1.515923748933943e+03
4.951888905679878e-06 -1.651772342344876e-14 1.546633265507748e+03
5.011251732867099e-06 -1.671573650083985e-14 1.532394250902593e+03
5.070614560054312e-06 -1.691374957823092e-14 1.517411407176272e+03
5.129977387241526e-06 -1.711176265562200e-14 1.546101958992630e+03
5.189340214428739e-06 -1.730977573301307e-14 1.561934893143139e+03
5.248703041615953e-06 -1.750778881040414e-14 1.557684441022197e+03
5.308065868803173e-06 -1.770580188779523e-14 1.557896963628245e+03
5.367428695990387e-06 -1.790381496518631e-14 1.592431887110898e+03
5.426791523177600e-06 -1.810182804257737e-14 1.572986068657588e+03
5.486154350364814e-06 -1.829984111996845e-14 1.581274450293425e+03
5.545517177552027e-06 -1.849785419735952e-14 1.627498117108669e+03
5.604880004739247e-06 -1.869586727475061e-14 1.605608288685818e+03
5.664242831926461e-06 -1.889388035214168e-14 1.640249473471494e+03
5.723605659113674e-06 -1.909189342953275e-14 1.642480960834989e+03
5.782968486300888e-06 -1.928990650692383e-14 1.666283492712264e+03
5.842331313488101e-06 -1.948791958431490e-14 1.669471331802970e+03
5.901694140675322e-06 -1.968593266170599e-14 1.717820224678685e+03
5.961056967862535e-06 -1.988394573909706e-14 1.724089641557074e+03
6.020419795049749e-06 -2.008195881648814e-14 1.760856052403222e+03
6.079782622236962e-06 -2.027997189387920e-14 1.781045699977696e+03
6.139145449424176e-06 -2.047798497127028e-14 1.835557748428777e+03
6.198508276611396e-06 -2.067599804866137e-14 1.826950582883869e+03
6.257871103798609e-06 -2.087401112605244e-14 1.898783223727788e+03
6.317233930985823e-06 -2.107202420344351e-14 1.932043011574159e+03
6.376596758173037e-06 -2.127003728083458e-14 1.944688106633961e+03
6.435959585360250e-06 -2.146805035822566e-14 2.021196244810916e+03
6.495322412547470e-06 -2.166606343561675e-14 2.067207389020112e+03
6.554685239734684e-06 -2.186407651300782e-14 2.133833226015877e+03
6.614048066921897e-06 -2.206208959039889e-14 2.231274840888471e+03
6.673410894109111e-06 -2.226010266778997e-14 2.281430175915586e+03
6.732773721296324e-06 -2.245811574518103e-14 2.349118625941586e+03
6.792136548483545e-06 -2.265612882257213e-14 2.457080109813512e+03
6.851499375670758e-06 -2.285414189996320e-14 2.565360377594508e+03
6.910862202857972e-06 -2.305215497735427e-14 2.706900433221874e+03
6.970225030045185e-06 -2.325016805474534e-14 2.836645484213627e+03
7.029587857232399e-06 -2.344818113213642e-14 3.008682533808752e+03
7.088950684419619e-06 -2.364619420952751e-14 3.200802969675328e+03
7.148313511606832e-06 -2.384420728691858e-14 3.400361696753552e+03
7.207676338794046e-06 -2.404222036430965e-14 3.654007427070762e+03
7.267039165981259e-06 -2.424023344170072e-14 3.905421670024478e+03
7.326401993168473e-06 -2.443824651909180e-14 4.113268778738538e+03
7.385764820355693e-06 -2.463625959648289e-14 4.269791678092225e+03
7.445127647542907e-06 -2.483427267387396e-14 4.346937384087321e+03
7.504490474730120e-06 -2.503228575126503e-14 4.406124929871438e+03
7.563853301917334e-06 -2.523029882865610e-14 4.356925946571535e+03
7.623216129104547e-06 -2.542831190604717e-14 4.280524069697603e+03
7.682578956291768e-06 -2.562632498343827e-14 4.214217016610910e+03
7.741941783478981e-06 -2.582433806082934e-14 4.039842218349267e+03
7.801304610666195e-06 -2.602235113822041e-14 3.853353631542939e+03
7.860667437853408e-06 -2.622036421561148e-14 3.655070040100998e+03
7.920030265040622e-06 -2.641837729300255e-14 3.412688007904283e+03
7.979393092227842e-06 -2.661639037039365e-14 3.188264135918549e+03
8.038755919415055e-06 -2.681440344778472e-14 2.907309250724287e+03
8.098118746602269e-06 -2.701241652517579e-14 2.678741187920634e+03
8.157481573789482e-06 -2.721042960256686e-14 2.458248984146771e+03
8.216844400976696e-06 -2.740844267995793e-14 2.239563222524308e+03
8.276207228163916e-06 -2.760645575734903e-14 2.010782637114608e+03
8.335570055351130e-06 -2.780446883474010e-14 1.842783517034378e+03
8.394932882538343e-06 -2.800248191213117e-14 1.660439121045969e+03
8.454295709725557e-06 -2.820049498952224e-14 1.486595629299443e+03
8.513658536912770e-06 -2.839850806691331e-14 1.375021261124718e+03
8.573021364099990e-06 -2.859652114430441e-14 1.193739478166544e+03
8.632384191287204e-06 -2.879453422169547e-14 1.084290336052289e+03
8.691747018474417e-06 -2.899254729908655e-14 9.726097065745394e+02
8.751109845661631e-06 -2.919056037647762e-14 8.550847054304948e+02
8.810472672848844e-06 -2.938857345386869e-14 7.720946277691033e+02
8.869835500036065e-06 -2.958658653125978e-14 6.761406711388390e+02
8.929198327223278e-06 -2.978459960865086e-14 6.031391559616612e+02
8.988561154410492e-06 -2.998261268604193e-14 5.284374599361066e+02
9.047923981597705e-06 -3.018062576343300e-14 4.656370298491895e+02
9.107286808784919e-06 -3.037863884082407e-14 4.069807905801907e+02
9.166649635972139e-06 -3.057665191821517e-14 3.520436969170162e+02
9.226012463159353e-06 -3.077466499560624e-14 3.110268339499264e+02
9.285375290346566e-06 -3.097267807299730e-14 2.645906445286357e+02
9.344738117533780e-06 -3.117069115038838e-14 2.246363945917815e+02
9.404100944720993e-06 -3.136870422777945e-14 1.940331393209995e+02
9.463463771908213e-06 -3.156671730517054e-14 1.610921353836995e+02
9.522826599095427e-06 -3.176473038256161e-14 1.336767192036240e+02
9.582189426282640e-06 -3.196274345995269e-14 1.183750915682330e+02
9.641552253469854e-06 -3.216075653734376e-14 9.170350450932234e+01
9.700915080657067e-06 -3.235876961473483e-14 8.235250984325008e+01
9.760277907844288e-06 -3.255678269212592e-14 5.982511360225780e+01
9.819640735031501e-06 -3.275479576951700e-14 4.898646069385585e+01
9.879003562218715e-06 -3.295280884690807e-14 4.282330511849004e+01
9.938366389405928e-06 -3.315082192429913e-14 2.741541618007551e+01
9.997729216593142e-06 -3.334883500169021e-14 2.146478321075680e+01
1.005709204378036e-05 -3.354684807908130e-14 1.540788893841453e+01
1.011645487096758e-05 -3.374486115647237e-14 5.525587757224521e+00
1.017581769815479e-05 -3.394287423386344e-14 1.062613030235485e+00
