0.000000000000000e+00 0.000000000000000e+00
0.000000000000000e+00 0.000000000000000e+00
0.000000000000000e+00 0.000000000000000e+00
0.000000000000000e+00 0.000000000000000e+00
0.000000000000000e+00 1.000000000000000e+00
1.000000000000000e-01 1.000000000000000e+00
1.000000000000000e-01 0.000000000000000e+00
0.000000000000000e+00 0.000000000000000e+00
1.000000000000000e-01 0.000000000000000e+00
1.000000000000000e-01 0.000000000000000e+00
1.000000000000000e-01 1.000000000000000e+00
2.000000000000000e-01 1.000000000000000e+00
2.000000000000000e-01 0.000000000000000e+00
1.000000000000000e-01 0.000000000000000e+00
2.000000000000000e-01 0.000000000000000e+00
2.000000000000000e-01 0.000000000000000e+00
7.000000000000000e-01 0.000000000000000e+00
7.000000000000000e-01 0.000000000000000e+00
1.200000000000000e+00 0.000000000000000e+00
1.200000000000000e+00 0.000000000000000e+00
1.700000000000000e+00 0.000000000000000e+00
1.700000000000000e+00 0.000000000000000e+00
2.200000000000000e+00 0.000000000000000e+00
2.200000000000000e+00 0.000000000000000e+00
2.700000000000000e+00 0.000000000000000e+00
2.700000000000000e+00 0.000000000000000e+00
3.200000000000000e+00 0.000000000000000e+00
3.200000000000000e+00 0.000000000000000e+00
3.700000000000000e+00 0.000000000000000e+00
3.700000000000000e+00 0.000000000000000e+00
4.200000000000000e+00 0.000000000000000e+00
4.200000000000000e+00 0.000000000000000e+00
4.700000000000000e+00 0.000000000000000e+00
4.700000000000000e+00 0.000000000000000e+00
5.200000000000000e+00 0.000000000000000e+00
5.200000000000000e+00 0.000000000000000e+00
5.700000000000000e+00 0.000000000000000e+00
5.700000000000000e+00 0.000000000000000e+00
6.200000000000000e+00 0.000000000000000e+00
6.200000000000000e+00 0.000000000000000e+00
6.700000000000000e+00 0.000000000000000e+00
6.700000000000000e+00 0.000000000000000e+00
7.200000000000000e+00 0.000000000000000e+00
7.200000000000000e+00 0.000000000000000e+00
7.700000000000000e+00 0.000000000000000e+00
7.700000000000000e+00 0.000000000000000e+00
7.800000000000000e+00 0.000000000000000e+00
7.800000000000000e+00 0.000000000000000e+00
7.900000000000000e+00 0.000000000000000e+00
7.900000000000000e+00 0.000000000000000e+00
8.000000000000000e+00 0.000000000000000e+00
8.000000000000000e+00 0.000000000000000e+00
8.000000000000000e+00 -1.000000000000000e+00
8.100000000000000e+00 -1.000000000000000e+00
8.100000000000000e+00 0.000000000000000e+00
8.000000000000000e+00 0.000000000000000e+00
8.100000000000000e+00 0.000000000000000e+00
8.100000000000000e+00 0.000000000000000e+00
8.100000000000000e+00 -1.000000000000000e+00
8.199999999999999e+00 -1.000000000000000e+00
8.199999999999999e+00 0.000000000000000e+00
8.100000000000000e+00 0.000000000000000e+00
8.199999999999999e+00 0.000000000000000e+00
8.199999999999999e+00 0.000000000000000e+00
8.699999999999999e+00 0.000000000000000e+00
8.699999999999999e+00 0.000000000000000e+00
9.199999999999999e+00 0.000000000000000e+00
9.199999999999999e+00 0.000000000000000e+00
9.699999999999999e+00 0.000000000000000e+00
9.699999999999999e+00 0.000000000000000e+00
1.020000000000000e+01 0.000000000000000e+00
1.020000000000000e+01 0.000000000000000e+00
1.070000000000000e+01 0.000000000000000e+00
1.070000000000000e+01 0.000000000000000e+00
1.120000000000000e+01 0.000000000000000e+00
1.120000000000000e+01 0.000000000000000e+00
1.170000000000000e+01 0.000000000000000e+00
1.170000000000000e+01 0.000000000000000e+00
1.220000000000000e+01 0.000000000000000e+00
1.220000000000000e+01 0.000000000000000e+00
1.270000000000000e+01 0.000000000000000e+00
1.270000000000000e+01 0.000000000000000e+00
1.320000000000000e+01 0.000000000000000e+00
1.320000000000000e+01 0.000000000000000e+00
1.370000000000000e+01 0.000000000000000e+00
1.370000000000000e+01 0.000000000000000e+00
1.420000000000000e+01 0.000000000000000e+00
1.420000000000000e+01 0.000000000000000e+00
1.470000000000000e+01 0.000000000000000e+00
1.470000000000000e+01 0.000000000000000e+00
1.520000000000000e+01 0.000000000000000e+00
1.520000000000000e+01 0.000000000000000e+00
1.570000000000000e+01 0.000000000000000e+00
1.570000000000000e+01 0.000000000000000e+00
1.580000000000000e+01 0.000000000000000e+00
1.580000000000000e+01 0.000000000000000e+00
1.590000000000000e+01 0.000000000000000e+00
1.590000000000000e+01 0.000000000000000e+00
1.600000000000000e+01 0.000000000000000e+00
1.600000000000000e+01 0.000000000000000e+00
1.600000000000000e+01 1.000000000000000e+00
1.610000000000000e+01 1.000000000000000e+00
1.610000000000000e+01 0.000000000000000e+00
1.600000000000000e+01 0.000000000000000e+00
1.610000000000000e+01 0.000000000000000e+00
1.610000000000000e+01 0.000000000000000e+00
1.610000000000000e+01 1.000000000000000e+00
1.620000000000000e+01 1.000000000000000e+00
1.620000000000000e+01 0.000000000000000e+00
1.610000000000000e+01 0.000000000000000e+00
1.620000000000000e+01 0.000000000000000e+00
1.620000000000000e+01 0.000000000000000e+00
1.670000000000000e+01 0.000000000000000e+00
1.670000000000000e+01 0.000000000000000e+00
1.720000000000000e+01 0.000000000000000e+00
1.720000000000000e+01 0.000000000000000e+00
1.770000000000000e+01 0.000000000000000e+00
1.770000000000000e+01 0.000000000000000e+00
1.820000000000000e+01 0.000000000000000e+00
1.820000000000000e+01 0.000000000000000e+00
1.870000000000000e+01 0.000000000000000e+00
1.870000000000000e+01 0.000000000000000e+00
1.920000000000000e+01 0.000000000000000e+00
1.920000000000000e+01 0.000000000000000e+00
1.970000000000000e+01 0.000000000000000e+00
1.970000000000000e+01 0.000000000000000e+00
2.020000000000000e+01 0.000000000000000e+00
2.020000000000000e+01 0.000000000000000e+00
2.070000000000000e+01 0.000000000000000e+00
2.070000000000000e+01 0.000000000000000e+00
2.120000000000000e+01 0.000000000000000e+00
2.120000000000000e+01 0.000000000000000e+00
2.170000000000000e+01 0.000000000000000e+00
2.170000000000000e+01 0.000000000000000e+00
2.220000000000000e+01 0.000000000000000e+00
2.220000000000000e+01 0.000000000000000e+00
2.270000000000000e+01 0.000000000000000e+00
2.270000000000000e+01 0.000000000000000e+00
2.320000000000000e+01 0.000000000000000e+00
2.320000000000000e+01 0.000000000000000e+00
2.370000000000000e+01 0.000000000000000e+00
2.370000000000000e+01 0.000000000000000e+00
2.380000000000000e+01 0.000000000000000e+00
2.380000000000000e+01 0.000000000000000e+00
2.390000000000000e+01 0.000000000000000e+00
2.390000000000000e+01 0.000000000000000e+00
2.400000000000000e+01 0.000000000000000e+00
2.400000000000000e+01 0.000000000000000e+00
2.400000000000000e+01 -1.000000000000000e+00
2.410000000000000e+01 -1.000000000000000e+00
2.410000000000000e+01 0.000000000000000e+00
2.400000000000000e+01 0.000000000000000e+00
2.410000000000000e+01 0.000000000000000e+00
2.410000000000000e+01 0.000000000000000e+00
2.410000000000000e+01 -1.000000000000000e+00
2.420000000000000e+01 -1.000000000000000e+00
2.420000000000000e+01 0.000000000000000e+00
2.410000000000000e+01 0.000000000000000e+00
2.420000000000000e+01 0.000000000000000e+00
2.420000000000000e+01 0.000000000000000e+00
2.430000000000000e+01 0.000000000000000e+00
2.430000000000000e+01 0.000000000000000e+00
2.440000000000000e+01 0.000000000000000e+00
2.440000000000000e+01 0.000000000000000e+00
2.440000000000000e+01 -3.333333300000000e-01
2.465000000000000e+01 -3.333333300000000e-01
2.465000000000000e+01 0.000000000000000e+00
2.440000000000000e+01 0.000000000000000e+00
2.440000000000000e+01 0.000000000000000e+00
2.465000000000000e+01 0.000000000000000e+00
2.465000000000000e+01 0.000000000000000e+00
2.465000000000000e+01 0.000000000000000e+00
2.465000000000000e+01 -3.333333300000000e-01
2.490000000000000e+01 -3.333333300000000e-01
2.490000000000000e+01 0.000000000000000e+00
2.465000000000000e+01 0.000000000000000e+00
2.465000000000000e+01 0.000000000000000e+00
2.490000000000000e+01 0.000000000000000e+00
2.490000000000000e+01 0.000000000000000e+00
2.540000000000000e+01 0.000000000000000e+00
2.540000000000000e+01 0.000000000000000e+00
2.590000000000000e+01 0.000000000000000e+00
2.590000000000000e+01 0.000000000000000e+00
2.640000000000000e+01 0.000000000000000e+00
2.640000000000000e+01 0.000000000000000e+00
2.690000000000000e+01 0.000000000000000e+00
2.690000000000000e+01 0.000000000000000e+00
2.740000000000000e+01 0.000000000000000e+00
2.740000000000000e+01 0.000000000000000e+00
2.790000000000000e+01 0.000000000000000e+00
2.790000000000000e+01 0.000000000000000e+00
2.840000000000000e+01 0.000000000000000e+00
2.840000000000000e+01 0.000000000000000e+00
2.890000000000000e+01 0.000000000000000e+00
2.890000000000000e+01 0.000000000000000e+00
2.940000000000000e+01 0.000000000000000e+00
2.940000000000000e+01 0.000000000000000e+00
2.990000000000000e+01 0.000000000000000e+00
2.990000000000000e+01 0.000000000000000e+00
2.990000000000000e+01 1.000000000000000e+00
3.000000000000000e+01 1.000000000000000e+00
3.000000000000000e+01 0.000000000000000e+00
2.990000000000000e+01 0.000000000000000e+00
3.000000000000000e+01 0.000000000000000e+00
3.000000000000000e+01 0.000000000000000e+00
3.000000000000000e+01 1.000000000000000e+00
3.010000000000000e+01 1.000000000000000e+00
3.010000000000000e+01 0.000000000000000e+00
3.000000000000000e+01 0.000000000000000e+00
3.010000000000000e+01 0.000000000000000e+00
3.010000000000000e+01 0.000000000000000e+00
3.010000000000000e+01 1.000000000000000e+00
3.020000000000000e+01 1.000000000000000e+00
3.020000000000000e+01 0.000000000000000e+00
3.010000000000000e+01 0.000000000000000e+00
3.020000000000000e+01 0.000000000000000e+00
3.020000000000000e+01 0.000000000000000e+00
3.070000000000000e+01 0.000000000000000e+00
3.070000000000000e+01 0.000000000000000e+00
3.120000000000000e+01 0.000000000000000e+00
3.120000000000000e+01 0.000000000000000e+00
3.170000000000000e+01 0.000000000000000e+00
3.170000000000000e+01 0.000000000000000e+00
3.170000000000000e+01 -1.000000000000000e+00
3.185000000000000e+01 -1.000000000000000e+00
3.185000000000000e+01 0.000000000000000e+00
3.170000000000000e+01 0.000000000000000e+00
3.185000000000000e+01 0.000000000000000e+00
3.185000000000000e+01 0.000000000000000e+00
3.185000000000000e+01 -1.000000000000000e+00
3.200000000000000e+01 -1.000000000000000e+00
3.200000000000000e+01 0.000000000000000e+00
3.185000000000000e+01 0.000000000000000e+00
3.200000000000000e+01 0.000000000000000e+00
3.200000000000000e+01 0.000000000000000e+00
3.250000000000000e+01 0.000000000000000e+00
3.250000000000000e+01 0.000000000000000e+00
3.250000000000000e+01 0.000000000000000e+00
3.300000000000000e+01 0.000000000000000e+00
3.300000000000000e+01 0.000000000000000e+00
3.300000000000000e+01 -1.000000000000000e+00
3.315000000000000e+01 -1.000000000000000e+00
3.315000000000000e+01 0.000000000000000e+00
3.300000000000000e+01 0.000000000000000e+00
3.315000000000000e+01 0.000000000000000e+00
3.315000000000000e+01 0.000000000000000e+00
3.315000000000000e+01 -1.000000000000000e+00
3.330000000000000e+01 -1.000000000000000e+00
3.330000000000000e+01 0.000000000000000e+00
3.315000000000000e+01 0.000000000000000e+00
3.330000000000000e+01 0.000000000000000e+00
3.330000000000000e+01 0.000000000000000e+00
3.380000000000000e+01 0.000000000000000e+00
3.380000000000000e+01 0.000000000000000e+00
3.430000000000000e+01 0.000000000000000e+00
3.430000000000000e+01 0.000000000000000e+00
3.480000000000000e+01 0.000000000000000e+00
3.480000000000000e+01 0.000000000000000e+00
3.480000000000000e+01 1.000000000000000e+00
3.490000000000000e+01 1.000000000000000e+00
3.490000000000000e+01 0.000000000000000e+00
3.480000000000000e+01 0.000000000000000e+00
3.490000000000000e+01 0.000000000000000e+00
3.490000000000000e+01 0.000000000000000e+00
3.490000000000000e+01 1.000000000000000e+00
3.500000000000000e+01 1.000000000000000e+00
3.500000000000000e+01 0.000000000000000e+00
3.490000000000000e+01 0.000000000000000e+00
3.500000000000000e+01 0.000000000000000e+00
3.500000000000000e+01 0.000000000000000e+00
3.500000000000000e+01 1.000000000000000e+00
3.510000000000000e+01 1.000000000000000e+00
3.510000000000000e+01 0.000000000000000e+00
3.500000000000000e+01 0.000000000000000e+00
3.510000000000000e+01 0.000000000000000e+00
3.510000000000000e+01 0.000000000000000e+00
3.560000000000000e+01 0.000000000000000e+00
3.560000000000000e+01 0.000000000000000e+00
3.610000000000000e+01 0.000000000000000e+00
3.610000000000000e+01 0.000000000000000e+00
3.660000000000000e+01 0.000000000000000e+00
3.660000000000000e+01 0.000000000000000e+00
3.710000000000000e+01 0.000000000000000e+00
3.710000000000000e+01 0.000000000000000e+00
3.760000000000000e+01 0.000000000000000e+00
3.760000000000000e+01 0.000000000000000e+00
3.810000000000000e+01 0.000000000000000e+00
3.810000000000000e+01 0.000000000000000e+00
3.860000000000000e+01 0.000000000000000e+00
3.860000000000000e+01 0.000000000000000e+00
3.910000000000000e+01 0.000000000000000e+00
3.910000000000000e+01 0.000000000000000e+00
3.960000000000000e+01 0.000000000000000e+00
3.960000000000000e+01 0.000000000000000e+00
4.010000000000000e+01 0.000000000000000e+00
4.010000000000000e+01 0.000000000000000e+00
4.010000000000000e+01 -3.333333300000000e-01
4.035000000000000e+01 -3.333333300000000e-01
4.035000000000000e+01 0.000000000000000e+00
4.010000000000000e+01 0.000000000000000e+00
4.010000000000000e+01 0.000000000000000e+00
4.035000000000000e+01 0.000000000000000e+00
4.035000000000000e+01 0.000000000000000e+00
4.035000000000000e+01 0.000000000000000e+00
4.035000000000000e+01 -3.333333300000000e-01
4.060000000000000e+01 -3.333333300000000e-01
4.060000000000000e+01 0.000000000000000e+00
4.035000000000000e+01 0.000000000000000e+00
4.035000000000000e+01 0.000000000000000e+00
4.060000000000000e+01 0.000000000000000e+00
4.060000000000000e+01 0.000000000000000e+00
4.060000000000000e+01 0.000000000000000e+00
4.070000000000000e+01 0.000000000000000e+00
4.070000000000000e+01 0.000000000000000e+00
4.080000000000000e+01 0.000000000000000e+00
4.080000000000000e+01 0.000000000000000e+00
4.090000000000000e+01 0.000000000000000e+00
4.090000000000000e+01 0.000000000000000e+00
4.100000000000000e+01 0.000000000000000e+00
4.100000000000000e+01 0.000000000000000e+00
4.110000000000000e+01 0.000000000000000e+00
4.110000000000000e+01 0.000000000000000e+00
4.110000000000000e+01 1.000000000000000e+00
4.120000000000000e+01 1.000000000000000e+00
4.120000000000000e+01 0.000000000000000e+00
4.110000000000000e+01 0.000000000000000e+00
4.120000000000000e+01 0.000000000000000e+00
4.120000000000000e+01 0.000000000000000e+00
4.120000000000000e+01 1.000000000000000e+00
4.130000000000000e+01 1.000000000000000e+00
4.130000000000000e+01 0.000000000000000e+00
4.120000000000000e+01 0.000000000000000e+00
4.130000000000000e+01 0.000000000000000e+00
4.130000000000000e+01 0.000000000000000e+00
4.130000000000000e+01 1.000000000000000e+00
4.140000000000000e+01 1.000000000000000e+00
4.140000000000000e+01 0.000000000000000e+00
4.130000000000000e+01 0.000000000000000e+00
4.140000000000000e+01 0.000000000000000e+00
4.140000000000000e+01 0.000000000000000e+00
4.150000000000000e+01 0.000000000000000e+00
4.150000000000000e+01 0.000000000000000e+00
4.160000000000000e+01 0.000000000000000e+00
4.160000000000000e+01 0.000000000000000e+00
4.170000000000000e+01 0.000000000000000e+00
4.170000000000000e+01 0.000000000000000e+00
4.180000000000000e+01 0.000000000000000e+00
4.180000000000000e+01 0.000000000000000e+00
4.190000000000000e+01 0.000000000000000e+00
4.190000000000000e+01 0.000000000000000e+00
4.200000000000000e+01 0.000000000000000e+00
4.200000000000000e+01 0.000000000000000e+00
4.210000000000000e+01 0.000000000000000e+00
4.210000000000000e+01 0.000000000000000e+00
4.220000000000000e+01 0.000000000000000e+00
4.220000000000000e+01 0.000000000000000e+00
4.230000000000000e+01 0.000000000000000e+00
4.230000000000000e+01 0.000000000000000e+00
4.240000000000000e+01 0.000000000000000e+00
4.240000000000000e+01 0.000000000000000e+00
4.250000000000000e+01 0.000000000000000e+00
4.250000000000000e+01 0.000000000000000e+00
4.260000000000000e+01 0.000000000000000e+00
4.260000000000000e+01 0.000000000000000e+00
4.260000000000000e+01 -1.000000000000000e+00
4.270000000000000e+01 -1.000000000000000e+00
4.270000000000000e+01 0.000000000000000e+00
4.260000000000000e+01 0.000000000000000e+00
4.270000000000000e+01 0.000000000000000e+00
4.270000000000000e+01 0.000000000000000e+00
4.270000000000000e+01 -1.000000000000000e+00
4.280000000000000e+01 -1.000000000000000e+00
4.280000000000000e+01 0.000000000000000e+00
4.270000000000000e+01 0.000000000000000e+00
4.280000000000000e+01 0.000000000000000e+00
4.280000000000000e+01 0.000000000000000e+00
4.280000000000000e+01 -1.000000000000000e+00
4.290000000000000e+01 -1.000000000000000e+00
4.290000000000000e+01 0.000000000000000e+00
4.280000000000000e+01 0.000000000000000e+00
4.290000000000000e+01 0.000000000000000e+00
4.290000000000000e+01 0.000000000000000e+00
4.300000000000000e+01 0.000000000000000e+00
4.300000000000000e+01 0.000000000000000e+00
4.310000000000000e+01 0.000000000000000e+00
4.310000000000000e+01 0.000000000000000e+00
4.320000000000000e+01 0.000000000000000e+00
4.320000000000000e+01 0.000000000000000e+00
4.330000000000000e+01 0.000000000000000e+00
4.330000000000000e+01 0.000000000000000e+00
4.340000000000000e+01 0.000000000000000e+00
4.340000000000000e+01 0.000000000000000e+00
4.350000000000000e+01 0.000000000000000e+00
4.350000000000000e+01 0.000000000000000e+00
4.360000000000000e+01 0.000000000000000e+00
4.360000000000000e+01 0.000000000000000e+00
4.370000000000000e+01 0.000000000000000e+00
4.370000000000000e+01 0.000000000000000e+00
4.380000000000000e+01 0.000000000000000e+00
4.380000000000000e+01 0.000000000000000e+00
4.390000000000000e+01 0.000000000000000e+00
4.390000000000000e+01 0.000000000000000e+00
4.400000000000000e+01 0.000000000000000e+00
4.400000000000000e+01 0.000000000000000e+00
4.410000000000000e+01 0.000000000000000e+00
4.410000000000000e+01 0.000000000000000e+00
4.410000000000000e+01 1.000000000000000e+00
4.420000000000000e+01 1.000000000000000e+00
4.420000000000000e+01 0.000000000000000e+00
4.410000000000000e+01 0.000000000000000e+00
4.420000000000000e+01 0.000000000000000e+00
4.420000000000000e+01 0.000000000000000e+00
4.420000000000000e+01 1.000000000000000e+00
4.430000000000000e+01 1.000000000000000e+00
4.430000000000000e+01 0.000000000000000e+00
4.420000000000000e+01 0.000000000000000e+00
4.430000000000000e+01 0.000000000000000e+00
4.430000000000000e+01 0.000000000000000e+00
4.430000000000000e+01 1.000000000000000e+00
4.440000000000000e+01 1.000000000000000e+00
4.440000000000000e+01 0.000000000000000e+00
4.430000000000000e+01 0.000000000000000e+00
4.440000000000000e+01 0.000000000000000e+00
4.440000000000000e+01 0.000000000000000e+00
4.450000000000000e+01 0.000000000000000e+00
4.450000000000000e+01 0.000000000000000e+00
4.460000000000000e+01 0.000000000000000e+00
4.460000000000000e+01 0.000000000000000e+00
4.470000000000000e+01 0.000000000000000e+00
4.470000000000000e+01 0.000000000000000e+00
4.480000000000000e+01 0.000000000000000e+00
4.480000000000000e+01 0.000000000000000e+00
4.490000000000000e+01 0.000000000000000e+00
4.490000000000000e+01 0.000000000000000e+00
4.500000000000000e+01 0.000000000000000e+00
4.500000000000000e+01 0.000000000000000e+00
4.510000000000000e+01 0.000000000000000e+00
4.510000000000000e+01 0.000000000000000e+00
4.520000000000000e+01 0.000000000000000e+00
4.520000000000000e+01 0.000000000000000e+00
4.530000000000000e+01 0.000000000000000e+00
4.530000000000000e+01 0.000000000000000e+00
4.540000000000000e+01 0.000000000000000e+00
4.540000000000000e+01 0.000000000000000e+00
4.550000000000000e+01 0.000000000000000e+00
4.550000000000000e+01 0.000000000000000e+00
4.560000000000000e+01 0.000000000000000e+00
4.560000000000000e+01 0.000000000000000e+00
4.560000000000000e+01 1.000000000000000e+00
4.570000000000000e+01 1.000000000000000e+00
4.570000000000000e+01 0.000000000000000e+00
4.560000000000000e+01 0.000000000000000e+00
4.570000000000000e+01 0.000000000000000e+00
4.570000000000000e+01 0.000000000000000e+00
4.570000000000000e+01 1.000000000000000e+00
4.580000000000000e+01 1.000000000000000e+00
4.580000000000000e+01 0.000000000000000e+00
4.570000000000000e+01 0.000000000000000e+00
4.580000000000000e+01 0.000000000000000e+00
4.580000000000000e+01 0.000000000000000e+00
4.580000000000000e+01 1.000000000000000e+00
4.590000000000000e+01 1.000000000000000e+00
4.590000000000000e+01 0.000000000000000e+00
4.580000000000000e+01 0.000000000000000e+00
4.590000000000000e+01 0.000000000000000e+00
4.590000000000000e+01 0.000000000000000e+00
4.600000000000000e+01 0.000000000000000e+00
4.600000000000000e+01 0.000000000000000e+00
4.610000000000000e+01 0.000000000000000e+00
4.610000000000000e+01 0.000000000000000e+00
4.620000000000000e+01 0.000000000000000e+00
4.620000000000000e+01 0.000000000000000e+00
4.630000000000000e+01 0.000000000000000e+00
4.630000000000000e+01 0.000000000000000e+00
4.640000000000000e+01 0.000000000000000e+00
4.640000000000000e+01 0.000000000000000e+00
4.650000000000000e+01 0.000000000000000e+00
4.650000000000000e+01 0.000000000000000e+00
4.660000000000000e+01 0.000000000000000e+00
4.660000000000000e+01 0.000000000000000e+00
4.670000000000000e+01 0.000000000000000e+00
4.670000000000000e+01 0.000000000000000e+00
4.680000000000000e+01 0.000000000000000e+00
4.680000000000000e+01 0.000000000000000e+00
4.690000000000000e+01 0.000000000000000e+00
4.690000000000000e+01 0.000000000000000e+00
4.700000000000000e+01 0.000000000000000e+00
4.700000000000000e+01 0.000000000000000e+00
4.710000000000000e+01 0.000000000000000e+00
4.710000000000000e+01 0.000000000000000e+00
4.710000000000000e+01 1.000000000000000e+00
4.720000000000000e+01 1.000000000000000e+00
4.720000000000000e+01 0.000000000000000e+00
4.710000000000000e+01 0.000000000000000e+00
4.720000000000000e+01 0.000000000000000e+00
4.720000000000000e+01 0.000000000000000e+00
4.720000000000000e+01 1.000000000000000e+00
4.730000000000000e+01 1.000000000000000e+00
4.730000000000000e+01 0.000000000000000e+00
4.720000000000000e+01 0.000000000000000e+00
4.730000000000000e+01 0.000000000000000e+00
4.730000000000000e+01 0.000000000000000e+00
4.730000000000000e+01 1.000000000000000e+00
4.740000000000000e+01 1.000000000000000e+00
4.740000000000000e+01 0.000000000000000e+00
4.730000000000000e+01 0.000000000000000e+00
4.740000000000000e+01 0.000000000000000e+00
4.740000000000000e+01 0.000000000000000e+00
4.750000000000000e+01 0.000000000000000e+00
4.750000000000000e+01 0.000000000000000e+00
4.760000000000000e+01 0.000000000000000e+00
4.760000000000000e+01 0.000000000000000e+00
4.770000000000000e+01 0.000000000000000e+00
4.770000000000000e+01 0.000000000000000e+00
4.780000000000000e+01 0.000000000000000e+00
4.780000000000000e+01 0.000000000000000e+00
4.790000000000000e+01 0.000000000000000e+00
4.790000000000000e+01 0.000000000000000e+00
4.800000000000000e+01 0.000000000000000e+00
4.800000000000000e+01 0.000000000000000e+00
4.810000000000000e+01 0.000000000000000e+00
4.810000000000000e+01 0.000000000000000e+00
4.820000000000000e+01 0.000000000000000e+00
4.820000000000000e+01 0.000000000000000e+00
4.830000000000000e+01 0.000000000000000e+00
4.830000000000000e+01 0.000000000000000e+00
4.840000000000000e+01 0.000000000000000e+00
4.840000000000000e+01 0.000000000000000e+00
4.850000000000000e+01 0.000000000000000e+00
4.850000000000000e+01 0.000000000000000e+00
4.860000000000000e+01 0.000000000000000e+00
4.860000000000000e+01 0.000000000000000e+00
4.860000000000000e+01 -1.000000000000000e+00
4.870000000000000e+01 -1.000000000000000e+00
4.870000000000000e+01 0.000000000000000e+00
4.860000000000000e+01 0.000000000000000e+00
4.870000000000000e+01 0.000000000000000e+00
4.870000000000000e+01 0.000000000000000e+00
4.870000000000000e+01 -1.000000000000000e+00
4.880000000000000e+01 -1.000000000000000e+00
4.880000000000000e+01 0.000000000000000e+00
4.870000000000000e+01 0.000000000000000e+00
4.880000000000000e+01 0.000000000000000e+00
4.880000000000000e+01 0.000000000000000e+00
4.880000000000000e+01 -1.000000000000000e+00
4.890000000000000e+01 -1.000000000000000e+00
4.890000000000000e+01 0.000000000000000e+00
4.880000000000000e+01 0.000000000000000e+00
4.890000000000000e+01 0.000000000000000e+00
4.890000000000000e+01 0.000000000000000e+00
4.900000000000000e+01 0.000000000000000e+00
4.900000000000000e+01 0.000000000000000e+00
4.910000000000000e+01 0.000000000000000e+00
4.910000000000000e+01 0.000000000000000e+00
4.960000000000000e+01 0.000000000000000e+00
4.960000000000000e+01 0.000000000000000e+00
5.010000000000000e+01 0.000000000000000e+00
5.010000000000000e+01 0.000000000000000e+00
5.017155000000000e+01 0.000000000000000e+00
5.017155000000000e+01 0.000000000000000e+00
5.017155000000000e+01 0.000000000000000e+00
5.024310000000000e+01 0.000000000000000e+00
5.024310000000000e+01 0.000000000000000e+00
5.074310000000000e+01 0.000000000000000e+00
5.074310000000000e+01 0.000000000000000e+00
5.124310000000000e+01 0.000000000000000e+00
5.124310000000000e+01 0.000000000000000e+00
5.134310000000000e+01 0.000000000000000e+00
5.134310000000000e+01 0.000000000000000e+00
5.144310000000000e+01 0.000000000000000e+00
5.144310000000000e+01 0.000000000000000e+00
5.144310000000000e+01 -1.000000000000000e+00
5.154310000000000e+01 -1.000000000000000e+00
5.154310000000000e+01 0.000000000000000e+00
5.144310000000000e+01 0.000000000000000e+00
5.154310000000000e+01 0.000000000000000e+00
5.154310000000000e+01 0.000000000000000e+00
5.154310000000000e+01 -1.000000000000000e+00
5.164310000000000e+01 -1.000000000000000e+00
5.164310000000000e+01 0.000000000000000e+00
5.154310000000000e+01 0.000000000000000e+00
5.164310000000000e+01 0.000000000000000e+00
5.164310000000000e+01 0.000000000000000e+00
5.164310000000000e+01 -1.000000000000000e+00
5.174310000000000e+01 -1.000000000000000e+00
5.174310000000000e+01 0.000000000000000e+00
5.164310000000000e+01 0.000000000000000e+00
5.174310000000000e+01 0.000000000000000e+00
5.174310000000000e+01 0.000000000000000e+00
5.184310000000000e+01 0.000000000000000e+00
5.184310000000000e+01 0.000000000000000e+00
5.194310000000000e+01 0.000000000000000e+00
5.194310000000000e+01 0.000000000000000e+00
5.204310000000000e+01 0.000000000000000e+00
5.204310000000000e+01 0.000000000000000e+00
5.214310000000000e+01 0.000000000000000e+00
5.214310000000000e+01 0.000000000000000e+00
5.224310000000000e+01 0.000000000000000e+00
5.224310000000000e+01 0.000000000000000e+00
5.234310000000000e+01 0.000000000000000e+00
5.234310000000000e+01 0.000000000000000e+00
5.244310000000000e+01 0.000000000000000e+00
5.244310000000000e+01 0.000000000000000e+00
5.254310000000000e+01 0.000000000000000e+00
5.254310000000000e+01 0.000000000000000e+00
5.264310000000000e+01 0.000000000000000e+00
5.264310000000000e+01 0.000000000000000e+00
5.274310000000000e+01 0.000000000000000e+00
5.274310000000000e+01 0.000000000000000e+00
5.284310000000000e+01 0.000000000000000e+00
5.284310000000000e+01 0.000000000000000e+00
5.294310000000000e+01 0.000000000000000e+00
5.294310000000000e+01 0.000000000000000e+00
5.294310000000000e+01 1.000000000000000e+00
5.304310000000000e+01 1.000000000000000e+00
5.304310000000000e+01 0.000000000000000e+00
5.294310000000000e+01 0.000000000000000e+00
5.304310000000000e+01 0.000000000000000e+00
5.304310000000000e+01 0.000000000000000e+00
5.304310000000000e+01 1.000000000000000e+00
5.314310000000000e+01 1.000000000000000e+00
5.314310000000000e+01 0.000000000000000e+00
5.304310000000000e+01 0.000000000000000e+00
5.314310000000000e+01 0.000000000000000e+00
5.314310000000000e+01 0.000000000000000e+00
5.314310000000000e+01 1.000000000000000e+00
5.324310000000000e+01 1.000000000000000e+00
5.324310000000000e+01 0.000000000000000e+00
5.314310000000000e+01 0.000000000000000e+00
5.324310000000000e+01 0.000000000000000e+00
5.324310000000000e+01 0.000000000000000e+00
5.334310000000000e+01 0.000000000000000e+00
5.334310000000000e+01 0.000000000000000e+00
5.344310000000000e+01 0.000000000000000e+00
5.344310000000000e+01 0.000000000000000e+00
5.354310000000000e+01 0.000000000000000e+00
5.354310000000000e+01 0.000000000000000e+00
5.364310000000000e+01 0.000000000000000e+00
5.364310000000000e+01 0.000000000000000e+00
5.374310000000000e+01 0.000000000000000e+00
5.374310000000000e+01 0.000000000000000e+00
5.384310000000000e+01 0.000000000000000e+00
5.384310000000000e+01 0.000000000000000e+00
5.394310000000000e+01 0.000000000000000e+00
5.394310000000000e+01 0.000000000000000e+00
5.404310000000000e+01 0.000000000000000e+00
5.404310000000000e+01 0.000000000000000e+00
5.414310000000000e+01 0.000000000000000e+00
5.414310000000000e+01 0.000000000000000e+00
5.424310000000000e+01 0.000000000000000e+00
5.424310000000000e+01 0.000000000000000e+00
5.434310000000000e+01 0.000000000000000e+00
5.434310000000000e+01 0.000000000000000e+00
5.444310000000000e+01 0.000000000000000e+00
5.444310000000000e+01 0.000000000000000e+00
5.444310000000000e+01 1.000000000000000e+00
5.454310000000000e+01 1.000000000000000e+00
5.454310000000000e+01 0.000000000000000e+00
5.444310000000000e+01 0.000000000000000e+00
5.454310000000000e+01 0.000000000000000e+00
5.454310000000000e+01 0.000000000000000e+00
5.454310000000000e+01 1.000000000000000e+00
5.464310000000000e+01 1.000000000000000e+00
5.464310000000000e+01 0.000000000000000e+00
5.454310000000000e+01 0.000000000000000e+00
5.464310000000000e+01 0.000000000000000e+00
5.464310000000000e+01 0.000000000000000e+00
5.464310000000000e+01 1.000000000000000e+00
5.474310000000000e+01 1.000000000000000e+00
5.474310000000000e+01 0.000000000000000e+00
5.464310000000000e+01 0.000000000000000e+00
5.474310000000000e+01 0.000000000000000e+00
5.474310000000000e+01 0.000000000000000e+00
5.484310000000000e+01 0.000000000000000e+00
5.484310000000000e+01 0.000000000000000e+00
5.494310000000000e+01 0.000000000000000e+00
5.494310000000000e+01 0.000000000000000e+00
5.504310000000000e+01 0.000000000000000e+00
5.504310000000000e+01 0.000000000000000e+00
5.514310000000000e+01 0.000000000000000e+00
5.514310000000000e+01 0.000000000000000e+00
5.524310000000000e+01 0.000000000000000e+00
5.524310000000000e+01 0.000000000000000e+00
5.534310000000000e+01 0.000000000000000e+00
5.534310000000000e+01 0.000000000000000e+00
5.544310000000000e+01 0.000000000000000e+00
5.544310000000000e+01 0.000000000000000e+00
5.554310000000000e+01 0.000000000000000e+00
5.554310000000000e+01 0.000000000000000e+00
5.564310000000000e+01 0.000000000000000e+00
5.564310000000000e+01 0.000000000000000e+00
5.574310000000000e+01 0.000000000000000e+00
5.574310000000000e+01 0.000000000000000e+00
5.584310000000000e+01 0.000000000000000e+00
5.584310000000000e+01 0.000000000000000e+00
5.594310000000000e+01 0.000000000000000e+00
5.594310000000000e+01 0.000000000000000e+00
5.594310000000000e+01 1.000000000000000e+00
5.604310000000000e+01 1.000000000000000e+00
5.604310000000000e+01 0.000000000000000e+00
5.594310000000000e+01 0.000000000000000e+00
5.604310000000000e+01 0.000000000000000e+00
5.604310000000000e+01 0.000000000000000e+00
5.604310000000000e+01 1.000000000000000e+00
5.614310000000000e+01 1.000000000000000e+00
5.614310000000000e+01 0.000000000000000e+00
5.604310000000000e+01 0.000000000000000e+00
5.614310000000000e+01 0.000000000000000e+00
5.614310000000000e+01 0.000000000000000e+00
5.614310000000000e+01 1.000000000000000e+00
5.624310000000000e+01 1.000000000000000e+00
5.624310000000000e+01 0.000000000000000e+00
5.614310000000000e+01 0.000000000000000e+00
5.624310000000000e+01 0.000000000000000e+00
5.624310000000000e+01 0.000000000000000e+00
5.634310000000000e+01 0.000000000000000e+00
5.634310000000000e+01 0.000000000000000e+00
5.644310000000000e+01 0.000000000000000e+00
5.644310000000000e+01 0.000000000000000e+00
5.654310000000000e+01 0.000000000000000e+00
5.654310000000000e+01 0.000000000000000e+00
5.664310000000000e+01 0.000000000000000e+00
5.664310000000000e+01 0.000000000000000e+00
5.674310000000000e+01 0.000000000000000e+00
5.674310000000000e+01 0.000000000000000e+00
5.684310000000000e+01 0.000000000000000e+00
5.684310000000000e+01 0.000000000000000e+00
5.694310000000000e+01 0.000000000000000e+00
5.694310000000000e+01 0.000000000000000e+00
5.704310000000000e+01 0.000000000000000e+00
5.704310000000000e+01 0.000000000000000e+00
5.714310000000000e+01 0.000000000000000e+00
5.714310000000000e+01 0.000000000000000e+00
5.724310000000000e+01 0.000000000000000e+00
5.724310000000000e+01 0.000000000000000e+00
5.734310000000000e+01 0.000000000000000e+00
5.734310000000000e+01 0.000000000000000e+00
5.744310000000000e+01 0.000000000000000e+00
5.744310000000000e+01 0.000000000000000e+00
5.744310000000000e+01 -1.000000000000000e+00
5.754310000000000e+01 -1.000000000000000e+00
5.754310000000000e+01 0.000000000000000e+00
5.744310000000000e+01 0.000000000000000e+00
5.754310000000000e+01 0.000000000000000e+00
5.754310000000000e+01 0.000000000000000e+00
5.754310000000000e+01 -1.000000000000000e+00
5.764310000000000e+01 -1.000000000000000e+00
5.764310000000000e+01 0.000000000000000e+00
5.754310000000000e+01 0.000000000000000e+00
5.764310000000000e+01 0.000000000000000e+00
5.764310000000000e+01 0.000000000000000e+00
5.764310000000000e+01 -1.000000000000000e+00
5.774310000000000e+01 -1.000000000000000e+00
5.774310000000000e+01 0.000000000000000e+00
5.764310000000000e+01 0.000000000000000e+00
5.774310000000000e+01 0.000000000000000e+00
5.774310000000000e+01 0.000000000000000e+00
5.784310000000000e+01 0.000000000000000e+00
5.784310000000000e+01 0.000000000000000e+00
5.794310000000000e+01 0.000000000000000e+00
5.794310000000000e+01 0.000000000000000e+00
5.804310000000000e+01 0.000000000000000e+00
5.804310000000000e+01 0.000000000000000e+00
5.814310000000000e+01 0.000000000000000e+00
5.814310000000000e+01 0.000000000000000e+00
5.824310000000000e+01 0.000000000000000e+00
5.824310000000000e+01 0.000000000000000e+00
5.834310000000000e+01 0.000000000000000e+00
5.834310000000000e+01 0.000000000000000e+00
5.844310000000000e+01 0.000000000000000e+00
5.844310000000000e+01 0.000000000000000e+00
5.854310000000000e+01 0.000000000000000e+00
5.854310000000000e+01 0.000000000000000e+00
5.864310000000000e+01 0.000000000000000e+00
5.864310000000000e+01 0.000000000000000e+00
5.874310000000000e+01 0.000000000000000e+00
5.874310000000000e+01 0.000000000000000e+00
5.884310000000000e+01 0.000000000000000e+00
5.884310000000000e+01 0.000000000000000e+00
5.894310000000000e+01 0.000000000000000e+00
5.894310000000000e+01 0.000000000000000e+00
5.894310000000000e+01 1.000000000000000e+00
5.904310000000000e+01 1.000000000000000e+00
5.904310000000000e+01 0.000000000000000e+00
5.894310000000000e+01 0.000000000000000e+00
5.904310000000000e+01 0.000000000000000e+00
5.904310000000000e+01 0.000000000000000e+00
5.904310000000000e+01 1.000000000000000e+00
5.914310000000000e+01 1.000000000000000e+00
5.914310000000000e+01 0.000000000000000e+00
5.904310000000000e+01 0.000000000000000e+00
5.914310000000000e+01 0.000000000000000e+00
5.914310000000000e+01 0.000000000000000e+00
5.914310000000000e+01 1.000000000000000e+00
5.924310000000000e+01 1.000000000000000e+00
5.924310000000000e+01 0.000000000000000e+00
5.914310000000000e+01 0.000000000000000e+00
5.924310000000000e+01 0.000000000000000e+00
5.924310000000000e+01 0.000000000000000e+00
5.934310000000000e+01 0.000000000000000e+00
5.934310000000000e+01 0.000000000000000e+00
5.944310000000000e+01 0.000000000000000e+00
5.944310000000000e+01 0.000000000000000e+00
5.954310000000000e+01 0.000000000000000e+00
5.954310000000000e+01 0.000000000000000e+00
5.964310000000000e+01 0.000000000000000e+00
5.964310000000000e+01 0.000000000000000e+00
5.974310000000000e+01 0.000000000000000e+00
5.974310000000000e+01 0.000000000000000e+00
5.974310000000000e+01 0.000000000000000e+00
5.974310000000000e+01 3.333333300000000e-01
5.999310000000000e+01 3.333333300000000e-01
5.999310000000000e+01 0.000000000000000e+00
5.974310000000000e+01 0.000000000000000e+00
5.974310000000000e+01 0.000000000000000e+00
5.999310000000000e+01 0.000000000000000e+00
5.999310000000000e+01 0.000000000000000e+00
5.999310000000000e+01 0.000000000000000e+00
5.999310000000000e+01 3.333333300000000e-01
6.024310000000000e+01 3.333333300000000e-01
6.024310000000000e+01 0.000000000000000e+00
5.999310000000000e+01 0.000000000000000e+00
5.999310000000000e+01 0.000000000000000e+00
6.024310000000000e+01 0.000000000000000e+00
6.024310000000000e+01 0.000000000000000e+00
6.074310000000000e+01 0.000000000000000e+00
6.074310000000000e+01 0.000000000000000e+00
6.124310000000000e+01 0.000000000000000e+00
6.124310000000000e+01 0.000000000000000e+00
6.174310000000000e+01 0.000000000000000e+00
6.174310000000000e+01 0.000000000000000e+00
6.224310000000000e+01 0.000000000000000e+00
6.224310000000000e+01 0.000000000000000e+00
6.274310000000000e+01 0.000000000000000e+00
6.274310000000000e+01 0.000000000000000e+00
6.324310000000000e+01 0.000000000000000e+00
6.324310000000000e+01 0.000000000000000e+00
6.374310000000000e+01 0.000000000000000e+00
6.374310000000000e+01 0.000000000000000e+00
6.424310000000000e+01 0.000000000000000e+00
6.424310000000000e+01 0.000000000000000e+00
6.474310000000000e+01 0.000000000000000e+00
6.474310000000000e+01 0.000000000000000e+00
6.524310000000000e+01 0.000000000000000e+00
6.524310000000000e+01 0.000000000000000e+00
6.524310000000000e+01 1.000000000000000e+00
6.534310000000001e+01 1.000000000000000e+00
6.534310000000001e+01 0.000000000000000e+00
6.524310000000000e+01 0.000000000000000e+00
6.534310000000001e+01 0.000000000000000e+00
6.534310000000001e+01 0.000000000000000e+00
6.534310000000001e+01 1.000000000000000e+00
6.544310000000000e+01 1.000000000000000e+00
6.544310000000000e+01 0.000000000000000e+00
6.534310000000001e+01 0.000000000000000e+00
6.544310000000000e+01 0.000000000000000e+00
6.544310000000000e+01 0.000000000000000e+00
6.544310000000000e+01 1.000000000000000e+00
6.554310000000000e+01 1.000000000000000e+00
6.554310000000000e+01 0.000000000000000e+00
6.544310000000000e+01 0.000000000000000e+00
6.554310000000000e+01 0.000000000000000e+00
6.554310000000000e+01 0.000000000000000e+00
6.604310000000000e+01 0.000000000000000e+00
6.604310000000000e+01 0.000000000000000e+00
6.654310000000000e+01 0.000000000000000e+00
6.654310000000000e+01 0.000000000000000e+00
6.704310000000000e+01 0.000000000000000e+00
6.704310000000000e+01 0.000000000000000e+00
6.704310000000000e+01 -1.000000000000000e+00
6.719310000000000e+01 -1.000000000000000e+00
6.719310000000000e+01 0.000000000000000e+00
6.704310000000000e+01 0.000000000000000e+00
6.719310000000000e+01 0.000000000000000e+00
6.719310000000000e+01 0.000000000000000e+00
6.719310000000000e+01 -1.000000000000000e+00
6.734310000000001e+01 -1.000000000000000e+00
6.734310000000001e+01 0.000000000000000e+00
6.719310000000000e+01 0.000000000000000e+00
6.734310000000001e+01 0.000000000000000e+00
6.734310000000001e+01 0.000000000000000e+00
6.784310000000001e+01 0.000000000000000e+00
6.784310000000001e+01 0.000000000000000e+00
6.784310000000001e+01 0.000000000000000e+00
6.834310000000001e+01 0.000000000000000e+00
6.834310000000001e+01 0.000000000000000e+00
6.834310000000001e+01 -1.000000000000000e+00
6.849310000000000e+01 -1.000000000000000e+00
6.849310000000000e+01 0.000000000000000e+00
6.834310000000001e+01 0.000000000000000e+00
6.849310000000000e+01 0.000000000000000e+00
6.849310000000000e+01 0.000000000000000e+00
6.849310000000000e+01 -1.000000000000000e+00
6.864310000000000e+01 -1.000000000000000e+00
6.864310000000000e+01 0.000000000000000e+00
6.849310000000000e+01 0.000000000000000e+00
6.864310000000000e+01 0.000000000000000e+00
6.864310000000000e+01 0.000000000000000e+00
6.914310000000000e+01 0.000000000000000e+00
6.914310000000000e+01 0.000000000000000e+00
6.964310000000000e+01 0.000000000000000e+00
6.964310000000000e+01 0.000000000000000e+00
7.014310000000000e+01 0.000000000000000e+00
7.014310000000000e+01 0.000000000000000e+00
7.014310000000000e+01 1.000000000000000e+00
7.024310000000000e+01 1.000000000000000e+00
7.024310000000000e+01 0.000000000000000e+00
7.014310000000000e+01 0.000000000000000e+00
7.024310000000000e+01 0.000000000000000e+00
7.024310000000000e+01 0.000000000000000e+00
7.024310000000000e+01 1.000000000000000e+00
7.034310000000001e+01 1.000000000000000e+00
7.034310000000001e+01 0.000000000000000e+00
7.024310000000000e+01 0.000000000000000e+00
7.034310000000001e+01 0.000000000000000e+00
7.034310000000001e+01 0.000000000000000e+00
7.034310000000001e+01 1.000000000000000e+00
7.044310000000000e+01 1.000000000000000e+00
7.044310000000000e+01 0.000000000000000e+00
7.034310000000001e+01 0.000000000000000e+00
7.044310000000000e+01 0.000000000000000e+00
7.044310000000000e+01 0.000000000000000e+00
7.094310000000000e+01 0.000000000000000e+00
7.094310000000000e+01 0.000000000000000e+00
7.144310000000000e+01 0.000000000000000e+00
7.144310000000000e+01 0.000000000000000e+00
7.194310000000000e+01 0.000000000000000e+00
7.194310000000000e+01 0.000000000000000e+00
7.244310000000000e+01 0.000000000000000e+00
7.244310000000000e+01 0.000000000000000e+00
7.294310000000000e+01 0.000000000000000e+00
7.294310000000000e+01 0.000000000000000e+00
7.344310000000000e+01 0.000000000000000e+00
7.344310000000000e+01 0.000000000000000e+00
7.394310000000000e+01 0.000000000000000e+00
7.394310000000000e+01 0.000000000000000e+00
7.444310000000000e+01 0.000000000000000e+00
7.444310000000000e+01 0.000000000000000e+00
7.494310000000000e+01 0.000000000000000e+00
7.494310000000000e+01 0.000000000000000e+00
7.544310000000000e+01 0.000000000000000e+00
7.544310000000000e+01 0.000000000000000e+00
7.544310000000000e+01 3.333333300000000e-01
7.569310000000000e+01 3.333333300000000e-01
7.569310000000000e+01 0.000000000000000e+00
7.544310000000000e+01 0.000000000000000e+00
7.544310000000000e+01 0.000000000000000e+00
7.569310000000000e+01 0.000000000000000e+00
7.569310000000000e+01 0.000000000000000e+00
7.569310000000000e+01 0.000000000000000e+00
7.569310000000000e+01 3.333333300000000e-01
7.594310000000000e+01 3.333333300000000e-01
7.594310000000000e+01 0.000000000000000e+00
7.569310000000000e+01 0.000000000000000e+00
7.569310000000000e+01 0.000000000000000e+00
7.594310000000000e+01 0.000000000000000e+00
7.594310000000000e+01 0.000000000000000e+00
7.604310000000000e+01 0.000000000000000e+00
7.604310000000000e+01 0.000000000000000e+00
7.614310000000000e+01 0.000000000000000e+00
7.614310000000000e+01 0.000000000000000e+00
7.614310000000000e+01 -1.000000000000000e+00
7.624310000000000e+01 -1.000000000000000e+00
7.624310000000000e+01 0.000000000000000e+00
7.614310000000000e+01 0.000000000000000e+00
7.624310000000000e+01 0.000000000000000e+00
7.624310000000000e+01 0.000000000000000e+00
7.624310000000000e+01 -1.000000000000000e+00
7.634310000000001e+01 -1.000000000000000e+00
7.634310000000001e+01 0.000000000000000e+00
7.624310000000000e+01 0.000000000000000e+00
7.634310000000001e+01 0.000000000000000e+00
7.634310000000001e+01 0.000000000000000e+00
7.684310000000001e+01 0.000000000000000e+00
7.684310000000001e+01 0.000000000000000e+00
7.734310000000001e+01 0.000000000000000e+00
7.734310000000001e+01 0.000000000000000e+00
7.784310000000001e+01 0.000000000000000e+00
7.784310000000001e+01 0.000000000000000e+00
7.834310000000001e+01 0.000000000000000e+00
7.834310000000001e+01 0.000000000000000e+00
7.884310000000001e+01 0.000000000000000e+00
7.884310000000001e+01 0.000000000000000e+00
7.934310000000001e+01 0.000000000000000e+00
7.934310000000001e+01 0.000000000000000e+00
7.984310000000001e+01 0.000000000000000e+00
7.984310000000001e+01 0.000000000000000e+00
8.034310000000001e+01 0.000000000000000e+00
8.034310000000001e+01 0.000000000000000e+00
8.084310000000001e+01 0.000000000000000e+00
8.084310000000001e+01 0.000000000000000e+00
8.134310000000001e+01 0.000000000000000e+00
8.134310000000001e+01 0.000000000000000e+00
8.184310000000001e+01 0.000000000000000e+00
8.184310000000001e+01 0.000000000000000e+00
8.234310000000001e+01 0.000000000000000e+00
8.234310000000001e+01 0.000000000000000e+00
8.284310000000001e+01 0.000000000000000e+00
8.284310000000001e+01 0.000000000000000e+00
8.334310000000001e+01 0.000000000000000e+00
8.334310000000001e+01 0.000000000000000e+00
8.384310000000001e+01 0.000000000000000e+00
8.384310000000001e+01 0.000000000000000e+00
8.394310000000000e+01 0.000000000000000e+00
8.394310000000000e+01 0.000000000000000e+00
8.404310000000000e+01 0.000000000000000e+00
8.404310000000000e+01 0.000000000000000e+00
8.414310000000000e+01 0.000000000000000e+00
8.414310000000000e+01 0.000000000000000e+00
8.414310000000000e+01 1.000000000000000e+00
8.424310000000000e+01 1.000000000000000e+00
8.424310000000000e+01 0.000000000000000e+00
8.414310000000000e+01 0.000000000000000e+00
8.424310000000000e+01 0.000000000000000e+00
8.424310000000000e+01 0.000000000000000e+00
8.424310000000000e+01 1.000000000000000e+00
8.434310000000001e+01 1.000000000000000e+00
8.434310000000001e+01 0.000000000000000e+00
8.424310000000000e+01 0.000000000000000e+00
8.434310000000001e+01 0.000000000000000e+00
8.434310000000001e+01 0.000000000000000e+00
8.484310000000001e+01 0.000000000000000e+00
8.484310000000001e+01 0.000000000000000e+00
8.534310000000001e+01 0.000000000000000e+00
8.534310000000001e+01 0.000000000000000e+00
8.584310000000001e+01 0.000000000000000e+00
8.584310000000001e+01 0.000000000000000e+00
8.634310000000001e+01 0.000000000000000e+00
8.634310000000001e+01 0.000000000000000e+00
8.684310000000001e+01 0.000000000000000e+00
8.684310000000001e+01 0.000000000000000e+00
8.734310000000001e+01 0.000000000000000e+00
8.734310000000001e+01 0.000000000000000e+00
8.784310000000001e+01 0.000000000000000e+00
8.784310000000001e+01 0.000000000000000e+00
8.834310000000001e+01 0.000000000000000e+00
8.834310000000001e+01 0.000000000000000e+00
8.884310000000001e+01 0.000000000000000e+00
8.884310000000001e+01 0.000000000000000e+00
8.934310000000001e+01 0.000000000000000e+00
8.934310000000001e+01 0.000000000000000e+00
8.984310000000001e+01 0.000000000000000e+00
8.984310000000001e+01 0.000000000000000e+00
9.034310000000001e+01 0.000000000000000e+00
9.034310000000001e+01 0.000000000000000e+00
9.084310000000001e+01 0.000000000000000e+00
9.084310000000001e+01 0.000000000000000e+00
9.134310000000001e+01 0.000000000000000e+00
9.134310000000001e+01 0.000000000000000e+00
9.184310000000001e+01 0.000000000000000e+00
9.184310000000001e+01 0.000000000000000e+00
9.194310000000000e+01 0.000000000000000e+00
9.194310000000000e+01 0.000000000000000e+00
9.204310000000000e+01 0.000000000000000e+00
9.204310000000000e+01 0.000000000000000e+00
9.214310000000000e+01 0.000000000000000e+00
9.214310000000000e+01 0.000000000000000e+00
9.214310000000000e+01 -1.000000000000000e+00
9.224310000000000e+01 -1.000000000000000e+00
9.224310000000000e+01 0.000000000000000e+00
9.214310000000000e+01 0.000000000000000e+00
9.224310000000000e+01 0.000000000000000e+00
9.224310000000000e+01 0.000000000000000e+00
9.224310000000000e+01 -1.000000000000000e+00
9.234310000000001e+01 -1.000000000000000e+00
9.234310000000001e+01 0.000000000000000e+00
9.224310000000000e+01 0.000000000000000e+00
9.234310000000001e+01 0.000000000000000e+00
9.234310000000001e+01 0.000000000000000e+00
9.284310000000001e+01 0.000000000000000e+00
9.284310000000001e+01 0.000000000000000e+00
9.334310000000001e+01 0.000000000000000e+00
9.334310000000001e+01 0.000000000000000e+00
9.384310000000001e+01 0.000000000000000e+00
9.384310000000001e+01 0.000000000000000e+00
9.434310000000001e+01 0.000000000000000e+00
9.434310000000001e+01 0.000000000000000e+00
9.484310000000001e+01 0.000000000000000e+00
9.484310000000001e+01 0.000000000000000e+00
9.534310000000001e+01 0.000000000000000e+00
9.534310000000001e+01 0.000000000000000e+00
9.584310000000001e+01 0.000000000000000e+00
9.584310000000001e+01 0.000000000000000e+00
9.634310000000001e+01 0.000000000000000e+00
9.634310000000001e+01 0.000000000000000e+00
9.684310000000001e+01 0.000000000000000e+00
9.684310000000001e+01 0.000000000000000e+00
9.734310000000001e+01 0.000000000000000e+00
9.734310000000001e+01 0.000000000000000e+00
9.784310000000001e+01 0.000000000000000e+00
9.784310000000001e+01 0.000000000000000e+00
9.834310000000001e+01 0.000000000000000e+00
9.834310000000001e+01 0.000000000000000e+00
9.884310000000001e+01 0.000000000000000e+00
9.884310000000001e+01 0.000000000000000e+00
9.934310000000001e+01 0.000000000000000e+00
9.934310000000001e+01 0.000000000000000e+00
9.984310000000001e+01 0.000000000000000e+00
9.984310000000001e+01 0.000000000000000e+00
9.994310000000000e+01 0.000000000000000e+00
9.994310000000000e+01 0.000000000000000e+00
1.000431000000000e+02 0.000000000000000e+00
1.000431000000000e+02 0.000000000000000e+00
1.001431000000000e+02 0.000000000000000e+00
1.001431000000000e+02 0.000000000000000e+00
1.001431000000000e+02 1.000000000000000e+00
1.002431000000000e+02 1.000000000000000e+00
1.002431000000000e+02 0.000000000000000e+00
1.001431000000000e+02 0.000000000000000e+00
1.002431000000000e+02 0.000000000000000e+00
1.002431000000000e+02 0.000000000000000e+00
1.002431000000000e+02 1.000000000000000e+00
1.003431000000000e+02 1.000000000000000e+00
1.003431000000000e+02 0.000000000000000e+00
1.002431000000000e+02 0.000000000000000e+00
1.003431000000000e+02 0.000000000000000e+00
1.003431000000000e+02 0.000000000000000e+00
1.008431000000000e+02 0.000000000000000e+00
1.008431000000000e+02 0.000000000000000e+00
1.013431000000000e+02 0.000000000000000e+00
1.013431000000000e+02 0.000000000000000e+00
1.018431000000000e+02 0.000000000000000e+00
1.018431000000000e+02 0.000000000000000e+00
1.023431000000000e+02 0.000000000000000e+00
1.023431000000000e+02 0.000000000000000e+00
1.028431000000000e+02 0.000000000000000e+00
1.028431000000000e+02 0.000000000000000e+00
1.033431000000000e+02 0.000000000000000e+00
1.033431000000000e+02 0.000000000000000e+00
1.038431000000000e+02 0.000000000000000e+00
1.038431000000000e+02 0.000000000000000e+00
1.043431000000000e+02 0.000000000000000e+00
1.043431000000000e+02 0.000000000000000e+00
1.048431000000000e+02 0.000000000000000e+00
1.048431000000000e+02 0.000000000000000e+00
1.053431000000000e+02 0.000000000000000e+00
1.053431000000000e+02 0.000000000000000e+00
1.058431000000000e+02 0.000000000000000e+00
1.058431000000000e+02 0.000000000000000e+00
1.063431000000000e+02 0.000000000000000e+00
1.063431000000000e+02 0.000000000000000e+00
1.068431000000000e+02 0.000000000000000e+00
1.068431000000000e+02 0.000000000000000e+00
1.073431000000000e+02 0.000000000000000e+00
1.073431000000000e+02 0.000000000000000e+00
1.078431000000000e+02 0.000000000000000e+00
1.078431000000000e+02 0.000000000000000e+00
1.079431000000000e+02 0.000000000000000e+00
1.079431000000000e+02 0.000000000000000e+00
1.080431000000000e+02 0.000000000000000e+00
1.080431000000000e+02 0.000000000000000e+00
1.081431000000000e+02 0.000000000000000e+00
1.081431000000000e+02 0.000000000000000e+00
1.081431000000000e+02 -1.000000000000000e+00
1.082431000000000e+02 -1.000000000000000e+00
1.082431000000000e+02 0.000000000000000e+00
1.081431000000000e+02 0.000000000000000e+00
1.082431000000000e+02 0.000000000000000e+00
1.082431000000000e+02 0.000000000000000e+00
1.082431000000000e+02 -1.000000000000000e+00
1.083431000000000e+02 -1.000000000000000e+00
1.083431000000000e+02 0.000000000000000e+00
1.082431000000000e+02 0.000000000000000e+00
1.083431000000000e+02 0.000000000000000e+00
1.083431000000000e+02 0.000000000000000e+00
1.088431000000000e+02 0.000000000000000e+00
1.088431000000000e+02 0.000000000000000e+00
1.093431000000000e+02 0.000000000000000e+00
1.093431000000000e+02 0.000000000000000e+00
1.098431000000000e+02 0.000000000000000e+00
1.098431000000000e+02 0.000000000000000e+00
1.103431000000000e+02 0.000000000000000e+00
1.103431000000000e+02 0.000000000000000e+00
1.108431000000000e+02 0.000000000000000e+00
1.108431000000000e+02 0.000000000000000e+00
1.113431000000000e+02 0.000000000000000e+00
1.113431000000000e+02 0.000000000000000e+00
1.118431000000000e+02 0.000000000000000e+00
1.118431000000000e+02 0.000000000000000e+00
1.123431000000000e+02 0.000000000000000e+00
1.123431000000000e+02 0.000000000000000e+00
1.128431000000000e+02 0.000000000000000e+00
1.128431000000000e+02 0.000000000000000e+00
1.133431000000000e+02 0.000000000000000e+00
1.133431000000000e+02 0.000000000000000e+00
1.138431000000000e+02 0.000000000000000e+00
1.138431000000000e+02 0.000000000000000e+00
1.143431000000000e+02 0.000000000000000e+00
1.143431000000000e+02 0.000000000000000e+00
1.148431000000000e+02 0.000000000000000e+00
1.148431000000000e+02 0.000000000000000e+00
1.153431000000000e+02 0.000000000000000e+00
1.153431000000000e+02 0.000000000000000e+00
1.158431000000000e+02 0.000000000000000e+00
1.158431000000000e+02 0.000000000000000e+00
1.159431000000000e+02 0.000000000000000e+00
1.159431000000000e+02 0.000000000000000e+00
1.160431000000000e+02 0.000000000000000e+00
1.160431000000000e+02 0.000000000000000e+00
1.161431000000000e+02 0.000000000000000e+00
1.161431000000000e+02 0.000000000000000e+00
1.161431000000000e+02 1.000000000000000e+00
1.162431000000000e+02 1.000000000000000e+00
1.162431000000000e+02 0.000000000000000e+00
1.161431000000000e+02 0.000000000000000e+00
1.162431000000000e+02 0.000000000000000e+00
1.162431000000000e+02 0.000000000000000e+00
1.162431000000000e+02 1.000000000000000e+00
1.163431000000000e+02 1.000000000000000e+00
1.163431000000000e+02 0.000000000000000e+00
1.162431000000000e+02 0.000000000000000e+00
1.163431000000000e+02 0.000000000000000e+00
1.163431000000000e+02 0.000000000000000e+00
1.168431000000000e+02 0.000000000000000e+00
1.168431000000000e+02 0.000000000000000e+00
1.173431000000000e+02 0.000000000000000e+00
1.173431000000000e+02 0.000000000000000e+00
1.178431000000000e+02 0.000000000000000e+00
1.178431000000000e+02 0.000000000000000e+00
1.183431000000000e+02 0.000000000000000e+00
1.183431000000000e+02 0.000000000000000e+00
1.188431000000000e+02 0.000000000000000e+00
1.188431000000000e+02 0.000000000000000e+00
1.193431000000000e+02 0.000000000000000e+00
1.193431000000000e+02 0.000000000000000e+00
1.198431000000000e+02 0.000000000000000e+00
1.198431000000000e+02 0.000000000000000e+00
1.203431000000000e+02 0.000000000000000e+00
1.203431000000000e+02 0.000000000000000e+00
1.208431000000000e+02 0.000000000000000e+00
1.208431000000000e+02 0.000000000000000e+00
1.213431000000000e+02 0.000000000000000e+00
1.213431000000000e+02 0.000000000000000e+00
1.218431000000000e+02 0.000000000000000e+00
1.218431000000000e+02 0.000000000000000e+00
1.223431000000000e+02 0.000000000000000e+00
1.223431000000000e+02 0.000000000000000e+00
1.228431000000000e+02 0.000000000000000e+00
1.228431000000000e+02 0.000000000000000e+00
1.233431000000000e+02 0.000000000000000e+00
1.233431000000000e+02 0.000000000000000e+00
1.238431000000000e+02 0.000000000000000e+00
1.238431000000000e+02 0.000000000000000e+00
1.239431000000000e+02 0.000000000000000e+00
1.239431000000000e+02 0.000000000000000e+00
1.240431000000000e+02 0.000000000000000e+00
1.240431000000000e+02 0.000000000000000e+00
1.241431000000000e+02 0.000000000000000e+00
1.241431000000000e+02 0.000000000000000e+00
1.241431000000000e+02 -1.000000000000000e+00
1.242431000000000e+02 -1.000000000000000e+00
1.242431000000000e+02 0.000000000000000e+00
1.241431000000000e+02 0.000000000000000e+00
1.242431000000000e+02 0.000000000000000e+00
1.242431000000000e+02 0.000000000000000e+00
1.242431000000000e+02 -1.000000000000000e+00
1.243431000000000e+02 -1.000000000000000e+00
1.243431000000000e+02 0.000000000000000e+00
1.242431000000000e+02 0.000000000000000e+00
1.243431000000000e+02 0.000000000000000e+00
1.243431000000000e+02 0.000000000000000e+00
1.248431000000000e+02 0.000000000000000e+00
1.248431000000000e+02 0.000000000000000e+00
1.253431000000000e+02 0.000000000000000e+00
1.253431000000000e+02 0.000000000000000e+00
1.258431000000000e+02 0.000000000000000e+00
1.258431000000000e+02 0.000000000000000e+00
1.263431000000000e+02 0.000000000000000e+00
1.263431000000000e+02 0.000000000000000e+00
1.268431000000000e+02 0.000000000000000e+00
1.268431000000000e+02 0.000000000000000e+00
1.273431000000000e+02 0.000000000000000e+00
1.273431000000000e+02 0.000000000000000e+00
1.278431000000000e+02 0.000000000000000e+00
1.278431000000000e+02 0.000000000000000e+00
1.283431000000000e+02 0.000000000000000e+00
1.283431000000000e+02 0.000000000000000e+00
1.288431000000000e+02 0.000000000000000e+00
1.288431000000000e+02 0.000000000000000e+00
1.293431000000000e+02 0.000000000000000e+00
1.293431000000000e+02 0.000000000000000e+00
1.298431000000000e+02 0.000000000000000e+00
1.298431000000000e+02 0.000000000000000e+00
1.303431000000000e+02 0.000000000000000e+00
1.303431000000000e+02 0.000000000000000e+00
1.308431000000000e+02 0.000000000000000e+00
1.308431000000000e+02 0.000000000000000e+00
1.313431000000000e+02 0.000000000000000e+00
1.313431000000000e+02 0.000000000000000e+00
1.318431000000000e+02 0.000000000000000e+00
1.318431000000000e+02 0.000000000000000e+00
1.319431000000000e+02 0.000000000000000e+00
1.319431000000000e+02 0.000000000000000e+00
1.320431000000000e+02 0.000000000000000e+00
1.320431000000000e+02 0.000000000000000e+00
1.321431000000000e+02 0.000000000000000e+00
1.321431000000000e+02 0.000000000000000e+00
1.321431000000000e+02 1.000000000000000e+00
1.322431000000000e+02 1.000000000000000e+00
1.322431000000000e+02 0.000000000000000e+00
1.321431000000000e+02 0.000000000000000e+00
1.322431000000000e+02 0.000000000000000e+00
1.322431000000000e+02 0.000000000000000e+00
1.322431000000000e+02 1.000000000000000e+00
1.323431000000000e+02 1.000000000000000e+00
1.323431000000000e+02 0.000000000000000e+00
1.322431000000000e+02 0.000000000000000e+00
1.323431000000000e+02 0.000000000000000e+00
1.323431000000000e+02 0.000000000000000e+00
1.328431000000000e+02 0.000000000000000e+00
1.328431000000000e+02 0.000000000000000e+00
1.333431000000000e+02 0.000000000000000e+00
1.333431000000000e+02 0.000000000000000e+00
1.338431000000000e+02 0.000000000000000e+00
1.338431000000000e+02 0.000000000000000e+00
1.343431000000000e+02 0.000000000000000e+00
1.343431000000000e+02 0.000000000000000e+00
1.348431000000000e+02 0.000000000000000e+00
1.348431000000000e+02 0.000000000000000e+00
1.353431000000000e+02 0.000000000000000e+00
1.353431000000000e+02 0.000000000000000e+00
1.358431000000000e+02 0.000000000000000e+00
1.358431000000000e+02 0.000000000000000e+00
1.363431000000000e+02 0.000000000000000e+00
1.363431000000000e+02 0.000000000000000e+00
1.368431000000000e+02 0.000000000000000e+00
1.368431000000000e+02 0.000000000000000e+00
1.373431000000000e+02 0.000000000000000e+00
1.373431000000000e+02 0.000000000000000e+00
1.378431000000000e+02 0.000000000000000e+00
1.378431000000000e+02 0.000000000000000e+00
1.383431000000000e+02 0.000000000000000e+00
1.383431000000000e+02 0.000000000000000e+00
1.388431000000000e+02 0.000000000000000e+00
1.388431000000000e+02 0.000000000000000e+00
1.393431000000000e+02 0.000000000000000e+00
1.393431000000000e+02 0.000000000000000e+00
1.398431000000000e+02 0.000000000000000e+00
1.398431000000000e+02 0.000000000000000e+00
1.399431000000000e+02 0.000000000000000e+00
1.399431000000000e+02 0.000000000000000e+00
1.400431000000000e+02 0.000000000000000e+00
1.400431000000000e+02 0.000000000000000e+00
1.401431000000000e+02 0.000000000000000e+00
1.401431000000000e+02 0.000000000000000e+00
1.401431000000000e+02 -1.000000000000000e+00
1.402431000000000e+02 -1.000000000000000e+00
1.402431000000000e+02 0.000000000000000e+00
1.401431000000000e+02 0.000000000000000e+00
1.402431000000000e+02 0.000000000000000e+00
1.402431000000000e+02 0.000000000000000e+00
1.402431000000000e+02 -1.000000000000000e+00
1.403431000000000e+02 -1.000000000000000e+00
1.403431000000000e+02 0.000000000000000e+00
1.402431000000000e+02 0.000000000000000e+00
1.403431000000000e+02 0.000000000000000e+00
1.403431000000000e+02 0.000000000000000e+00
1.408431000000000e+02 0.000000000000000e+00
1.408431000000000e+02 0.000000000000000e+00
1.413431000000000e+02 0.000000000000000e+00
1.413431000000000e+02 0.000000000000000e+00
1.418431000000000e+02 0.000000000000000e+00
1.418431000000000e+02 0.000000000000000e+00
1.423431000000000e+02 0.000000000000000e+00
1.423431000000000e+02 0.000000000000000e+00
1.428431000000000e+02 0.000000000000000e+00
1.428431000000000e+02 0.000000000000000e+00
1.433431000000000e+02 0.000000000000000e+00
1.433431000000000e+02 0.000000000000000e+00
1.438431000000000e+02 0.000000000000000e+00
1.438431000000000e+02 0.000000000000000e+00
1.443431000000000e+02 0.000000000000000e+00
1.443431000000000e+02 0.000000000000000e+00
1.448431000000000e+02 0.000000000000000e+00
1.448431000000000e+02 0.000000000000000e+00
1.453431000000000e+02 0.000000000000000e+00
1.453431000000000e+02 0.000000000000000e+00
1.458431000000000e+02 0.000000000000000e+00
1.458431000000000e+02 0.000000000000000e+00
1.463431000000000e+02 0.000000000000000e+00
1.463431000000000e+02 0.000000000000000e+00
1.468431000000000e+02 0.000000000000000e+00
1.468431000000000e+02 0.000000000000000e+00
1.473431000000000e+02 0.000000000000000e+00
1.473431000000000e+02 0.000000000000000e+00
1.478431000000000e+02 0.000000000000000e+00
1.478431000000000e+02 0.000000000000000e+00
1.479431000000000e+02 0.000000000000000e+00
1.479431000000000e+02 0.000000000000000e+00
1.480431000000000e+02 0.000000000000000e+00
1.480431000000000e+02 0.000000000000000e+00
1.481431000000000e+02 0.000000000000000e+00
1.481431000000000e+02 0.000000000000000e+00
1.481431000000000e+02 1.000000000000000e+00
1.482431000000000e+02 1.000000000000000e+00
1.482431000000000e+02 0.000000000000000e+00
1.481431000000000e+02 0.000000000000000e+00
1.482431000000000e+02 0.000000000000000e+00
1.482431000000000e+02 0.000000000000000e+00
1.482431000000000e+02 1.000000000000000e+00
1.483431000000000e+02 1.000000000000000e+00
1.483431000000000e+02 0.000000000000000e+00
1.482431000000000e+02 0.000000000000000e+00
1.483431000000000e+02 0.000000000000000e+00
1.483431000000000e+02 0.000000000000000e+00
1.488431000000000e+02 0.000000000000000e+00
1.488431000000000e+02 0.000000000000000e+00
1.493431000000000e+02 0.000000000000000e+00
1.493431000000000e+02 0.000000000000000e+00
1.498431000000000e+02 0.000000000000000e+00
1.498431000000000e+02 0.000000000000000e+00
1.503431000000000e+02 0.000000000000000e+00
1.503431000000000e+02 0.000000000000000e+00
1.508431000000000e+02 0.000000000000000e+00
1.508431000000000e+02 0.000000000000000e+00
1.513431000000000e+02 0.000000000000000e+00
1.513431000000000e+02 0.000000000000000e+00
1.518431000000000e+02 0.000000000000000e+00
1.518431000000000e+02 0.000000000000000e+00
1.523431000000000e+02 0.000000000000000e+00
1.523431000000000e+02 0.000000000000000e+00
1.528431000000000e+02 0.000000000000000e+00
1.528431000000000e+02 0.000000000000000e+00
1.533431000000000e+02 0.000000000000000e+00
1.533431000000000e+02 0.000000000000000e+00
1.538431000000000e+02 0.000000000000000e+00
1.538431000000000e+02 0.000000000000000e+00
1.543431000000000e+02 0.000000000000000e+00
1.543431000000000e+02 0.000000000000000e+00
1.548431000000000e+02 0.000000000000000e+00
1.548431000000000e+02 0.000000000000000e+00
1.553431000000000e+02 0.000000000000000e+00
1.553431000000000e+02 0.000000000000000e+00
1.558431000000000e+02 0.000000000000000e+00
1.558431000000000e+02 0.000000000000000e+00
1.559431000000000e+02 0.000000000000000e+00
1.559431000000000e+02 0.000000000000000e+00
1.560431000000000e+02 0.000000000000000e+00
1.560431000000000e+02 0.000000000000000e+00
1.561431000000000e+02 0.000000000000000e+00
1.561431000000000e+02 0.000000000000000e+00
1.561431000000000e+02 -1.000000000000000e+00
1.562431000000000e+02 -1.000000000000000e+00
1.562431000000000e+02 0.000000000000000e+00
1.561431000000000e+02 0.000000000000000e+00
1.562431000000000e+02 0.000000000000000e+00
1.562431000000000e+02 0.000000000000000e+00
1.562431000000000e+02 -1.000000000000000e+00
1.563431000000000e+02 -1.000000000000000e+00
1.563431000000000e+02 0.000000000000000e+00
1.562431000000000e+02 0.000000000000000e+00
1.563431000000000e+02 0.000000000000000e+00
1.563431000000000e+02 0.000000000000000e+00
1.568431000000000e+02 0.000000000000000e+00
1.568431000000000e+02 0.000000000000000e+00
1.573431000000000e+02 0.000000000000000e+00
1.573431000000000e+02 0.000000000000000e+00
1.578431000000000e+02 0.000000000000000e+00
1.578431000000000e+02 0.000000000000000e+00
1.583431000000000e+02 0.000000000000000e+00
1.583431000000000e+02 0.000000000000000e+00
1.588431000000000e+02 0.000000000000000e+00
1.588431000000000e+02 0.000000000000000e+00
1.593431000000000e+02 0.000000000000000e+00
1.593431000000000e+02 0.000000000000000e+00
1.598431000000000e+02 0.000000000000000e+00
1.598431000000000e+02 0.000000000000000e+00
1.603431000000000e+02 0.000000000000000e+00
1.603431000000000e+02 0.000000000000000e+00
1.608431000000000e+02 0.000000000000000e+00
1.608431000000000e+02 0.000000000000000e+00
1.613431000000000e+02 0.000000000000000e+00
1.613431000000000e+02 0.000000000000000e+00
1.618431000000000e+02 0.000000000000000e+00
1.618431000000000e+02 0.000000000000000e+00
1.623431000000000e+02 0.000000000000000e+00
1.623431000000000e+02 0.000000000000000e+00
1.628431000000000e+02 0.000000000000000e+00
1.628431000000000e+02 0.000000000000000e+00
1.633431000000000e+02 0.000000000000000e+00
1.633431000000000e+02 0.000000000000000e+00
1.638431000000000e+02 0.000000000000000e+00
1.638431000000000e+02 0.000000000000000e+00
1.639431000000000e+02 0.000000000000000e+00
1.639431000000000e+02 0.000000000000000e+00
1.640431000000000e+02 0.000000000000000e+00
1.640431000000000e+02 0.000000000000000e+00
1.641431000000000e+02 0.000000000000000e+00
1.641431000000000e+02 0.000000000000000e+00
1.641431000000000e+02 1.000000000000000e+00
1.642431000000000e+02 1.000000000000000e+00
1.642431000000000e+02 0.000000000000000e+00
1.641431000000000e+02 0.000000000000000e+00
1.642431000000000e+02 0.000000000000000e+00
1.642431000000000e+02 0.000000000000000e+00
1.642431000000000e+02 1.000000000000000e+00
1.643431000000000e+02 1.000000000000000e+00
1.643431000000000e+02 0.000000000000000e+00
1.642431000000000e+02 0.000000000000000e+00
1.643431000000000e+02 0.000000000000000e+00
1.643431000000000e+02 0.000000000000000e+00
1.648431000000000e+02 0.000000000000000e+00
1.648431000000000e+02 0.000000000000000e+00
1.653431000000000e+02 0.000000000000000e+00
1.653431000000000e+02 0.000000000000000e+00
1.658431000000000e+02 0.000000000000000e+00
1.658431000000000e+02 0.000000000000000e+00
1.663431000000000e+02 0.000000000000000e+00
1.663431000000000e+02 0.000000000000000e+00
1.668431000000000e+02 0.000000000000000e+00
1.668431000000000e+02 0.000000000000000e+00
1.673431000000000e+02 0.000000000000000e+00
1.673431000000000e+02 0.000000000000000e+00
1.678431000000000e+02 0.000000000000000e+00
1.678431000000000e+02 0.000000000000000e+00
1.683431000000000e+02 0.000000000000000e+00
1.683431000000000e+02 0.000000000000000e+00
1.688431000000000e+02 0.000000000000000e+00
1.688431000000000e+02 0.000000000000000e+00
1.693431000000000e+02 0.000000000000000e+00
1.693431000000000e+02 0.000000000000000e+00
1.698431000000000e+02 0.000000000000000e+00
1.698431000000000e+02 0.000000000000000e+00
1.703431000000000e+02 0.000000000000000e+00
1.703431000000000e+02 0.000000000000000e+00
1.708431000000000e+02 0.000000000000000e+00
1.708431000000000e+02 0.000000000000000e+00
1.713431000000000e+02 0.000000000000000e+00
1.713431000000000e+02 0.000000000000000e+00
1.718431000000000e+02 0.000000000000000e+00
1.718431000000000e+02 0.000000000000000e+00
1.719431000000000e+02 0.000000000000000e+00
1.719431000000000e+02 0.000000000000000e+00
1.720431000000000e+02 0.000000000000000e+00
1.720431000000000e+02 0.000000000000000e+00
1.721431000000000e+02 0.000000000000000e+00
1.721431000000000e+02 0.000000000000000e+00
1.721431000000000e+02 -1.000000000000000e+00
1.722431000000000e+02 -1.000000000000000e+00
1.722431000000000e+02 0.000000000000000e+00
1.721431000000000e+02 0.000000000000000e+00
1.722431000000000e+02 0.000000000000000e+00
1.722431000000000e+02 0.000000000000000e+00
1.722431000000000e+02 -1.000000000000000e+00
1.723431000000000e+02 -1.000000000000000e+00
1.723431000000000e+02 0.000000000000000e+00
1.722431000000000e+02 0.000000000000000e+00
1.723431000000000e+02 0.000000000000000e+00
1.723431000000000e+02 0.000000000000000e+00
1.728431000000000e+02 0.000000000000000e+00
1.728431000000000e+02 0.000000000000000e+00
1.733431000000000e+02 0.000000000000000e+00
1.733431000000000e+02 0.000000000000000e+00
1.738431000000000e+02 0.000000000000000e+00
1.738431000000000e+02 0.000000000000000e+00
1.743431000000000e+02 0.000000000000000e+00
1.743431000000000e+02 0.000000000000000e+00
1.748431000000000e+02 0.000000000000000e+00
1.748431000000000e+02 0.000000000000000e+00
1.753431000000000e+02 0.000000000000000e+00
1.753431000000000e+02 0.000000000000000e+00
1.758431000000000e+02 0.000000000000000e+00
1.758431000000000e+02 0.000000000000000e+00
1.763431000000000e+02 0.000000000000000e+00
1.763431000000000e+02 0.000000000000000e+00
1.768431000000000e+02 0.000000000000000e+00
1.768431000000000e+02 0.000000000000000e+00
1.773431000000000e+02 0.000000000000000e+00
1.773431000000000e+02 0.000000000000000e+00
1.778431000000000e+02 0.000000000000000e+00
1.778431000000000e+02 0.000000000000000e+00
1.783431000000000e+02 0.000000000000000e+00
1.783431000000000e+02 0.000000000000000e+00
1.788431000000000e+02 0.000000000000000e+00
1.788431000000000e+02 0.000000000000000e+00
1.793431000000000e+02 0.000000000000000e+00
1.793431000000000e+02 0.000000000000000e+00
1.798431000000000e+02 0.000000000000000e+00
1.798431000000000e+02 0.000000000000000e+00
1.799431000000000e+02 0.000000000000000e+00
1.799431000000000e+02 0.000000000000000e+00
1.800431000000000e+02 0.000000000000000e+00
1.800431000000000e+02 0.000000000000000e+00
1.801431000000000e+02 0.000000000000000e+00
1.801431000000000e+02 0.000000000000000e+00
1.801431000000000e+02 1.000000000000000e+00
1.802431000000000e+02 1.000000000000000e+00
1.802431000000000e+02 0.000000000000000e+00
1.801431000000000e+02 0.000000000000000e+00
1.802431000000000e+02 0.000000000000000e+00
1.802431000000000e+02 0.000000000000000e+00
1.802431000000000e+02 1.000000000000000e+00
1.803431000000000e+02 1.000000000000000e+00
1.803431000000000e+02 0.000000000000000e+00
1.802431000000000e+02 0.000000000000000e+00
1.803431000000000e+02 0.000000000000000e+00
1.803431000000000e+02 0.000000000000000e+00
1.808431000000000e+02 0.000000000000000e+00
1.808431000000000e+02 0.000000000000000e+00
1.813431000000000e+02 0.000000000000000e+00
1.813431000000000e+02 0.000000000000000e+00
1.818431000000000e+02 0.000000000000000e+00
1.818431000000000e+02 0.000000000000000e+00
1.823431000000000e+02 0.000000000000000e+00
1.823431000000000e+02 0.000000000000000e+00
1.828431000000000e+02 0.000000000000000e+00
1.828431000000000e+02 0.000000000000000e+00
1.833431000000000e+02 0.000000000000000e+00
1.833431000000000e+02 0.000000000000000e+00
1.838431000000000e+02 0.000000000000000e+00
1.838431000000000e+02 0.000000000000000e+00
1.843431000000000e+02 0.000000000000000e+00
1.843431000000000e+02 0.000000000000000e+00
1.848431000000000e+02 0.000000000000000e+00
1.848431000000000e+02 0.000000000000000e+00
1.853431000000000e+02 0.000000000000000e+00
1.853431000000000e+02 0.000000000000000e+00
1.858431000000000e+02 0.000000000000000e+00
1.858431000000000e+02 0.000000000000000e+00
1.863431000000000e+02 0.000000000000000e+00
1.863431000000000e+02 0.000000000000000e+00
1.868431000000000e+02 0.000000000000000e+00
1.868431000000000e+02 0.000000000000000e+00
1.873431000000000e+02 0.000000000000000e+00
1.873431000000000e+02 0.000000000000000e+00
1.878431000000000e+02 0.000000000000000e+00
1.878431000000000e+02 0.000000000000000e+00
1.879431000000000e+02 0.000000000000000e+00
1.879431000000000e+02 0.000000000000000e+00
1.880431000000000e+02 0.000000000000000e+00
1.880431000000000e+02 0.000000000000000e+00
1.881431000000000e+02 0.000000000000000e+00
1.881431000000000e+02 0.000000000000000e+00
1.881431000000000e+02 -1.000000000000000e+00
1.882431000000000e+02 -1.000000000000000e+00
1.882431000000000e+02 0.000000000000000e+00
1.881431000000000e+02 0.000000000000000e+00
1.882431000000000e+02 0.000000000000000e+00
1.882431000000000e+02 0.000000000000000e+00
1.882431000000000e+02 -1.000000000000000e+00
1.883431000000000e+02 -1.000000000000000e+00
1.883431000000000e+02 0.000000000000000e+00
1.882431000000000e+02 0.000000000000000e+00
1.883431000000000e+02 0.000000000000000e+00
1.883431000000000e+02 0.000000000000000e+00
1.888431000000000e+02 0.000000000000000e+00
1.888431000000000e+02 0.000000000000000e+00
1.893431000000000e+02 0.000000000000000e+00
1.893431000000000e+02 0.000000000000000e+00
1.898431000000000e+02 0.000000000000000e+00
1.898431000000000e+02 0.000000000000000e+00
1.903431000000000e+02 0.000000000000000e+00
1.903431000000000e+02 0.000000000000000e+00
1.908431000000000e+02 0.000000000000000e+00
1.908431000000000e+02 0.000000000000000e+00
1.913431000000000e+02 0.000000000000000e+00
1.913431000000000e+02 0.000000000000000e+00
1.918431000000000e+02 0.000000000000000e+00
1.918431000000000e+02 0.000000000000000e+00
1.923431000000000e+02 0.000000000000000e+00
1.923431000000000e+02 0.000000000000000e+00
1.928431000000000e+02 0.000000000000000e+00
1.928431000000000e+02 0.000000000000000e+00
1.933431000000000e+02 0.000000000000000e+00
1.933431000000000e+02 0.000000000000000e+00
1.938431000000000e+02 0.000000000000000e+00
1.938431000000000e+02 0.000000000000000e+00
1.943431000000000e+02 0.000000000000000e+00
1.943431000000000e+02 0.000000000000000e+00
1.948431000000000e+02 0.000000000000000e+00
1.948431000000000e+02 0.000000000000000e+00
1.953431000000000e+02 0.000000000000000e+00
1.953431000000000e+02 0.000000000000000e+00
1.958431000000000e+02 0.000000000000000e+00
1.958431000000000e+02 0.000000000000000e+00
1.959431000000000e+02 0.000000000000000e+00
1.959431000000000e+02 0.000000000000000e+00
1.960431000000000e+02 0.000000000000000e+00
1.960431000000000e+02 0.000000000000000e+00
1.961431000000000e+02 0.000000000000000e+00
1.961431000000000e+02 0.000000000000000e+00
1.961431000000000e+02 1.000000000000000e+00
1.962431000000000e+02 1.000000000000000e+00
1.962431000000000e+02 0.000000000000000e+00
1.961431000000000e+02 0.000000000000000e+00
1.962431000000000e+02 0.000000000000000e+00
1.962431000000000e+02 0.000000000000000e+00
1.962431000000000e+02 1.000000000000000e+00
1.963431000000000e+02 1.000000000000000e+00
1.963431000000000e+02 0.000000000000000e+00
1.962431000000000e+02 0.000000000000000e+00
1.963431000000000e+02 0.000000000000000e+00
1.963431000000000e+02 0.000000000000000e+00
1.968431000000000e+02 0.000000000000000e+00
1.968431000000000e+02 0.000000000000000e+00
1.973431000000000e+02 0.000000000000000e+00
1.973431000000000e+02 0.000000000000000e+00
1.978431000000000e+02 0.000000000000000e+00
1.978431000000000e+02 0.000000000000000e+00
1.983431000000000e+02 0.000000000000000e+00
1.983431000000000e+02 0.000000000000000e+00
1.988431000000000e+02 0.000000000000000e+00
1.988431000000000e+02 0.000000000000000e+00
1.993431000000000e+02 0.000000000000000e+00
1.993431000000000e+02 0.000000000000000e+00
1.998431000000000e+02 0.000000000000000e+00
1.998431000000000e+02 0.000000000000000e+00
2.003431000000000e+02 0.000000000000000e+00
2.003431000000000e+02 0.000000000000000e+00
2.008431000000000e+02 0.000000000000000e+00
2.008431000000000e+02 0.000000000000000e+00
2.013431000000000e+02 0.000000000000000e+00
2.013431000000000e+02 0.000000000000000e+00
2.018431000000000e+02 0.000000000000000e+00
2.018431000000000e+02 0.000000000000000e+00
2.023431000000000e+02 0.000000000000000e+00
2.023431000000000e+02 0.000000000000000e+00
2.028431000000000e+02 0.000000000000000e+00
2.028431000000000e+02 0.000000000000000e+00
2.033431000000000e+02 0.000000000000000e+00
2.033431000000000e+02 0.000000000000000e+00
2.038431000000000e+02 0.000000000000000e+00
2.038431000000000e+02 0.000000000000000e+00
2.039431000000000e+02 0.000000000000000e+00
2.039431000000000e+02 0.000000000000000e+00
2.040431000000000e+02 0.000000000000000e+00
2.040431000000000e+02 0.000000000000000e+00
2.041431000000000e+02 0.000000000000000e+00
2.041431000000000e+02 0.000000000000000e+00
2.041431000000000e+02 -1.000000000000000e+00
2.042431000000000e+02 -1.000000000000000e+00
2.042431000000000e+02 0.000000000000000e+00
2.041431000000000e+02 0.000000000000000e+00
2.042431000000000e+02 0.000000000000000e+00
2.042431000000000e+02 0.000000000000000e+00
2.042431000000000e+02 -1.000000000000000e+00
2.043431000000000e+02 -1.000000000000000e+00
2.043431000000000e+02 0.000000000000000e+00
2.042431000000000e+02 0.000000000000000e+00
2.043431000000000e+02 0.000000000000000e+00
2.043431000000000e+02 0.000000000000000e+00
2.048431000000000e+02 0.000000000000000e+00
2.048431000000000e+02 0.000000000000000e+00
2.053431000000000e+02 0.000000000000000e+00
2.053431000000000e+02 0.000000000000000e+00
2.058431000000000e+02 0.000000000000000e+00
2.058431000000000e+02 0.000000000000000e+00
2.063431000000000e+02 0.000000000000000e+00
2.063431000000000e+02 0.000000000000000e+00
2.068431000000000e+02 0.000000000000000e+00
2.068431000000000e+02 0.000000000000000e+00
2.073431000000000e+02 0.000000000000000e+00
2.073431000000000e+02 0.000000000000000e+00
2.078431000000000e+02 0.000000000000000e+00
2.078431000000000e+02 0.000000000000000e+00
2.083431000000000e+02 0.000000000000000e+00
2.083431000000000e+02 0.000000000000000e+00
2.088431000000000e+02 0.000000000000000e+00
2.088431000000000e+02 0.000000000000000e+00
2.093431000000000e+02 0.000000000000000e+00
2.093431000000000e+02 0.000000000000000e+00
2.098431000000000e+02 0.000000000000000e+00
2.098431000000000e+02 0.000000000000000e+00
2.103431000000000e+02 0.000000000000000e+00
2.103431000000000e+02 0.000000000000000e+00
2.108431000000000e+02 0.000000000000000e+00
2.108431000000000e+02 0.000000000000000e+00
2.113431000000000e+02 0.000000000000000e+00
2.113431000000000e+02 0.000000000000000e+00
2.118431000000000e+02 0.000000000000000e+00
2.118431000000000e+02 0.000000000000000e+00
2.119431000000000e+02 0.000000000000000e+00
2.119431000000000e+02 0.000000000000000e+00
2.120431000000000e+02 0.000000000000000e+00
2.120431000000000e+02 0.000000000000000e+00
2.121431000000000e+02 0.000000000000000e+00
2.121431000000000e+02 0.000000000000000e+00
2.121431000000000e+02 1.000000000000000e+00
2.122431000000000e+02 1.000000000000000e+00
2.122431000000000e+02 0.000000000000000e+00
2.121431000000000e+02 0.000000000000000e+00
2.122431000000000e+02 0.000000000000000e+00
2.122431000000000e+02 0.000000000000000e+00
2.122431000000000e+02 1.000000000000000e+00
2.123431000000000e+02 1.000000000000000e+00
2.123431000000000e+02 0.000000000000000e+00
2.122431000000000e+02 0.000000000000000e+00
2.123431000000000e+02 0.000000000000000e+00
2.123431000000000e+02 0.000000000000000e+00
2.128431000000000e+02 0.000000000000000e+00
2.128431000000000e+02 0.000000000000000e+00
2.133431000000000e+02 0.000000000000000e+00
2.133431000000000e+02 0.000000000000000e+00
2.138431000000000e+02 0.000000000000000e+00
2.138431000000000e+02 0.000000000000000e+00
2.143431000000000e+02 0.000000000000000e+00
2.143431000000000e+02 0.000000000000000e+00
2.148431000000000e+02 0.000000000000000e+00
2.148431000000000e+02 0.000000000000000e+00
2.153431000000000e+02 0.000000000000000e+00
2.153431000000000e+02 0.000000000000000e+00
2.158431000000000e+02 0.000000000000000e+00
2.158431000000000e+02 0.000000000000000e+00
2.163431000000000e+02 0.000000000000000e+00
2.163431000000000e+02 0.000000000000000e+00
2.168431000000000e+02 0.000000000000000e+00
2.168431000000000e+02 0.000000000000000e+00
2.173431000000000e+02 0.000000000000000e+00
2.173431000000000e+02 0.000000000000000e+00
2.178431000000000e+02 0.000000000000000e+00
2.178431000000000e+02 0.000000000000000e+00
2.183431000000000e+02 0.000000000000000e+00
2.183431000000000e+02 0.000000000000000e+00
2.188431000000000e+02 0.000000000000000e+00
2.188431000000000e+02 0.000000000000000e+00
2.193431000000000e+02 0.000000000000000e+00
2.193431000000000e+02 0.000000000000000e+00
2.198431000000000e+02 0.000000000000000e+00
2.198431000000000e+02 0.000000000000000e+00
2.199431000000000e+02 0.000000000000000e+00
2.199431000000000e+02 0.000000000000000e+00
2.200431000000000e+02 0.000000000000000e+00
2.200431000000000e+02 0.000000000000000e+00
2.201431000000000e+02 0.000000000000000e+00
2.201431000000000e+02 0.000000000000000e+00
2.201431000000000e+02 -1.000000000000000e+00
2.202431000000000e+02 -1.000000000000000e+00
2.202431000000000e+02 0.000000000000000e+00
2.201431000000000e+02 0.000000000000000e+00
2.202431000000000e+02 0.000000000000000e+00
2.202431000000000e+02 0.000000000000000e+00
2.202431000000000e+02 -1.000000000000000e+00
2.203431000000000e+02 -1.000000000000000e+00
2.203431000000000e+02 0.000000000000000e+00
2.202431000000000e+02 0.000000000000000e+00
2.203431000000000e+02 0.000000000000000e+00
2.203431000000000e+02 0.000000000000000e+00
2.208431000000000e+02 0.000000000000000e+00
2.208431000000000e+02 0.000000000000000e+00
2.213431000000000e+02 0.000000000000000e+00
2.213431000000000e+02 0.000000000000000e+00
2.218431000000000e+02 0.000000000000000e+00
2.218431000000000e+02 0.000000000000000e+00
2.223431000000000e+02 0.000000000000000e+00
2.223431000000000e+02 0.000000000000000e+00
2.228431000000000e+02 0.000000000000000e+00
2.228431000000000e+02 0.000000000000000e+00
2.233431000000000e+02 0.000000000000000e+00
2.233431000000000e+02 0.000000000000000e+00
2.238431000000000e+02 0.000000000000000e+00
2.238431000000000e+02 0.000000000000000e+00
2.243431000000000e+02 0.000000000000000e+00
2.243431000000000e+02 0.000000000000000e+00
2.248431000000000e+02 0.000000000000000e+00
2.248431000000000e+02 0.000000000000000e+00
2.253431000000000e+02 0.000000000000000e+00
2.253431000000000e+02 0.000000000000000e+00
2.258431000000000e+02 0.000000000000000e+00
2.258431000000000e+02 0.000000000000000e+00
2.263431000000000e+02 0.000000000000000e+00
2.263431000000000e+02 0.000000000000000e+00
2.268431000000000e+02 0.000000000000000e+00
2.268431000000000e+02 0.000000000000000e+00
2.273431000000000e+02 0.000000000000000e+00
2.273431000000000e+02 0.000000000000000e+00
2.278431000000000e+02 0.000000000000000e+00
2.278431000000000e+02 0.000000000000000e+00
2.279431000000000e+02 0.000000000000000e+00
2.279431000000000e+02 0.000000000000000e+00
2.280431000000000e+02 0.000000000000000e+00
2.280431000000000e+02 0.000000000000000e+00
2.281431000000000e+02 0.000000000000000e+00
2.281431000000000e+02 0.000000000000000e+00
2.281431000000000e+02 1.000000000000000e+00
2.282431000000000e+02 1.000000000000000e+00
2.282431000000000e+02 0.000000000000000e+00
2.281431000000000e+02 0.000000000000000e+00
2.282431000000000e+02 0.000000000000000e+00
2.282431000000000e+02 0.000000000000000e+00
2.282431000000000e+02 1.000000000000000e+00
2.283431000000000e+02 1.000000000000000e+00
2.283431000000000e+02 0.000000000000000e+00
2.282431000000000e+02 0.000000000000000e+00
2.283431000000000e+02 0.000000000000000e+00
2.283431000000000e+02 0.000000000000000e+00
2.288431000000000e+02 0.000000000000000e+00
2.288431000000000e+02 0.000000000000000e+00
2.293431000000000e+02 0.000000000000000e+00
2.293431000000000e+02 0.000000000000000e+00
2.298431000000000e+02 0.000000000000000e+00
2.298431000000000e+02 0.000000000000000e+00
2.303431000000000e+02 0.000000000000000e+00
2.303431000000000e+02 0.000000000000000e+00
2.308431000000000e+02 0.000000000000000e+00
2.308431000000000e+02 0.000000000000000e+00
2.313431000000000e+02 0.000000000000000e+00
2.313431000000000e+02 0.000000000000000e+00
2.318431000000000e+02 0.000000000000000e+00
2.318431000000000e+02 0.000000000000000e+00
2.323431000000000e+02 0.000000000000000e+00
2.323431000000000e+02 0.000000000000000e+00
2.328431000000000e+02 0.000000000000000e+00
2.328431000000000e+02 0.000000000000000e+00
2.333431000000000e+02 0.000000000000000e+00
2.333431000000000e+02 0.000000000000000e+00
2.338431000000000e+02 0.000000000000000e+00
2.338431000000000e+02 0.000000000000000e+00
2.343431000000000e+02 0.000000000000000e+00
2.343431000000000e+02 0.000000000000000e+00
2.348431000000000e+02 0.000000000000000e+00
2.348431000000000e+02 0.000000000000000e+00
2.353431000000000e+02 0.000000000000000e+00
2.353431000000000e+02 0.000000000000000e+00
2.358431000000000e+02 0.000000000000000e+00
2.358431000000000e+02 0.000000000000000e+00
2.359431000000000e+02 0.000000000000000e+00
2.359431000000000e+02 0.000000000000000e+00
2.360431000000000e+02 0.000000000000000e+00
2.360431000000000e+02 0.000000000000000e+00
2.361431000000000e+02 0.000000000000000e+00
2.361431000000000e+02 0.000000000000000e+00
2.361431000000000e+02 -1.000000000000000e+00
2.362431000000000e+02 -1.000000000000000e+00
2.362431000000000e+02 0.000000000000000e+00
2.361431000000000e+02 0.000000000000000e+00
2.362431000000000e+02 0.000000000000000e+00
2.362431000000000e+02 0.000000000000000e+00
2.362431000000000e+02 -1.000000000000000e+00
2.363431000000000e+02 -1.000000000000000e+00
2.363431000000000e+02 0.000000000000000e+00
2.362431000000000e+02 0.000000000000000e+00
2.363431000000000e+02 0.000000000000000e+00
2.363431000000000e+02 0.000000000000000e+00
2.368431000000000e+02 0.000000000000000e+00
2.368431000000000e+02 0.000000000000000e+00
2.373431000000000e+02 0.000000000000000e+00
2.373431000000000e+02 0.000000000000000e+00
2.378431000000000e+02 0.000000000000000e+00
2.378431000000000e+02 0.000000000000000e+00
2.383431000000000e+02 0.000000000000000e+00
2.383431000000000e+02 0.000000000000000e+00
2.388431000000000e+02 0.000000000000000e+00
2.388431000000000e+02 0.000000000000000e+00
2.393431000000000e+02 0.000000000000000e+00
2.393431000000000e+02 0.000000000000000e+00
2.398431000000000e+02 0.000000000000000e+00
2.398431000000000e+02 0.000000000000000e+00
2.403431000000000e+02 0.000000000000000e+00
2.403431000000000e+02 0.000000000000000e+00
2.408431000000000e+02 0.000000000000000e+00
2.408431000000000e+02 0.000000000000000e+00
2.413431000000000e+02 0.000000000000000e+00
2.413431000000000e+02 0.000000000000000e+00
2.418431000000000e+02 0.000000000000000e+00
2.418431000000000e+02 0.000000000000000e+00
2.423431000000000e+02 0.000000000000000e+00
2.423431000000000e+02 0.000000000000000e+00
2.428431000000000e+02 0.000000000000000e+00
2.428431000000000e+02 0.000000000000000e+00
2.433431000000000e+02 0.000000000000000e+00
2.433431000000000e+02 0.000000000000000e+00
2.438431000000000e+02 0.000000000000000e+00
2.438431000000000e+02 0.000000000000000e+00
2.439431000000000e+02 0.000000000000000e+00
2.439431000000000e+02 0.000000000000000e+00
2.440431000000000e+02 0.000000000000000e+00
2.440431000000000e+02 0.000000000000000e+00
2.441431000000000e+02 0.000000000000000e+00
2.441431000000000e+02 0.000000000000000e+00
2.441431000000000e+02 1.000000000000000e+00
2.442431000000000e+02 1.000000000000000e+00
2.442431000000000e+02 0.000000000000000e+00
2.441431000000000e+02 0.000000000000000e+00
2.442431000000000e+02 0.000000000000000e+00
2.442431000000000e+02 0.000000000000000e+00
2.442431000000000e+02 1.000000000000000e+00
2.443431000000000e+02 1.000000000000000e+00
2.443431000000000e+02 0.000000000000000e+00
2.442431000000000e+02 0.000000000000000e+00
2.443431000000000e+02 0.000000000000000e+00
2.443431000000000e+02 0.000000000000000e+00
2.448431000000000e+02 0.000000000000000e+00
2.448431000000000e+02 0.000000000000000e+00
2.453431000000000e+02 0.000000000000000e+00
2.453431000000000e+02 0.000000000000000e+00
2.458431000000000e+02 0.000000000000000e+00
2.458431000000000e+02 0.000000000000000e+00
2.463431000000000e+02 0.000000000000000e+00
2.463431000000000e+02 0.000000000000000e+00
2.468431000000000e+02 0.000000000000000e+00
2.468431000000000e+02 0.000000000000000e+00
2.473431000000000e+02 0.000000000000000e+00
2.473431000000000e+02 0.000000000000000e+00
2.478431000000000e+02 0.000000000000000e+00
2.478431000000000e+02 0.000000000000000e+00
2.483431000000000e+02 0.000000000000000e+00
2.483431000000000e+02 0.000000000000000e+00
2.488431000000000e+02 0.000000000000000e+00
2.488431000000000e+02 0.000000000000000e+00
2.493431000000000e+02 0.000000000000000e+00
2.493431000000000e+02 0.000000000000000e+00
2.498431000000000e+02 0.000000000000000e+00
2.498431000000000e+02 0.000000000000000e+00
2.503431000000000e+02 0.000000000000000e+00
2.503431000000000e+02 0.000000000000000e+00
2.508431000000000e+02 0.000000000000000e+00
2.508431000000000e+02 0.000000000000000e+00
2.513431000000000e+02 0.000000000000000e+00
2.513431000000000e+02 0.000000000000000e+00
2.518431000000000e+02 0.000000000000000e+00
2.518431000000000e+02 0.000000000000000e+00
2.519431000000000e+02 0.000000000000000e+00
2.519431000000000e+02 0.000000000000000e+00
2.520431000000000e+02 0.000000000000000e+00
2.520431000000000e+02 0.000000000000000e+00
2.521431000000000e+02 0.000000000000000e+00
2.521431000000000e+02 0.000000000000000e+00
2.521431000000000e+02 -1.000000000000000e+00
2.522431000000000e+02 -1.000000000000000e+00
2.522431000000000e+02 0.000000000000000e+00
2.521431000000000e+02 0.000000000000000e+00
2.522431000000000e+02 0.000000000000000e+00
2.522431000000000e+02 0.000000000000000e+00
2.522431000000000e+02 -1.000000000000000e+00
2.523431000000000e+02 -1.000000000000000e+00
2.523431000000000e+02 0.000000000000000e+00
2.522431000000000e+02 0.000000000000000e+00
2.523431000000000e+02 0.000000000000000e+00
2.523431000000000e+02 0.000000000000000e+00
2.528431000000000e+02 0.000000000000000e+00
2.528431000000000e+02 0.000000000000000e+00
2.533431000000000e+02 0.000000000000000e+00
2.533431000000000e+02 0.000000000000000e+00
2.538431000000000e+02 0.000000000000000e+00
2.538431000000000e+02 0.000000000000000e+00
2.543431000000000e+02 0.000000000000000e+00
2.543431000000000e+02 0.000000000000000e+00
2.548431000000000e+02 0.000000000000000e+00
2.548431000000000e+02 0.000000000000000e+00
2.553431000000000e+02 0.000000000000000e+00
2.553431000000000e+02 0.000000000000000e+00
2.558431000000000e+02 0.000000000000000e+00
2.558431000000000e+02 0.000000000000000e+00
2.563431000000000e+02 0.000000000000000e+00
2.563431000000000e+02 0.000000000000000e+00
2.568431000000000e+02 0.000000000000000e+00
2.568431000000000e+02 0.000000000000000e+00
2.573431000000000e+02 0.000000000000000e+00
2.573431000000000e+02 0.000000000000000e+00
2.578431000000000e+02 0.000000000000000e+00
2.578431000000000e+02 0.000000000000000e+00
2.583431000000000e+02 0.000000000000000e+00
2.583431000000000e+02 0.000000000000000e+00
2.588431000000000e+02 0.000000000000000e+00
2.588431000000000e+02 0.000000000000000e+00
2.593431000000000e+02 0.000000000000000e+00
2.593431000000000e+02 0.000000000000000e+00
2.598431000000000e+02 0.000000000000000e+00
2.598431000000000e+02 0.000000000000000e+00
2.599431000000000e+02 0.000000000000000e+00
2.599431000000000e+02 0.000000000000000e+00
2.600431000000000e+02 0.000000000000000e+00
2.600431000000000e+02 0.000000000000000e+00
2.601431000000000e+02 0.000000000000000e+00
2.601431000000000e+02 0.000000000000000e+00
2.601431000000000e+02 1.000000000000000e+00
2.602431000000000e+02 1.000000000000000e+00
2.602431000000000e+02 0.000000000000000e+00
2.601431000000000e+02 0.000000000000000e+00
2.602431000000000e+02 0.000000000000000e+00
2.602431000000000e+02 0.000000000000000e+00
2.602431000000000e+02 1.000000000000000e+00
2.603431000000000e+02 1.000000000000000e+00
2.603431000000000e+02 0.000000000000000e+00
2.602431000000000e+02 0.000000000000000e+00
2.603431000000000e+02 0.000000000000000e+00
2.603431000000000e+02 0.000000000000000e+00
2.608431000000000e+02 0.000000000000000e+00
2.608431000000000e+02 0.000000000000000e+00
2.613431000000000e+02 0.000000000000000e+00
2.613431000000000e+02 0.000000000000000e+00
2.618431000000000e+02 0.000000000000000e+00
2.618431000000000e+02 0.000000000000000e+00
2.623431000000000e+02 0.000000000000000e+00
2.623431000000000e+02 0.000000000000000e+00
2.628431000000000e+02 0.000000000000000e+00
2.628431000000000e+02 0.000000000000000e+00
2.633431000000000e+02 0.000000000000000e+00
2.633431000000000e+02 0.000000000000000e+00
2.638431000000000e+02 0.000000000000000e+00
2.638431000000000e+02 0.000000000000000e+00
2.643431000000000e+02 0.000000000000000e+00
2.643431000000000e+02 0.000000000000000e+00
2.648431000000000e+02 0.000000000000000e+00
2.648431000000000e+02 0.000000000000000e+00
2.653431000000000e+02 0.000000000000000e+00
2.653431000000000e+02 0.000000000000000e+00
2.658431000000000e+02 0.000000000000000e+00
2.658431000000000e+02 0.000000000000000e+00
2.663431000000000e+02 0.000000000000000e+00
2.663431000000000e+02 0.000000000000000e+00
2.668431000000000e+02 0.000000000000000e+00
2.668431000000000e+02 0.000000000000000e+00
2.673431000000000e+02 0.000000000000000e+00
2.673431000000000e+02 0.000000000000000e+00
2.678431000000000e+02 0.000000000000000e+00
2.678431000000000e+02 0.000000000000000e+00
2.679431000000000e+02 0.000000000000000e+00
2.679431000000000e+02 0.000000000000000e+00
2.680431000000000e+02 0.000000000000000e+00
2.680431000000000e+02 0.000000000000000e+00
2.681431000000000e+02 0.000000000000000e+00
2.681431000000000e+02 0.000000000000000e+00
2.681431000000000e+02 -1.000000000000000e+00
2.682431000000000e+02 -1.000000000000000e+00
2.682431000000000e+02 0.000000000000000e+00
2.681431000000000e+02 0.000000000000000e+00
2.682431000000000e+02 0.000000000000000e+00
2.682431000000000e+02 0.000000000000000e+00
2.682431000000000e+02 -1.000000000000000e+00
2.683431000000000e+02 -1.000000000000000e+00
2.683431000000000e+02 0.000000000000000e+00
2.682431000000000e+02 0.000000000000000e+00
2.683431000000000e+02 0.000000000000000e+00
2.683431000000000e+02 0.000000000000000e+00
2.688431000000000e+02 0.000000000000000e+00
2.688431000000000e+02 0.000000000000000e+00
2.693431000000000e+02 0.000000000000000e+00
2.693431000000000e+02 0.000000000000000e+00
2.698431000000000e+02 0.000000000000000e+00
2.698431000000000e+02 0.000000000000000e+00
2.703431000000000e+02 0.000000000000000e+00
2.703431000000000e+02 0.000000000000000e+00
2.708431000000000e+02 0.000000000000000e+00
2.708431000000000e+02 0.000000000000000e+00
2.713431000000000e+02 0.000000000000000e+00
2.713431000000000e+02 0.000000000000000e+00
2.718431000000000e+02 0.000000000000000e+00
2.718431000000000e+02 0.000000000000000e+00
2.723431000000000e+02 0.000000000000000e+00
2.723431000000000e+02 0.000000000000000e+00
2.728431000000000e+02 0.000000000000000e+00
2.728431000000000e+02 0.000000000000000e+00
2.733431000000000e+02 0.000000000000000e+00
2.733431000000000e+02 0.000000000000000e+00
2.738431000000000e+02 0.000000000000000e+00
2.738431000000000e+02 0.000000000000000e+00
2.743431000000000e+02 0.000000000000000e+00
2.743431000000000e+02 0.000000000000000e+00
2.748431000000000e+02 0.000000000000000e+00
2.748431000000000e+02 0.000000000000000e+00
2.753431000000000e+02 0.000000000000000e+00
2.753431000000000e+02 0.000000000000000e+00
2.758431000000000e+02 0.000000000000000e+00
2.758431000000000e+02 0.000000000000000e+00
2.759431000000000e+02 0.000000000000000e+00
2.759431000000000e+02 0.000000000000000e+00
2.760431000000000e+02 0.000000000000000e+00
2.760431000000000e+02 0.000000000000000e+00
2.761431000000000e+02 0.000000000000000e+00
2.761431000000000e+02 0.000000000000000e+00
2.761431000000000e+02 1.000000000000000e+00
2.762431000000000e+02 1.000000000000000e+00
2.762431000000000e+02 0.000000000000000e+00
2.761431000000000e+02 0.000000000000000e+00
2.762431000000000e+02 0.000000000000000e+00
2.762431000000000e+02 0.000000000000000e+00
2.762431000000000e+02 1.000000000000000e+00
2.763431000000000e+02 1.000000000000000e+00
2.763431000000000e+02 0.000000000000000e+00
2.762431000000000e+02 0.000000000000000e+00
2.763431000000000e+02 0.000000000000000e+00
2.763431000000000e+02 0.000000000000000e+00
2.768431000000000e+02 0.000000000000000e+00
2.768431000000000e+02 0.000000000000000e+00
2.773431000000000e+02 0.000000000000000e+00
2.773431000000000e+02 0.000000000000000e+00
2.778431000000000e+02 0.000000000000000e+00
2.778431000000000e+02 0.000000000000000e+00
2.783431000000000e+02 0.000000000000000e+00
2.783431000000000e+02 0.000000000000000e+00
2.788431000000000e+02 0.000000000000000e+00
2.788431000000000e+02 0.000000000000000e+00
2.793431000000000e+02 0.000000000000000e+00
2.793431000000000e+02 0.000000000000000e+00
2.798431000000000e+02 0.000000000000000e+00
2.798431000000000e+02 0.000000000000000e+00
2.803431000000000e+02 0.000000000000000e+00
2.803431000000000e+02 0.000000000000000e+00
2.808431000000000e+02 0.000000000000000e+00
2.808431000000000e+02 0.000000000000000e+00
2.813431000000000e+02 0.000000000000000e+00
2.813431000000000e+02 0.000000000000000e+00
2.818431000000000e+02 0.000000000000000e+00
2.818431000000000e+02 0.000000000000000e+00
2.823431000000000e+02 0.000000000000000e+00
2.823431000000000e+02 0.000000000000000e+00
2.828431000000000e+02 0.000000000000000e+00
2.828431000000000e+02 0.000000000000000e+00
2.833431000000000e+02 0.000000000000000e+00
2.833431000000000e+02 0.000000000000000e+00
2.838431000000000e+02 0.000000000000000e+00
2.838431000000000e+02 0.000000000000000e+00
2.839431000000000e+02 0.000000000000000e+00
2.839431000000000e+02 0.000000000000000e+00
2.840431000000000e+02 0.000000000000000e+00
2.840431000000000e+02 0.000000000000000e+00
2.841431000000000e+02 0.000000000000000e+00
