-4.836945072383969e-05 1.613431206592919e-13 0.000000000000000e+00
-4.831084440729683e-05 1.611476310297867e-13 0.000000000000000e+00
-4.825223809075397e-05 1.609521414002816e-13 0.000000000000000e+00
-4.819363177421110e-05 1.607566517707763e-13 0.000000000000000e+00
-4.813502545766823e-05 1.605611621412712e-13 0.000000000000000e+00
-4.807641914112537e-05 1.603656725117660e-13 0.000000000000000e+00
-4.801781282458251e-05 1.601701828822609e-13 0.000000000000000e+00
-4.795920650803964e-05 1.599746932527557e-13 0.000000000000000e+00
-4.790060019149678e-05 1.597792036232505e-13 0.000000000000000e+00
-4.784199387495391e-05 1.595837139937453e-13 0.000000000000000e+00
-4.778338755841105e-05 1.593882243642402e-13 0.000000000000000e+00
-4.772478124186819e-05 1.591927347347350e-13 0.000000000000000e+00
-4.766617492532532e-05 1.589972451052298e-13 0.000000000000000e+00
-4.760756860878246e-05 1.588017554757247e-13 0.000000000000000e+00
-4.754896229223959e-05 1.586062658462195e-13 3.069216518128056e-01
-4.749035597569673e-05 1.584107762167143e-13 0.000000000000000e+00
-4.743174965915387e-05 1.582152865872092e-13 0.000000000000000e+00
-4.737314334261100e-05 1.580197969577040e-13 3.069216518128056e-01
-4.731453702606814e-05 1.578243073281988e-13 4.092288690837408e-01
-4.725593070952527e-05 1.576288176986936e-13 0.000000000000000e+00
-4.719732439298241e-05 1.574333280691885e-13 6.138433036256112e-01
-4.713871807643955e-05 1.572378384396833e-13 0.000000000000000e+00
-4.708011175989668e-05 1.570423488101782e-13 0.000000000000000e+00
-4.702150544335382e-05 1.568468591806730e-13 5.115360863546761e-01
-4.696289912681095e-05 1.566513695511678e-13 3.069216518128056e-01
-4.690429281026809e-05 1.564558799216626e-13 6.138433036256112e-01
-4.684568649372522e-05 1.562603902921575e-13 4.092288690837408e-01
-4.678708017718236e-05 1.560649006626523e-13 4.092288690837408e-01
-4.672847386063950e-05 1.558694110331471e-13 1.125379389980287e+00
-4.666986754409663e-05 1.556739214036420e-13 1.023072172709352e+00
-4.661126122755377e-05 1.554784317741368e-13 1.227686607251222e+00
-4.655265491101090e-05 1.552829421446316e-13 9.207649554384169e-01
-4.649404859446804e-05 1.550874525151265e-13 1.125379389980287e+00
-4.643544227792518e-05 1.548919628856213e-13 5.115360863546761e-01
-4.637683596138231e-05 1.546964732561161e-13 1.739222693605899e+00
-4.631822964483945e-05 1.545009836266109e-13 1.432301041793093e+00
-4.625962332829658e-05 1.543054939971058e-13 8.184577381674817e-01
-4.620101701175372e-05 1.541100043676006e-13 1.329993824522158e+00
-4.614241069521086e-05 1.539145147380954e-13 1.739222693605899e+00
-4.608380437866799e-05 1.537190251085902e-13 2.148451562689639e+00
-4.602519806212513e-05 1.535235354790851e-13 1.125379389980287e+00
-4.596659174558226e-05 1.533280458495799e-13 1.227686607251222e+00
-4.590798542903940e-05 1.531325562200748e-13 2.557680431773380e+00
-4.584937911249654e-05 1.529370665905696e-13 1.227686607251222e+00
-4.579077279595367e-05 1.527415769610644e-13 1.329993824522158e+00
-4.573216647941080e-05 1.525460873315592e-13 1.841529910876834e+00
-4.567356016286794e-05 1.523505977020541e-13 2.659987649044315e+00
-4.561495384632508e-05 1.521551080725489e-13 3.376138169940862e+00
-4.555634752978222e-05 1.519596184430437e-13 2.046144345418704e+00
-4.549774121323935e-05 1.517641288135386e-13 2.148451562689639e+00
-4.543913489669648e-05 1.515686391840334e-13 2.353065997231510e+00
-4.538052858015362e-05 1.513731495545282e-13 2.046144345418704e+00
-4.532192226361076e-05 1.511776599250231e-13 1.841529910876834e+00
-4.526331594706790e-05 1.509821702955179e-13 2.353065997231510e+00
-4.520470963052503e-05 1.507866806660127e-13 2.762294866315251e+00
-4.514610331398216e-05 1.505911910365075e-13 2.455373214502445e+00
-4.508749699743930e-05 1.503957014070024e-13 2.762294866315251e+00
-4.502889068089644e-05 1.502002117774972e-13 3.683059821753667e+00
-4.497028436435358e-05 1.500047221479920e-13 3.478445387211797e+00
-4.491167804781071e-05 1.498092325184869e-13 3.478445387211797e+00
-4.485307173126784e-05 1.496137428889817e-13 2.353065997231510e+00
-4.479446541472498e-05 1.494182532594765e-13 4.296903125379279e+00
-4.473585909818212e-05 1.492227636299714e-13 2.864602083586186e+00
-4.467725278163925e-05 1.490272740004662e-13 3.580752604482732e+00
-4.461864646509639e-05 1.488317843709610e-13 4.092288690837409e+00
-4.456004014855353e-05 1.486362947414559e-13 3.580752604482732e+00
-4.450143383201066e-05 1.484408051119507e-13 2.557680431773380e+00
-4.444282751546780e-05 1.482453154824455e-13 4.194595908108344e+00
-4.438422119892493e-05 1.480498258529404e-13 4.296903125379279e+00
-4.432561488238207e-05 1.478543362234352e-13 3.683059821753667e+00
-4.426700856583920e-05 1.476588465939300e-13 5.422282515359566e+00
-4.420840224929634e-05 1.474633569644248e-13 4.092288690837409e+00
-4.414979593275348e-05 1.472678673349197e-13 3.887674256295538e+00
-4.409118961621061e-05 1.470723777054145e-13 3.989981473566473e+00
-4.403258329966775e-05 1.468768880759093e-13 3.887674256295538e+00
-4.397397698312489e-05 1.466813984464042e-13 4.706131994463020e+00
-4.391537066658202e-05 1.464859088168990e-13 3.683059821753667e+00
-4.385676435003916e-05 1.462904191873938e-13 5.319975298088631e+00
-4.379815803349629e-05 1.460949295578886e-13 4.501517559921149e+00
-4.373955171695343e-05 1.458994399283835e-13 3.989981473566473e+00
-4.368094540041057e-05 1.457039502988783e-13 3.376138169940862e+00
-4.362233908386770e-05 1.455084606693731e-13 4.501517559921149e+00
-4.356373276732483e-05 1.453129710398680e-13 5.831511384443307e+00
-4.350512645078197e-05 1.451174814103628e-13 4.808439211733955e+00
-4.344652013423911e-05 1.449219917808576e-13 4.808439211733955e+00
-4.338791381769625e-05 1.447265021513525e-13 5.217668080817695e+00
-4.332930750115338e-05 1.445310125218473e-13 4.910746429004890e+00
-4.327070118461051e-05 1.443355228923421e-13 6.138433036256113e+00
-4.321209486806765e-05 1.441400332628370e-13 5.013053646275825e+00
-4.315348855152479e-05 1.439445436333318e-13 6.036125818985178e+00
-4.309488223498193e-05 1.437490540038266e-13 5.831511384443307e+00
-4.303627591843906e-05 1.435535643743214e-13 5.626896949901437e+00
-4.297766960189619e-05 1.433580747448163e-13 4.910746429004890e+00
-4.291906328535333e-05 1.431625851153111e-13 6.240740253527048e+00
-4.286045696881047e-05 1.429670954858059e-13 5.729204167172372e+00
-4.280185065226761e-05 1.427716058563008e-13 6.343047470797983e+00
-4.274324433572474e-05 1.425761162267956e-13 6.036125818985178e+00
-4.268463801918187e-05 1.423806265972904e-13 6.547661905339853e+00
-4.262603170263901e-05 1.421851369677853e-13 6.752276339881724e+00
-4.256742538609615e-05 1.419896473382801e-13 6.138433036256113e+00
-4.250881906955328e-05 1.417941577087749e-13 6.956890774423594e+00
-4.245021275301042e-05 1.415986680792698e-13 7.263812426236400e+00
-4.239160643646755e-05 1.414031784497646e-13 6.956890774423594e+00
-4.233300011992469e-05 1.412076888202594e-13 5.729204167172372e+00
-4.227439380338183e-05 1.410121991907543e-13 6.138433036256113e+00
-4.221578748683896e-05 1.408167095612491e-13 6.036125818985178e+00
-4.215718117029610e-05 1.406212199317439e-13 7.366119643507335e+00
-4.209857485375323e-05 1.404257303022387e-13 7.979962947132947e+00
-4.203996853721037e-05 1.402302406727336e-13 6.649969122610789e+00
-4.198136222066751e-05 1.400347510432284e-13 5.933818601714242e+00
-4.192275590412464e-05 1.398392614137232e-13 6.343047470797983e+00
-4.186414958758178e-05 1.396437717842181e-13 7.161505208965464e+00
-4.180554327103891e-05 1.394482821547129e-13 8.900727902571363e+00
-4.174693695449605e-05 1.392527925252077e-13 7.263812426236400e+00
-4.168833063795319e-05 1.390573028957025e-13 6.649969122610789e+00
-4.162972432141032e-05 1.388618132661974e-13 7.979962947132947e+00
-4.157111800486746e-05 1.386663236366922e-13 7.263812426236400e+00
-4.151251168832460e-05 1.384708340071870e-13 7.468426860778270e+00
-4.145390537178173e-05 1.382753443776819e-13 7.775348512591076e+00
-4.139529905523886e-05 1.380798547481767e-13 8.491499033487623e+00
-4.133669273869600e-05 1.378843651186715e-13 9.309956771655104e+00
-4.127808642215314e-05 1.376888754891664e-13 6.649969122610789e+00
-4.121948010561027e-05 1.374933858596612e-13 7.263812426236400e+00
-4.116087378906741e-05 1.372978962301560e-13 7.775348512591076e+00
-4.110226747252454e-05 1.371024066006509e-13 9.207649554384169e+00
-4.104366115598168e-05 1.369069169711457e-13 7.775348512591076e+00
-4.098505483943882e-05 1.367114273416405e-13 8.491499033487623e+00
-4.092644852289596e-05 1.365159377121354e-13 9.923800075280715e+00
-4.086784220635309e-05 1.363204480826302e-13 9.616878423467909e+00
-4.080923588981022e-05 1.361249584531250e-13 9.309956771655104e+00
-4.075062957326736e-05 1.359294688236198e-13 9.003035119842298e+00
-4.069202325672450e-05 1.357339791941147e-13 1.063995059617726e+01
-4.063341694018163e-05 1.355384895646095e-13 8.900727902571363e+00
-4.057481062363877e-05 1.353429999351043e-13 9.821492858009780e+00
-4.051620430709590e-05 1.351475103055992e-13 8.082270164403882e+00
-4.045759799055304e-05 1.349520206760940e-13 8.389191816216687e+00
-4.039899167401018e-05 1.347565310465888e-13 9.412263988926039e+00
-4.034038535746731e-05 1.345610414170837e-13 7.775348512591076e+00
-4.028177904092445e-05 1.343655517875785e-13 9.105342337113234e+00
-4.022317272438158e-05 1.341700621580733e-13 9.616878423467909e+00
-4.016456640783872e-05 1.339745725285682e-13 1.074225781344820e+01
-4.010596009129586e-05 1.337790828990630e-13 8.082270164403882e+00
-4.004735377475299e-05 1.335835932695578e-13 1.125379389980287e+01
-3.998874745821012e-05 1.333881036400526e-13 9.412263988926039e+00
-3.993014114166726e-05 1.331926140105475e-13 1.043533616163539e+01
-3.987153482512440e-05 1.329971243810423e-13 1.217455885524129e+01
-3.981292850858154e-05 1.328016347515371e-13 1.084456503071913e+01
-3.975432219203867e-05 1.326061451220320e-13 1.043533616163539e+01
-3.969571587549581e-05 1.324106554925268e-13 1.043533616163539e+01
-3.963710955895294e-05 1.322151658630216e-13 1.053764337890633e+01
-3.957850324241008e-05 1.320196762335164e-13 1.063995059617726e+01
-3.951989692586721e-05 1.318241866040113e-13 1.084456503071913e+01
-3.946129060932435e-05 1.316286969745061e-13 1.012841450982259e+01
-3.940268429278148e-05 1.314332073450009e-13 1.104917946526100e+01
-3.934407797623862e-05 1.312377177154958e-13 1.023072172709352e+01
-3.928547165969576e-05 1.310422280859906e-13 9.821492858009780e+00
-3.922686534315289e-05 1.308467384564854e-13 1.094687224799007e+01
-3.916825902661003e-05 1.306512488269803e-13 1.023072172709352e+01
-3.910965271006717e-05 1.304557591974751e-13 1.196994442069942e+01
-3.905104639352431e-05 1.302602695679699e-13 1.340224546249251e+01
-3.899244007698144e-05 1.300647799384648e-13 1.299301659340877e+01
-3.893383376043857e-05 1.298692903089596e-13 1.340224546249251e+01
-3.887522744389571e-05 1.296738006794544e-13 1.094687224799007e+01
-3.881662112735285e-05 1.294783110499493e-13 1.186763720342848e+01
-3.875801481080998e-05 1.292828214204441e-13 1.207225163797036e+01
-3.869940849426712e-05 1.290873317909389e-13 1.094687224799007e+01
-3.864080217772425e-05 1.288918421614337e-13 1.217455885524129e+01
-3.858219586118139e-05 1.286963525319286e-13 1.217455885524129e+01
-3.852358954463853e-05 1.285008629024234e-13 1.166302276888661e+01
-3.846498322809566e-05 1.283053732729182e-13 1.166302276888661e+01
-3.840637691155280e-05 1.281098836434131e-13 1.289070937613784e+01
-3.834777059500993e-05 1.279143940139079e-13 1.002610729255165e+01
-3.828916427846707e-05 1.277189043844027e-13 1.340224546249251e+01
-3.823055796192421e-05 1.275234147548976e-13 1.258378772432503e+01
-3.817195164538134e-05 1.273279251253924e-13 1.299301659340877e+01
-3.811334532883847e-05 1.271324354958872e-13 1.432301041793093e+01
-3.805473901229561e-05 1.269369458663821e-13 1.237917328978316e+01
-3.799613269575275e-05 1.267414562368769e-13 1.125379389980287e+01
-3.793752637920989e-05 1.265459666073717e-13 1.432301041793093e+01
-3.787892006266702e-05 1.263504769778666e-13 1.299301659340877e+01
-3.782031374612415e-05 1.261549873483614e-13 1.360685989703438e+01
-3.776170742958129e-05 1.259594977188562e-13 1.462993206974373e+01
-3.770310111303843e-05 1.257640080893510e-13 1.514146815609841e+01
-3.764449479649557e-05 1.255685184598459e-13 1.350455267976345e+01
-3.758588847995270e-05 1.253730288303407e-13 1.370916711430532e+01
-3.752728216340983e-05 1.251775392008355e-13 1.493685372155654e+01
-3.746867584686697e-05 1.249820495713303e-13 1.227686607251223e+01
-3.741006953032411e-05 1.247865599418252e-13 1.268609494159597e+01
-3.735146321378124e-05 1.245910703123200e-13 1.278840215886690e+01
-3.729285689723838e-05 1.243955806828148e-13 1.319763102795064e+01
-3.723425058069552e-05 1.242000910533097e-13 1.411839598338906e+01
-3.717564426415265e-05 1.240046014238045e-13 1.585761867699496e+01
-3.711703794760979e-05 1.238091117942993e-13 1.370916711430532e+01
-3.705843163106692e-05 1.236136221647942e-13 1.452762485247280e+01
-3.699982531452406e-05 1.234181325352890e-13 1.544838980791122e+01
-3.694121899798119e-05 1.232226429057838e-13 1.391378154884719e+01
-3.688261268143833e-05 1.230271532762786e-13 1.780145580514273e+01
-3.682400636489547e-05 1.228316636467735e-13 1.544838980791122e+01
-3.676540004835260e-05 1.226361740172683e-13 1.452762485247280e+01
-3.670679373180974e-05 1.224406843877632e-13 1.616454032880776e+01
-3.664818741526688e-05 1.222451947582580e-13 1.340224546249251e+01
-3.658958109872401e-05 1.220497051287528e-13 1.483454650428560e+01
-3.653097478218115e-05 1.218542154992476e-13 1.483454650428560e+01
-3.647236846563828e-05 1.216587258697425e-13 1.575531145972402e+01
-3.641376214909542e-05 1.214632362402373e-13 1.575531145972402e+01
-3.635515583255255e-05 1.212677466107321e-13 1.636915476334963e+01
-3.629654951600969e-05 1.210722569812270e-13 1.411839598338906e+01
-3.623794319946682e-05 1.208767673517218e-13 1.616454032880776e+01
-3.617933688292396e-05 1.206812777222166e-13 1.524377537336935e+01
-3.612073056638110e-05 1.204857880927115e-13 1.739222693605899e+01
-3.606212424983824e-05 1.202902984632063e-13 1.677838363243337e+01
-3.600351793329537e-05 1.200948088337011e-13 1.473223928701467e+01
-3.594491161675250e-05 1.198993192041959e-13 1.769914858787179e+01
-3.588630530020964e-05 1.197038295746908e-13 1.544838980791122e+01
-3.582769898366678e-05 1.195083399451856e-13 1.575531145972402e+01
-3.576909266712392e-05 1.193128503156805e-13 1.728991971878805e+01
-3.571048635058105e-05 1.191173606861752e-13 1.544838980791122e+01
-3.565188003403818e-05 1.189218710566701e-13 1.606223311153683e+01
-3.559327371749532e-05 1.187263814271649e-13 1.688069084970431e+01
-3.553466740095246e-05 1.185308917976598e-13 1.626684754607870e+01
-3.547606108440960e-05 1.183354021681546e-13 1.821068467422647e+01
-3.541745476786673e-05 1.181399125386494e-13 1.718761250151712e+01
-3.535884845132386e-05 1.179444229091442e-13 1.626684754607870e+01
-3.530024213478100e-05 1.177489332796391e-13 1.902914241239395e+01
-3.524163581823814e-05 1.175534436501339e-13 1.769914858787179e+01
-3.518302950169527e-05 1.173579540206287e-13 1.677838363243337e+01
-3.512442318515241e-05 1.171624643911236e-13 1.739222693605899e+01
-3.506581686860954e-05 1.169669747616184e-13 1.780145580514273e+01
-3.500721055206668e-05 1.167714851321132e-13 1.821068467422647e+01
-3.494860423552382e-05 1.165759955026081e-13 1.657376919789150e+01
-3.488999791898095e-05 1.163805058731029e-13 1.473223928701467e+01
-3.483139160243809e-05 1.161850162435977e-13 2.056375067145798e+01
-3.477278528589522e-05 1.159895266140925e-13 1.800607023968460e+01
-3.471417896935236e-05 1.157940369845874e-13 1.810837745695553e+01
-3.465557265280950e-05 1.155985473550822e-13 1.780145580514273e+01
-3.459696633626663e-05 1.154030577255771e-13 2.097297954054172e+01
-3.453836001972376e-05 1.152075680960719e-13 1.626684754607870e+01
-3.447975370318090e-05 1.150120784665667e-13 1.943837128147769e+01
-3.442114738663804e-05 1.148165888370615e-13 1.851760632603927e+01
-3.436254107009518e-05 1.146210992075564e-13 1.861991354331021e+01
-3.430393475355231e-05 1.144256095780512e-13 1.821068467422647e+01
-3.424532843700945e-05 1.142301199485460e-13 1.984760015056143e+01
-3.418672212046659e-05 1.140346303190409e-13 1.810837745695553e+01
-3.412811580392372e-05 1.138391406895357e-13 1.923375684693582e+01
-3.406950948738085e-05 1.136436510600305e-13 1.913144962966489e+01
-3.401090317083799e-05 1.134481614305254e-13 2.015452180237424e+01
-3.395229685429513e-05 1.132526718010202e-13 1.984760015056143e+01
-3.389369053775226e-05 1.130571821715150e-13 1.964298571601956e+01
-3.383508422120940e-05 1.128616925420098e-13 2.005221458510330e+01
-3.377647790466653e-05 1.126662029125047e-13 1.984760015056143e+01
-3.371787158812367e-05 1.124707132829995e-13 1.810837745695553e+01
-3.365926527158081e-05 1.122752236534943e-13 1.984760015056143e+01
-3.360065895503795e-05 1.120797340239892e-13 1.974529293329050e+01
-3.354205263849508e-05 1.118842443944840e-13 2.240528058233481e+01
-3.348344632195221e-05 1.116887547649788e-13 1.913144962966489e+01
-3.342484000540935e-05 1.114932651354737e-13 2.076836510599985e+01
-3.336623368886649e-05 1.112977755059685e-13 2.189374449598013e+01
-3.330762737232362e-05 1.111022858764633e-13 2.209835893052201e+01
-3.324902105578076e-05 1.109067962469581e-13 1.913144962966489e+01
-3.319041473923789e-05 1.107113066174530e-13 1.902914241239395e+01
-3.313180842269503e-05 1.105158169879478e-13 2.209835893052201e+01
-3.307320210615217e-05 1.103203273584426e-13 2.015452180237424e+01
-3.301459578960930e-05 1.101248377289375e-13 2.148451562689639e+01
-3.295598947306644e-05 1.099293480994323e-13 2.322373832050229e+01
-3.289738315652357e-05 1.097338584699271e-13 2.087067232327078e+01
-3.283877683998071e-05 1.095383688404220e-13 2.056375067145798e+01
-3.278017052343785e-05 1.093428792109168e-13 2.220066614779294e+01
-3.272156420689498e-05 1.091473895814116e-13 2.332604553777323e+01
-3.266295789035211e-05 1.089518999519064e-13 1.954067849874863e+01
-3.260435157380925e-05 1.087564103224013e-13 2.383758162412790e+01
-3.254574525726639e-05 1.085609206928961e-13 2.097297954054172e+01
-3.248713894072353e-05 1.083654310633909e-13 2.332604553777323e+01
-3.242853262418066e-05 1.081699414338858e-13 2.148451562689639e+01
-3.236992630763780e-05 1.079744518043806e-13 2.250758779960575e+01
-3.231131999109494e-05 1.077789621748754e-13 2.240528058233481e+01
-3.225271367455207e-05 1.075834725453703e-13 2.138220840962546e+01
-3.219410735800921e-05 1.073879829158651e-13 2.168913006143826e+01
-3.213550104146634e-05 1.071924932863599e-13 2.434911771048258e+01
-3.207689472492347e-05 1.069970036568547e-13 2.281450945141855e+01
-3.201828840838061e-05 1.068015140273496e-13 2.342835275504416e+01
-3.195968209183775e-05 1.066060243978444e-13 2.332604553777323e+01
-3.190107577529488e-05 1.064105347683393e-13 2.393988884139884e+01
-3.184246945875202e-05 1.062150451388341e-13 2.250758779960575e+01
-3.178386314220916e-05 1.060195555093289e-13 2.496296101410819e+01
-3.172525682566630e-05 1.058240658798238e-13 2.772525588042344e+01
-3.166665050912343e-05 1.056285762503186e-13 2.189374449598013e+01
-3.160804419258056e-05 1.054330866208134e-13 2.230297336506388e+01
-3.154943787603770e-05 1.052375969913082e-13 2.230297336506388e+01
-3.149083155949483e-05 1.050421073618030e-13 2.445142492775351e+01
-3.143222524295197e-05 1.048466177322979e-13 2.475834657956632e+01
-3.137361892640911e-05 1.046511281027927e-13 2.700910535952690e+01
-3.131501260986624e-05 1.044556384732876e-13 2.465603936229538e+01
-3.125640629332338e-05 1.042601488437824e-13 2.434911771048258e+01
-3.119779997678052e-05 1.040646592142772e-13 2.127990119235452e+01
-3.113919366023765e-05 1.038691695847721e-13 2.506526823137913e+01
-3.108058734369479e-05 1.036736799552669e-13 2.639526205590128e+01
-3.102198102715192e-05 1.034781903257617e-13 2.526988266592100e+01
-3.096337471060906e-05 1.032827006962565e-13 2.332604553777323e+01
-3.090476839406619e-05 1.030872110667513e-13 2.823679196677812e+01
-3.084616207752333e-05 1.028917214372462e-13 2.629295483863035e+01
-3.078755576098046e-05 1.026962318077410e-13 2.619064762135941e+01
-3.072894944443760e-05 1.025007421782359e-13 2.496296101410819e+01
-3.067034312789474e-05 1.023052525487307e-13 2.445142492775351e+01
-3.061173681135188e-05 1.021097629192255e-13 2.813448474950718e+01
-3.055313049480901e-05 1.019142732897204e-13 2.516757544865006e+01
-3.049452417826615e-05 1.017187836602152e-13 2.608834040408848e+01
-3.043591786172328e-05 1.015232940307100e-13 2.721371979406877e+01
-3.037731154518042e-05 1.013278044012048e-13 2.813448474950718e+01
-3.031870522863755e-05 1.011323147716997e-13 2.670218370771409e+01
-3.026009891209469e-05 1.009368251421945e-13 2.670218370771409e+01
-3.020149259555183e-05 1.007413355126893e-13 2.813448474950718e+01
-3.014288627900896e-05 1.005458458831842e-13 2.598603318681754e+01
-3.008427996246610e-05 1.003503562536790e-13 2.874832805313279e+01
-3.002567364592323e-05 1.001548666241738e-13 2.619064762135941e+01
-2.996706732938037e-05 9.995937699466865e-14 2.721371979406877e+01
-2.990846101283751e-05 9.976388736516350e-14 2.803217753223625e+01
-2.984985469629464e-05 9.956839773565831e-14 2.823679196677812e+01
-2.979124837975178e-05 9.937290810615315e-14 2.885063527040373e+01
-2.973264206320891e-05 9.917741847664798e-14 3.140831570217711e+01
-2.967403574666605e-05 9.898192884714281e-14 2.936217135675841e+01
-2.961542943012319e-05 9.878643921763764e-14 3.161293013671898e+01
-2.955682311358032e-05 9.859094958813247e-14 2.608834040408848e+01
-2.949821679703746e-05 9.839545995862730e-14 2.803217753223625e+01
-2.943961048049459e-05 9.819997032912213e-14 2.670218370771409e+01
-2.938100416395173e-05 9.800448069961696e-14 3.191985178853179e+01
-2.932239784740886e-05 9.780899107011179e-14 3.120370126763524e+01
-2.926379153086600e-05 9.761350144060663e-14 2.762294866315251e+01
-2.920518521432314e-05 9.741801181110145e-14 3.038524352946776e+01
-2.914657889778027e-05 9.722252218159629e-14 3.140831570217711e+01
-2.908797258123741e-05 9.702703255209110e-14 3.018062909492589e+01
-2.902936626469454e-05 9.683154292258595e-14 2.782756309769438e+01
-2.897075994815168e-05 9.663605329308077e-14 3.202215900580272e+01
-2.891215363160882e-05 9.644056366357560e-14 3.365907448213768e+01
-2.885354731506595e-05 9.624507403407043e-14 3.007832187765495e+01
-2.879494099852309e-05 9.604958440456526e-14 3.253369509215739e+01
-2.873633468198022e-05 9.585409477506009e-14 3.110139405036431e+01
-2.867772836543736e-05 9.565860514555493e-14 3.202215900580272e+01
-2.861912204889449e-05 9.546311551604975e-14 3.539829717574359e+01
-2.856051573235163e-05 9.526762588654459e-14 2.782756309769438e+01
-2.850190941580877e-05 9.507213625703942e-14 3.079447239855150e+01
-2.844330309926590e-05 9.487664662753425e-14 3.243138787488646e+01
-2.838469678272304e-05 9.468115699802908e-14 3.365907448213768e+01
-2.832609046618017e-05 9.448566736852391e-14 3.355676726486675e+01
-2.826748414963731e-05 9.429017773901874e-14 3.396599613395049e+01
-2.820887783309445e-05 9.409468810951358e-14 3.529598995847265e+01
-2.815027151655158e-05 9.389919848000840e-14 3.243138787488646e+01
-2.809166520000872e-05 9.370370885050324e-14 3.294292396124114e+01
-2.803305888346585e-05 9.350821922099805e-14 3.335215283032488e+01
-2.797445256692299e-05 9.331272959149290e-14 3.396599613395049e+01
-2.791584625038013e-05 9.311723996198772e-14 3.212446622307365e+01
-2.785723993383726e-05 9.292175033248255e-14 3.928597143203912e+01
-2.779863361729440e-05 9.272626070297738e-14 3.652367656572387e+01
-2.774002730075154e-05 9.253077107347222e-14 3.376138169940862e+01
-2.768142098420867e-05 9.233528144396704e-14 3.478445387211797e+01
-2.762281466766581e-05 9.213979181446188e-14 3.713751986934948e+01
-2.756420835112294e-05 9.194430218495670e-14 3.519368274120171e+01
-2.750560203458008e-05 9.174881255545154e-14 3.683059821753668e+01
-2.744699571803722e-05 9.155332292594637e-14 3.642136934845293e+01
-2.738838940149435e-05 9.135783329644120e-14 3.457983943757610e+01
-2.732978308495149e-05 9.116234366693603e-14 3.427291778576330e+01
-2.727117676840862e-05 9.096685403743086e-14 3.826289925932977e+01
-2.721257045186576e-05 9.077136440792569e-14 3.764905595570416e+01
-2.715396413532289e-05 9.057587477842053e-14 3.877443534568445e+01
-2.709535781878003e-05 9.038038514891535e-14 3.642136934845293e+01
-2.703675150223717e-05 9.018489551941019e-14 3.509137552393078e+01
-2.697814518569430e-05 8.998940588990502e-14 3.969520030112286e+01
-2.691953886915144e-05 8.979391626039985e-14 3.406830335122142e+01
-2.686093255260857e-05 8.959842663089467e-14 3.989981473566473e+01
-2.680232623606571e-05 8.940293700138950e-14 4.092288690837408e+01
-2.674371991952284e-05 8.920744737188433e-14 3.918366421476819e+01
-2.668511360297998e-05 8.901195774237917e-14 3.887674256295538e+01
-2.662650728643712e-05 8.881646811287399e-14 4.388979620923121e+01
-2.656790096989425e-05 8.862097848336883e-14 3.560291161028545e+01
-2.650929465335139e-05 8.842548885386365e-14 3.775136317297509e+01
-2.645068833680852e-05 8.822999922435849e-14 4.245749516743811e+01
-2.639208202026566e-05 8.803450959485332e-14 4.286672403652185e+01
-2.633347570372280e-05 8.783901996534815e-14 4.163903742927063e+01
-2.627486938717993e-05 8.764353033584298e-14 3.723982708662042e+01
-2.621626307063707e-05 8.744804070633782e-14 4.388979620923121e+01
-2.615765675409420e-05 8.725255107683264e-14 4.235518795016718e+01
-2.609905043755134e-05 8.705706144732748e-14 4.307133847106373e+01
-2.604044412100847e-05 8.686157181782230e-14 4.470825394739869e+01
-2.598183780446561e-05 8.666608218831714e-14 3.826289925932977e+01
-2.592323148792275e-05 8.647059255881197e-14 4.163903742927063e+01
-2.586462517137988e-05 8.627510292930680e-14 4.644747664100458e+01
-2.580601885483702e-05 8.607961329980162e-14 4.276441681925092e+01
-2.574741253829415e-05 8.588412367029645e-14 4.245749516743811e+01
-2.568880622175129e-05 8.568863404079128e-14 4.194595908108344e+01
-2.563019990520843e-05 8.549314441128611e-14 4.460594673012776e+01
-2.557159358866556e-05 8.529765478178094e-14 4.552671168556617e+01
-2.551298727212270e-05 8.510216515227578e-14 4.521979003375336e+01
-2.545438095557984e-05 8.490667552277061e-14 4.583363333737898e+01
-2.539577463903697e-05 8.471118589326544e-14 3.989981473566473e+01
-2.533716832249411e-05 8.451569626376027e-14 4.542440446829524e+01
-2.527856200595124e-05 8.432020663425510e-14 4.859592820369422e+01
-2.521995568940838e-05 8.412471700474993e-14 4.235518795016718e+01
-2.516134937286552e-05 8.392922737524476e-14 4.951669315913264e+01
-2.510274305632265e-05 8.373373774573959e-14 4.501517559921150e+01
-2.504413673977979e-05 8.353824811623442e-14 4.787977768279768e+01
-2.498553042323692e-05 8.334275848672925e-14 4.634516942373365e+01
-2.492692410669406e-05 8.314726885722407e-14 4.890284985550703e+01
-2.486831779015120e-05 8.295177922771892e-14 5.013053646275825e+01
-2.480971147360833e-05 8.275628959821373e-14 4.552671168556617e+01
-2.475110515706547e-05 8.256079996870857e-14 4.644747664100458e+01
-2.469249884052260e-05 8.236531033920340e-14 4.614055498919178e+01
-2.463389252397974e-05 8.216982070969823e-14 5.176745193909321e+01
-2.457528620743687e-05 8.197433108019306e-14 5.330206019815724e+01
-2.451667989089401e-05 8.177884145068789e-14 4.573132612010804e+01
-2.445807357435115e-05 8.158335182118272e-14 5.156283750455135e+01
-2.439946725780828e-05 8.138786219167756e-14 4.880054263823610e+01
-2.434086094126542e-05 8.119237256217238e-14 5.146053028728041e+01
-2.428225462472255e-05 8.099688293266722e-14 5.186975915636415e+01
-2.422364830817969e-05 8.080139330316204e-14 5.084668698365480e+01
-2.416504199163683e-05 8.060590367365688e-14 4.859592820369422e+01
-2.410643567509396e-05 8.041041404415171e-14 5.473436123995034e+01
-2.404782935855110e-05 8.021492441464654e-14 4.941438594186171e+01
-2.398922304200823e-05 8.001943478514137e-14 4.941438594186171e+01
-2.393061672546537e-05 7.982394515563621e-14 5.483666845722127e+01
-2.387201040892250e-05 7.962845552613102e-14 4.910746429004890e+01
-2.381340409237964e-05 7.943296589662587e-14 5.667819836809811e+01
-2.375479777583678e-05 7.923747626712068e-14 5.381359628451192e+01
-2.369619145929391e-05 7.904198663761552e-14 4.961900037640358e+01
-2.363758514275105e-05 7.884649700811035e-14 5.401821071905379e+01
-2.357897882620818e-05 7.865100737860518e-14 5.790588497534933e+01
-2.352037250966532e-05 7.845551774910001e-14 5.657589115082717e+01
-2.346176619312245e-05 7.826002811959484e-14 5.616666228174343e+01
-2.340315987657959e-05 7.806453849008967e-14 5.330206019815724e+01
-2.334455356003673e-05 7.786904886058451e-14 5.360898184997005e+01
-2.328594724349386e-05 7.767355923107933e-14 5.800819219262026e+01
-2.322734092695100e-05 7.747806960157417e-14 5.565512619538875e+01
-2.316873461040814e-05 7.728257997206900e-14 5.268821689453164e+01
-2.311012829386527e-05 7.708709034256383e-14 5.851972827897494e+01
-2.305152197732241e-05 7.689160071305866e-14 6.148663757983206e+01
-2.299291566077954e-05 7.669611108355349e-14 5.585974062993063e+01
-2.293430934423668e-05 7.650062145404832e-14 5.913357158260055e+01
-2.287570302769382e-05 7.630513182454316e-14 5.616666228174343e+01
-2.281709671115095e-05 7.610964219503797e-14 5.933818601714242e+01
-2.275849039460809e-05 7.591415256553282e-14 5.933818601714242e+01
-2.269988407806522e-05 7.571866293602763e-14 6.250970975254141e+01
-2.264127776152236e-05 7.552317330652248e-14 5.851972827897494e+01
-2.258267144497950e-05 7.532768367701730e-14 6.291893862162515e+01
-2.252406512843663e-05 7.513219404751213e-14 6.087279427620645e+01
-2.246545881189377e-05 7.493670441800696e-14 6.087279427620645e+01
-2.240685249535090e-05 7.474121478850180e-14 6.036125818985177e+01
-2.234824617880804e-05 7.454572515899662e-14 5.831511384443307e+01
-2.228963986226518e-05 7.435023552949146e-14 6.240740253527048e+01
-2.223103354572231e-05 7.415474589998628e-14 6.158894479710300e+01
-2.217242722917945e-05 7.395925627048112e-14 6.465816131523106e+01
-2.211382091263658e-05 7.376376664097595e-14 6.128202314529019e+01
-2.205521459609372e-05 7.356827701147078e-14 6.312355305616703e+01
-2.199660827955085e-05 7.337278738196561e-14 6.435123966341824e+01
-2.193800196300799e-05 7.317729775246044e-14 6.506739018431479e+01
-2.187939564646513e-05 7.298180812295527e-14 6.516969740158572e+01
-2.182078932992226e-05 7.278631849345011e-14 6.404431801160544e+01
-2.176218301337940e-05 7.259082886394493e-14 6.445354688068919e+01
-2.170357669683653e-05 7.239533923443977e-14 6.936429330969408e+01
-2.164497038029367e-05 7.219984960493460e-14 6.588584792248227e+01
-2.158636406375081e-05 7.200435997542943e-14 6.578354070521134e+01
-2.152775774720794e-05 7.180887034592425e-14 6.762507061608818e+01
-2.146915143066508e-05 7.161338071641908e-14 6.721584174700443e+01
-2.141054511412221e-05 7.141789108691391e-14 6.680661287792070e+01
-2.135193879757935e-05 7.122240145740874e-14 7.171735930692559e+01
-2.129333248103648e-05 7.102691182790357e-14 7.028505826513249e+01
-2.123472616449362e-05 7.083142219839840e-14 6.537431183612760e+01
-2.117611984795076e-05 7.063593256889323e-14 6.915967887515220e+01
-2.111751353140789e-05 7.044044293938806e-14 6.803429948517191e+01
-2.105890721486503e-05 7.024495330988290e-14 7.181966652419652e+01
-2.100030089832216e-05 7.004946368037772e-14 7.529811191140831e+01
-2.094169458177930e-05 6.985397405087256e-14 7.008044383059062e+01
-2.088308826523644e-05 6.965848442136739e-14 7.263812426236400e+01
-2.082448194869357e-05 6.946299479186222e-14 6.997813661331968e+01
-2.076587563215071e-05 6.926750516235705e-14 7.079659435148717e+01
-2.070726931560784e-05 6.907201553285188e-14 7.611656964957579e+01
-2.064866299906498e-05 6.887652590334670e-14 7.325196756598962e+01
-2.059005668252212e-05 6.868103627384155e-14 7.478657582505363e+01
-2.053145036597925e-05 6.848554664433636e-14 7.294504591417680e+01
-2.047284404943639e-05 6.829005701483120e-14 7.816271399499450e+01
-2.041423773289352e-05 6.809456738532602e-14 7.499119025959551e+01
-2.035563141635066e-05 6.789907775582086e-14 7.979962947132947e+01
-2.029702509980780e-05 6.770358812631569e-14 7.724194903955609e+01
-2.023841878326493e-05 6.750809849681052e-14 7.621887686684673e+01
-2.017981246672207e-05 6.731260886730535e-14 8.051577999222602e+01
-2.012120615017921e-05 6.711711923780019e-14 7.550272634595018e+01
-2.006259983363634e-05 6.692162960829501e-14 7.652579851865954e+01
-2.000399351709348e-05 6.672613997878985e-14 8.266423155491565e+01
-1.994538720055061e-05 6.653065034928467e-14 7.857194286407824e+01
-1.988678088400775e-05 6.633516071977951e-14 8.317576764127033e+01
-1.982817456746488e-05 6.613967109027434e-14 8.256192433764471e+01
-1.976956825092202e-05 6.594418146076917e-14 8.092500886130975e+01
-1.971096193437916e-05 6.574869183126400e-14 8.143654494766443e+01
-1.965235561783629e-05 6.555320220175883e-14 8.307346042399939e+01
-1.959374930129343e-05 6.535771257225365e-14 8.307346042399939e+01
-1.953514298475056e-05 6.516222294274850e-14 8.849574293935896e+01
-1.947653666820770e-05 6.496673331324331e-14 8.061808720949695e+01
-1.941793035166484e-05 6.477124368373815e-14 8.532421920395997e+01
-1.935932403512197e-05 6.457575405423298e-14 8.552883363850184e+01
-1.930071771857911e-05 6.438026442472781e-14 8.808651407027521e+01
-1.924211140203624e-05 6.418477479522264e-14 8.726805633210773e+01
-1.918350508549338e-05 6.398928516571747e-14 8.839343572208803e+01
-1.912489876895051e-05 6.379379553621230e-14 8.910958624298456e+01
-1.906629245240765e-05 6.359830590670714e-14 9.136034502294514e+01
-1.900768613586479e-05 6.340281627720196e-14 8.890497180844270e+01
-1.894907981932192e-05 6.320732664769680e-14 9.269033884746730e+01
-1.889047350277906e-05 6.301183701819162e-14 9.136034502294514e+01
-1.883186718623619e-05 6.281634738868646e-14 9.514571206196975e+01
-1.877326086969333e-05 6.262085775918129e-14 8.890497180844270e+01
-1.871465455315046e-05 6.242536812967612e-14 9.442956154107320e+01
-1.865604823660760e-05 6.222987850017095e-14 9.432725432380226e+01
-1.859744192006474e-05 6.203438887066579e-14 9.289495328200917e+01
-1.853883560352187e-05 6.183889924116060e-14 9.780569971101406e+01
-1.848022928697901e-05 6.164340961165545e-14 9.565724814832443e+01
-1.842162297043614e-05 6.144791998215026e-14 9.852185023191061e+01
-1.836301665389328e-05 6.125243035264510e-14 9.371341102017665e+01
-1.830441033735042e-05 6.105694072313993e-14 1.061948915272308e+02
-1.824580402080755e-05 6.086145109363476e-14 1.025118317054771e+02
-1.818719770426469e-05 6.066596146412959e-14 9.483879041015695e+01
-1.812859138772182e-05 6.047047183462442e-14 1.013864523154968e+02
-1.806998507117896e-05 6.027498220511925e-14 1.029210605745608e+02
-1.801137875463610e-05 6.007949257561409e-14 1.008749162291421e+02
-1.795277243809323e-05 5.988400294610891e-14 1.046602832681667e+02
-1.789416612155037e-05 5.968851331660375e-14 1.028187533572899e+02
-1.783555980500751e-05 5.949302368709858e-14 1.074225781344820e+02
-1.777695348846464e-05 5.929753405759341e-14 1.070133492653982e+02
-1.771834717192177e-05 5.910204442808823e-14 1.109010235216938e+02
-1.765974085537891e-05 5.890655479858307e-14 1.055810482236051e+02
-1.760113453883605e-05 5.871106516907790e-14 1.081387286553785e+02
-1.754252822229319e-05 5.851557553957273e-14 1.109010235216938e+02
-1.748392190575032e-05 5.832008591006757e-14 1.074225781344820e+02
-1.742531558920745e-05 5.812459628056238e-14 1.109010235216938e+02
-1.736670927266459e-05 5.792910665105721e-14 1.085479575244623e+02
-1.730810295612173e-05 5.773361702155205e-14 1.189832936860977e+02
-1.724949663957886e-05 5.753812739204688e-14 1.161186916025115e+02
-1.719089032303600e-05 5.734263776254171e-14 1.114125596080484e+02
-1.713228400649313e-05 5.714714813303653e-14 1.189832936860977e+02
-1.707367768995027e-05 5.695165850353137e-14 1.128448606498415e+02
-1.701507137340741e-05 5.675616887402620e-14 1.199040586415361e+02
-1.695646505686454e-05 5.656067924452104e-14 1.201086730760779e+02
-1.689785874032168e-05 5.636518961501587e-14 1.170394565579499e+02
-1.683925242377881e-05 5.616969998551068e-14 1.187786792515558e+02
-1.678064610723595e-05 5.597421035600552e-14 1.200063658588070e+02
-1.672203979069309e-05 5.577872072650035e-14 1.237917328978316e+02
-1.666343347415022e-05 5.558323109699519e-14 1.267586421986887e+02
-1.660482715760736e-05 5.538774146749002e-14 1.230755823769351e+02
-1.654622084106450e-05 5.519225183798486e-14 1.281909432404818e+02
-1.648761452452163e-05 5.499676220847967e-14 1.218478957696838e+02
-1.642900820797877e-05 5.480127257897450e-14 1.280886360232109e+02
-1.637040189143590e-05 5.460578294946934e-14 1.294186298477330e+02
-1.631179557489304e-05 5.441029331996418e-14 1.308509308895261e+02
-1.625318925835018e-05 5.421480369045901e-14 1.238940401151025e+02
-1.619458294180731e-05 5.401931406095382e-14 1.343293762767379e+02
-1.613597662526444e-05 5.382382443144866e-14 1.304417020204424e+02
-1.607737030872158e-05 5.362833480194349e-14 1.289070937613784e+02
-1.601876399217872e-05 5.343284517243833e-14 1.406724237475359e+02
-1.596015767563586e-05 5.323735554293316e-14 1.335109185385705e+02
-1.590155135909299e-05 5.304186591342797e-14 1.419001103547871e+02
-1.584294504255012e-05 5.284637628392281e-14 1.327947680176739e+02
-1.578433872600726e-05 5.265088665441764e-14 1.398539660093684e+02
-1.572573240946440e-05 5.245539702491248e-14 1.406724237475359e+02
-1.566712609292154e-05 5.225990739540731e-14 1.437416402656640e+02
-1.560851977637867e-05 5.206441776590213e-14 1.375009000121369e+02
-1.554991345983580e-05 5.186892813639696e-14 1.390355082712009e+02
-1.549130714329294e-05 5.167343850689180e-14 1.416954959202453e+02
-1.543270082675008e-05 5.147794887738663e-14 1.492662299982945e+02
-1.537409451020722e-05 5.128245924788146e-14 1.445600980038315e+02
-1.531548819366435e-05 5.108696961837628e-14 1.508008382573585e+02
-1.525688187712148e-05 5.089147998887111e-14 1.459923990456246e+02
-1.519827556057862e-05 5.069599035936595e-14 1.525400609509644e+02
-1.513966924403576e-05 5.050050072986078e-14 1.510054526919004e+02
-1.508106292749289e-05 5.030501110035561e-14 1.564277352072599e+02
-1.502245661095003e-05 5.010952147085045e-14 1.515169887782550e+02
-1.496385029440716e-05 4.991403184134527e-14 1.558138919036343e+02
-1.490524397786430e-05 4.971854221184009e-14 1.610315599844520e+02
-1.484663766132144e-05 4.952305258233493e-14 1.564277352072599e+02
-1.478803134477857e-05 4.932756295282977e-14 1.592923372908461e+02
-1.472942502823571e-05 4.913207332332460e-14 1.646123125889347e+02
-1.467081871169284e-05 4.893658369381942e-14 1.589854156390333e+02
-1.461221239514998e-05 4.874109406431425e-14 1.682953724106884e+02
-1.455360607860712e-05 4.854560443480908e-14 1.605200238980973e+02
-1.449499976206425e-05 4.835011480530392e-14 1.682953724106884e+02
-1.443639344552139e-05 4.815462517579875e-14 1.697276734524815e+02
-1.437778712897852e-05 4.795913554629356e-14 1.677838363243337e+02
-1.431918081243566e-05 4.776364591678840e-14 1.768891786614470e+02
-1.426057449589280e-05 4.756815628728323e-14 1.718761250151711e+02
-1.420196817934993e-05 4.737266665777807e-14 1.704438239733781e+02
-1.414336186280707e-05 4.717717702827291e-14 1.751499559678411e+02
-1.408475554626420e-05 4.698168739876772e-14 1.784237869205110e+02
-1.402614922972134e-05 4.678619776926255e-14 1.735130404915061e+02
-1.396754291317847e-05 4.659070813975739e-14 1.888591230821464e+02
-1.390893659663561e-05 4.639521851025222e-14 1.813906962213681e+02
-1.385033028009275e-05 4.619972888074706e-14 1.814930034386391e+02
-1.379172396354988e-05 4.600423925124187e-14 1.865060570849149e+02
-1.373311764700702e-05 4.580874962173670e-14 1.858922137812893e+02
-1.367451133046415e-05 4.561325999223154e-14 1.892683519512301e+02
-1.361590501392129e-05 4.541777036272637e-14 1.892683519512301e+02
-1.355729869737843e-05 4.522228073322121e-14 1.968390860292793e+02
-1.349869238083557e-05 4.502679110371604e-14 1.933606406420676e+02
-1.344008606429270e-05 4.483130147421086e-14 1.966344715947375e+02
-1.338147974774983e-05 4.463581184470569e-14 1.983736942883434e+02
-1.332287343120697e-05 4.444032221520053e-14 2.033867479346192e+02
-1.326426711466411e-05 4.424483258569536e-14 2.016475252410133e+02
-1.320566079812125e-05 4.404934295619020e-14 2.029775190655355e+02
-1.314705448157838e-05 4.385385332668501e-14 2.095251809708753e+02
-1.308844816503551e-05 4.365836369717984e-14 2.054328922800379e+02
-1.302984184849265e-05 4.346287406767468e-14 2.107528675781265e+02
-1.297123553194979e-05 4.326738443816951e-14 2.116736325335650e+02
-1.291262921540692e-05 4.307189480866435e-14 2.095251809708753e+02
-1.285402289886405e-05 4.287640517915916e-14 2.173005294834664e+02
-1.279541658232119e-05 4.268091554965399e-14 2.196535954806979e+02
-1.273681026577833e-05 4.248542592014883e-14 2.169936078316536e+02
-1.267820394923547e-05 4.228993629064367e-14 2.265081790378506e+02
-1.261959763269260e-05 4.209444666113850e-14 2.253827996478703e+02
-1.256099131614973e-05 4.189895703163331e-14 2.262012573860378e+02
-1.250238499960687e-05 4.170346740212815e-14 2.289635522523530e+02
-1.244377868306401e-05 4.150797777262298e-14 2.243597274751609e+02
-1.238517236652115e-05 4.131248814311782e-14 2.349996780713382e+02
-1.232656604997828e-05 4.111699851361265e-14 2.331581481604613e+02
-1.226795973343541e-05 4.092150888410746e-14 2.375573585031115e+02
-1.220935341689255e-05 4.072601925460230e-14 2.475834657956632e+02
-1.215074710034969e-05 4.053052962509713e-14 2.378642801549244e+02
-1.209214078380683e-05 4.033503999559197e-14 2.427750265839292e+02
-1.203353446726396e-05 4.013955036608681e-14 2.487088451856435e+02
-1.197492815072110e-05 3.994406073658163e-14 2.523919050073972e+02
-1.191632183417823e-05 3.974857110707645e-14 2.509596039656041e+02
-1.185771551763537e-05 3.955308147757129e-14 2.471742369265795e+02
-1.179910920109250e-05 3.935759184806612e-14 2.544380493528159e+02
-1.174050288454964e-05 3.916210221856096e-14 2.572003442191311e+02
-1.168189656800678e-05 3.896661258905579e-14 2.608834040408848e+02
-1.162329025146391e-05 3.877112295955060e-14 2.653849216008059e+02
-1.156468393492105e-05 3.857563333004544e-14 2.606787896063429e+02
-1.150607761837818e-05 3.838014370054027e-14 2.687610597707468e+02
-1.144747130183532e-05 3.818465407103510e-14 2.685564453362049e+02
-1.138886498529246e-05 3.798916444152994e-14 2.728533484615842e+02
-1.133025866874959e-05 3.779367481202476e-14 2.801171608878206e+02
-1.127165235220673e-05 3.759818518251959e-14 2.731602701133970e+02
-1.121304603566386e-05 3.740269555301443e-14 2.833909918404905e+02
-1.115443971912100e-05 3.720720592350926e-14 2.763317938487960e+02
-1.109583340257814e-05 3.701171629400409e-14 2.939286352193969e+02
-1.103722708603527e-05 3.681622666449891e-14 2.785825526287566e+02
-1.097862076949241e-05 3.662073703499374e-14 2.974070806066086e+02
-1.092001445294954e-05 3.642524740548857e-14 2.894271176594757e+02
-1.086140813640668e-05 3.622975777598341e-14 2.969978517375249e+02
-1.080280181986382e-05 3.603426814647824e-14 3.027270559046973e+02
-1.074419550332095e-05 3.583877851697306e-14 3.034432064255938e+02
-1.068558918677808e-05 3.564328888746789e-14 3.047732002501160e+02
-1.062698287023522e-05 3.544779925796272e-14 3.087631817236825e+02
-1.056837655369236e-05 3.525230962845756e-14 3.128554704145199e+02
-1.050977023714950e-05 3.505681999895240e-14 3.146970003253967e+02
-1.045116392060663e-05 3.486133036944723e-14 3.233931137934262e+02
-1.039255760406376e-05 3.466584073994204e-14 3.146970003253967e+02
-1.033395128752090e-05 3.447035111043688e-14 3.297361612642242e+02
-1.027534497097804e-05 3.427486148093171e-14 3.292246251778695e+02
-1.021673865443518e-05 3.407937185142655e-14 3.352607509968547e+02
-1.015813233789231e-05 3.388388222192138e-14 3.361815159522931e+02
-1.009952602134944e-05 3.368839259241619e-14 3.344422932586872e+02
-1.004091970480658e-05 3.349290296291103e-14 3.457983943757610e+02
-9.982313388263718e-06 3.329741333340586e-14 3.472306954175541e+02
-9.923707071720855e-06 3.310192370390070e-14 3.551083511474161e+02
-9.865100755177992e-06 3.290643407439553e-14 3.486629964593472e+02
-9.806494438635123e-06 3.271094444489034e-14 3.638044646154456e+02
-9.747888122092260e-06 3.251545481538518e-14 3.638044646154456e+02
-9.689281805549397e-06 3.231996518588002e-14 3.652367656572387e+02
-9.630675489006534e-06 3.212447555637485e-14 3.691244399135342e+02
-9.572069172463672e-06 3.192898592686969e-14 3.788436255542731e+02
-9.513462855920802e-06 3.173349629736450e-14 3.793551616406278e+02
-9.454856539377939e-06 3.153800666785933e-14 3.758767162534160e+02
-9.396250222835076e-06 3.134251703835417e-14 3.998166050948148e+02
-9.337643906292214e-06 3.114702740884900e-14 3.855959018941548e+02
-9.279037589749351e-06 3.095153777934384e-14 3.951104731003518e+02
-9.220431273206481e-06 3.075604814983865e-14 3.983843040530217e+02
-9.161824956663619e-06 3.056055852033348e-14 4.077965680419478e+02
-9.103218640120756e-06 3.036506889082832e-14 4.089219474319281e+02
-9.044612323577893e-06 3.016957926132316e-14 4.184365186381250e+02
-8.986006007035030e-06 2.997408963181799e-14 4.180272897690413e+02
-8.927399690492167e-06 2.977860000231283e-14 4.243703372398393e+02
-8.868793373949298e-06 2.958311037280764e-14 4.357264383569130e+02
-8.810187057406435e-06 2.938762074330247e-14 4.404325703513761e+02
-8.751580740863572e-06 2.919213111379731e-14 4.280533970615929e+02
-8.692974424320710e-06 2.899664148429214e-14 4.303041558415535e+02
-8.634368107777847e-06 2.880115185478698e-14 4.476963827776125e+02
-8.575761791234977e-06 2.860566222528179e-14 4.481056116466962e+02
-8.517155474692114e-06 2.841017259577662e-14 4.542440446829523e+02
-8.458549158149252e-06 2.821468296627146e-14 4.542440446829523e+02
-8.399942841606389e-06 2.801919333676629e-14 4.599732488501247e+02
-8.341336525063526e-06 2.782370370726113e-14 4.772631685689128e+02
-8.282730208520657e-06 2.762821407775594e-14 4.779793190898093e+02
-8.224123891977794e-06 2.743272444825078e-14 4.828900655188142e+02
-8.165517575434931e-06 2.723723481874561e-14 4.892331129896122e+02
-8.106911258892068e-06 2.704174518924044e-14 4.860615892542132e+02
-8.048304942349205e-06 2.684625555973528e-14 4.879031191650900e+02
-7.989698625806336e-06 2.665076593023009e-14 4.989522986303510e+02
-7.931092309263473e-06 2.645527630072493e-14 5.105130141819667e+02
-7.872485992720610e-06 2.625978667121976e-14 5.161399111318682e+02
-7.813879676177748e-06 2.606429704171460e-14 5.137868451346367e+02
-7.755273359634885e-06 2.586880741220943e-14 5.234037235581045e+02
-7.696667043092015e-06 2.567331778270425e-14 5.293375421598188e+02
-7.638060726549152e-06 2.547782815319908e-14 5.351690535442621e+02
-7.579454410006290e-06 2.528233852369391e-14 5.416144082323310e+02
-7.520848093463427e-06 2.508684889418875e-14 5.628943094246855e+02
-7.462241776920564e-06 2.489135926468358e-14 5.605412434274540e+02
-7.403635460377701e-06 2.469586963517842e-14 5.665773692464392e+02
-7.345029143834832e-06 2.450038000567323e-14 5.706696579372766e+02
-7.286422827291969e-06 2.430489037616807e-14 5.736365672381337e+02
-7.227816510749106e-06 2.410940074666290e-14 5.891872642633159e+02
-7.169210194206243e-06 2.391391111715774e-14 5.869365054833553e+02
-7.110603877663381e-06 2.371842148765257e-14 6.004410581631188e+02
-7.051997561120511e-06 2.352293185814738e-14 6.123086953665472e+02
-6.993391244577648e-06 2.332744222864222e-14 6.229486459627245e+02
-6.934784928034786e-06 2.313195259913705e-14 6.304170728235027e+02
-6.876178611491923e-06 2.293646296963189e-14 6.306216872580446e+02
-6.817572294949060e-06 2.274097334012672e-14 6.465816131523105e+02
-6.758965978406190e-06 2.254548371062153e-14 6.534361967094632e+02
-6.700359661863328e-06 2.234999408111637e-14 6.621323101774926e+02
-6.641753345320465e-06 2.215450445161120e-14 6.680661287792069e+02
-6.583147028777602e-06 2.195901482210604e-14 6.840260546734728e+02
-6.524540712234739e-06 2.176352519260087e-14 6.867883495397881e+02
-6.465934395691870e-06 2.156803556309569e-14 6.933360114451280e+02
-6.407328079149007e-06 2.137254593359052e-14 7.106259311639160e+02
-6.348721762606144e-06 2.117705630408536e-14 7.178897435901524e+02
-6.290115446063281e-06 2.098156667458019e-14 7.270973931445366e+02
-6.231509129520419e-06 2.078607704507502e-14 7.318035251389996e+02
-6.172902812977549e-06 2.059058741556984e-14 7.466380716432851e+02
-6.114296496434686e-06 2.039509778606467e-14 7.438757767769699e+02
-6.055690179891824e-06 2.019960815655951e-14 7.689410450083491e+02
-5.997083863348961e-06 2.000411852705434e-14 7.771256223900239e+02
-5.938477546806098e-06 1.980862889754918e-14 7.826502121226544e+02
-5.879871230263235e-06 1.961313926804401e-14 8.038278060977379e+02
-5.821264913720366e-06 1.941764963853883e-14 8.096593174821812e+02
-5.762658597177503e-06 1.922216000903366e-14 8.243915567691960e+02
-5.704052280634640e-06 1.902667037952849e-14 8.222431052065062e+02
-5.645445964091777e-06 1.883118075002333e-14 8.390214888389396e+02
-5.586839647548915e-06 1.863569112051816e-14 8.526283487359740e+02
-5.528233331006045e-06 1.844020149101297e-14 8.651098292430281e+02
-5.469627014463182e-06 1.824471186150781e-14 8.796374540955010e+02
-5.411020697920319e-06 1.804922223200265e-14 8.891520253016979e+02
-5.352414381377457e-06 1.785373260249748e-14 8.825020561790872e+02
-5.293808064834594e-06 1.765824297299232e-14 9.156495945748701e+02
-5.235201748291724e-06 1.746275334348713e-14 9.263918523883183e+02
-5.176595431748862e-06 1.726726371398196e-14 9.469556030597763e+02
-5.117989115205999e-06 1.707177408447680e-14 9.499225123606334e+02
-5.059382798663136e-06 1.687628445497163e-14 9.730439434638648e+02
-5.000776482120273e-06 1.668079482546647e-14 9.791823765001209e+02
-4.942170165577404e-06 1.648530519596128e-14 9.840931229291258e+02
-4.883563849034541e-06 1.628981556645611e-14 1.004145337514229e+03
-4.824957532491678e-06 1.609432593695095e-14 1.010999921071382e+03
-4.766351215948815e-06 1.589883630744579e-14 1.028903684093795e+03
-4.707744899405953e-06 1.570334667794062e-14 1.044556688336248e+03
-4.649138582863083e-06 1.550785704843543e-14 1.066655047266770e+03
-4.590532266320220e-06 1.531236741893027e-14 1.080978057684702e+03
-4.531925949777357e-06 1.511687778942510e-14 1.084968039158268e+03
-4.473319633234495e-06 1.492138815991994e-14 1.111260993996898e+03
-4.414713316691632e-06 1.472589853041477e-14 1.105531789829726e+03
-4.356107000148769e-06 1.453040890090961e-14 1.152183880905272e+03
-4.297500683605900e-06 1.433491927140442e-14 1.140009322050031e+03
-4.238894367063037e-06 1.413942964189925e-14 1.162926138718720e+03
-4.180288050520174e-06 1.394394001239409e-14 1.181852973913843e+03
-4.121681733977311e-06 1.374845038288892e-14 1.198835971980819e+03
-4.063075417434448e-06 1.355296075338376e-14 1.206202091624326e+03
-4.004469100891579e-06 1.335747112387857e-14 1.223185089691301e+03
-3.945862784348716e-06 1.316198149437340e-14 1.232801968114769e+03
-3.887256467805853e-06 1.296649186486824e-14 1.267893343638700e+03
-3.828650151262991e-06 1.277100223536307e-14 1.249580351747203e+03
-3.770043834720128e-06 1.257551260585791e-14 1.278021758148523e+03
-3.711437518177258e-06 1.238002297635272e-14 1.294493220129143e+03
-3.652831201634395e-06 1.218453334684756e-14 1.294083991260060e+03
-3.594224885091533e-06 1.198904371734239e-14 1.335006878168434e+03
-3.535618568548670e-06 1.179355408783723e-14 1.323446162616818e+03
-3.477012252005807e-06 1.159806445833206e-14 1.349636810238177e+03
-3.418405935462938e-06 1.140257482882687e-14 1.365494428915172e+03
-3.359799618920075e-06 1.120708519932171e-14 1.391889690971074e+03
-3.301193302377212e-06 1.101159556981654e-14 1.367642880477862e+03
-3.242586985834349e-06 1.081610594031138e-14 1.399562732266394e+03
-3.183980669291486e-06 1.062061631080621e-14 1.402836563219064e+03
-3.125374352748617e-06 1.042512668130103e-14 1.423400313890522e+03
-3.066768036205754e-06 1.022963705179586e-14 1.420024175720581e+03
-3.008161719662891e-06 1.003414742229069e-14 1.451841720291842e+03
-2.949555403120029e-06 9.838657792785530e-15 1.446112516124669e+03
-2.890949086577166e-06 9.643168163280364e-15 1.477520831826846e+03
-2.832342770034303e-06 9.447678533775200e-15 1.461356291498038e+03
-2.773736453491433e-06 9.252188904270011e-15 1.487956167988482e+03
-2.715130136948571e-06 9.056699274764847e-15 1.467801646186108e+03
-2.656523820405708e-06 8.861209645259681e-15 1.506064545445437e+03
-2.597917503862845e-06 8.665720015754516e-15 1.482022349386767e+03
-2.539311187319982e-06 8.470230386249352e-15 1.531539042545900e+03
-2.480704870777113e-06 8.274740756744163e-15 1.509952219701733e+03
-2.422098554234250e-06 8.079251127238999e-15 1.509747605267191e+03
-2.363492237691387e-06 7.883761497733833e-15 1.523354465164225e+03
-2.304885921148524e-06 7.688271868228668e-15 1.532357500284068e+03
-2.246279604605662e-06 7.492782238723502e-15 1.539928234362117e+03
-2.187673288062792e-06 7.297292609218316e-15 1.562128900509910e+03
-2.129066971519929e-06 7.101802979713150e-15 1.554046630345506e+03
-2.070460654977067e-06 6.906313350207985e-15 1.542792836445703e+03
-2.011854338434204e-06 6.710823720702820e-15 1.551488949913733e+03
-1.953248021891341e-06 6.515334091197654e-15 1.562128900509910e+03
-1.894641705348471e-06 6.319844461692467e-15 1.565914267548934e+03
-1.836035388805609e-06 6.124354832187302e-15 1.581158042922304e+03
-1.777429072262746e-06 5.928865202682136e-15 1.553228172607338e+03
-1.718822755719883e-06 5.733375573176972e-15 1.572461929454274e+03
-1.660216439177020e-06 5.537885943671806e-15 1.570313477891585e+03
-1.601610122634151e-06 5.342396314166619e-15 1.568369640763437e+03
-1.543003806091288e-06 5.146906684661454e-15 1.567858104677082e+03
-1.484397489548425e-06 4.951417055156288e-15 1.584841102744057e+03
-1.425791173005562e-06 4.755927425651123e-15 1.595992589426589e+03
-1.367184856462700e-06 4.560437796145959e-15 1.579214205794156e+03
-1.308578539919837e-06 4.364948166640793e-15 1.589956463607604e+03
-1.249972223376967e-06 4.169458537135605e-15 1.579418820228698e+03
-1.191365906834105e-06 3.973968907630440e-15 1.579623434663240e+03
-1.132759590291242e-06 3.778479278125275e-15 1.603154094635555e+03
-1.074153273748379e-06 3.582989648620110e-15 1.565914267548934e+03
-1.015546957205516e-06 3.387500019114945e-15 1.585659560482225e+03
-9.569406406626467e-07 3.192010389609757e-15 1.607041768891850e+03
-8.983343241197839e-07 2.996520760104592e-15 1.580237277966865e+03
-8.397280075769212e-07 2.801031130599427e-15 1.580032663532323e+03
-7.811216910340584e-07 2.605541501094262e-15 1.581464964574116e+03
-7.225153744911956e-07 2.410051871589097e-15 1.565505038679850e+03
-6.639090579483261e-07 2.214562242083909e-15 1.593537216212087e+03
-6.053027414054633e-07 2.019072612578744e-15 1.566630418069831e+03
-5.466964248626005e-07 1.823582983073579e-15 1.588217240913998e+03
-4.880901083197377e-07 1.628093353568413e-15 1.594151059515712e+03
-4.294837917768749e-07 1.432603724063248e-15 1.552307407651900e+03
-3.708774752340054e-07 1.237114094558061e-15 1.555478931387299e+03
-3.122711586911426e-07 1.041624465052895e-15 1.556195081908196e+03
-2.536648421482798e-07 8.461348355477303e-16 1.568881176849791e+03
-1.950585256054171e-07 6.506452060425652e-16 1.550772799392836e+03
-1.364522090625543e-07 4.551555765374001e-16 1.558650455122698e+03
-7.784589251968473e-08 2.596659470322123e-16 1.535631331236737e+03
-1.923957597682195e-08 6.417631752704717e-17 1.532971343587693e+03
3.936674056604083e-08 -1.313133119781180e-16 1.529902127069565e+03
9.797305710890360e-08 -3.268029414832831e-16 1.523456772381496e+03
1.565793736517664e-07 -5.222925709884482e-16 1.517011417693427e+03
2.151856901946292e-07 -7.177822004936133e-16 1.517113724910698e+03
2.737920067374987e-07 -9.132718299988011e-16 1.514146815609841e+03
3.323983232803615e-07 -1.108761459503966e-15 1.503813786665477e+03
3.910046398232243e-07 -1.304251089009131e-15 1.500642262930078e+03
4.496109563660870e-07 -1.499740718514297e-15 1.464425508016167e+03
5.082172729089498e-07 -1.695230348019462e-15 1.495833823718344e+03
5.668235894518194e-07 -1.890719977524649e-15 1.489286161813004e+03
6.254299059946822e-07 -2.086209607029815e-15 1.479260054520452e+03
6.840362225375449e-07 -2.281699236534979e-15 1.460947062628955e+03
7.426425390804077e-07 -2.477188866040145e-15 1.458900918283536e+03
8.012488556232705e-07 -2.672678495545310e-15 1.476804681305950e+03
8.598551721661400e-07 -2.868168125050498e-15 1.450000190380965e+03
9.184614887090028e-07 -3.063657754555663e-15 1.448977118208255e+03
9.770678052518656e-07 -3.259147384060828e-15 1.463504743060728e+03
1.035674121794728e-06 -3.454637013565993e-15 1.445498672821044e+03
1.094280438337591e-06 -3.650126643071158e-15 1.437518709873911e+03
1.152886754880461e-06 -3.845616272576346e-15 1.444782522300147e+03
1.211493071423323e-06 -4.041105902081511e-15 1.451023262553674e+03
1.270099387966186e-06 -4.236595531586676e-15 1.441610998564748e+03
1.328705704509049e-06 -4.432085161091841e-15 1.421968012848728e+03
1.387312021051912e-06 -4.627574790597006e-15 1.419308025199684e+03
1.445918337594781e-06 -4.823064420102194e-15 1.428208753102256e+03
1.504524654137644e-06 -5.018554049607359e-15 1.427901831450443e+03
1.563130970680507e-06 -5.214043679112524e-15 1.429436439709507e+03
1.621737287223370e-06 -5.409533308617690e-15 1.439564854219329e+03
1.680343603766232e-06 -5.605022938122855e-15 1.420535711806935e+03
1.738949920309095e-06 -5.800512567628019e-15 1.412964977728886e+03
1.797556236851965e-06 -5.996002197133208e-15 1.433426421183073e+03
1.856162553394828e-06 -6.191491826638372e-15 1.421865705631458e+03
1.914768869937690e-06 -6.386981456143538e-15 1.423093392238709e+03
1.973375186480553e-06 -6.582471085648703e-15 1.417466495288807e+03
2.031981503023416e-06 -6.777960715153868e-15 1.430357204664945e+03
2.090587819566285e-06 -6.973450344659056e-15 1.414294971553408e+03
2.149194136109148e-06 -7.168939974164221e-15 1.429947975795861e+03
2.207800452652011e-06 -7.364429603669385e-15 1.414192664336137e+03
2.266406769194874e-06 -7.559919233174552e-15 1.423707235542334e+03
2.325013085737737e-06 -7.755408862679716e-15 1.409179610689862e+03
2.383619402280606e-06 -7.950898492184904e-15 1.430766433534029e+03
2.442225718823469e-06 -8.146388121690069e-15 1.408361152951694e+03
2.500832035366332e-06 -8.341877751195235e-15 1.436393330483930e+03
2.559438351909194e-06 -8.537367380700399e-15 1.416545730333369e+03
2.618044668452057e-06 -8.732857010205564e-15 1.424116464411418e+03
2.676650984994927e-06 -8.928346639710752e-15 1.421456476762374e+03
2.735257301537790e-06 -9.123836269215917e-15 1.427287988146817e+03
2.793863618080652e-06 -9.319325898721083e-15 1.417057266419724e+03
2.852469934623515e-06 -9.514815528226247e-15 1.433324113965802e+03
2.911076251166378e-06 -9.710305157731413e-15 1.408668074603507e+03
2.969682567709247e-06 -9.905794787236600e-15 1.419921868503310e+03
3.028288884252110e-06 -1.010128441674177e-14 1.439053318132975e+03
3.086895200794973e-06 -1.029677404624693e-14 1.419717254068768e+03
3.145501517337836e-06 -1.049226367575210e-14 1.423298006673251e+03
3.204107833880699e-06 -1.068775330525726e-14 1.426264915974108e+03
3.262714150423561e-06 -1.088324293476243e-14 1.418182645809704e+03
3.321320466966431e-06 -1.107873256426761e-14 1.445600980038314e+03
3.379926783509294e-06 -1.127422219377278e-14 1.410816526166197e+03
3.438533100052156e-06 -1.146971182327794e-14 1.441099462478393e+03
3.497139416595019e-06 -1.166520145278311e-14 1.417466495288807e+03
3.555745733137882e-06 -1.186069108228827e-14 1.418489567461517e+03
3.614352049680752e-06 -1.205618071179346e-14 1.433017192313989e+03
3.672958366223614e-06 -1.225167034129863e-14 1.429947975795861e+03
3.731564682766477e-06 -1.244715997080379e-14 1.422377241717812e+03
3.790170999309340e-06 -1.264264960030896e-14 1.415113429291576e+03
3.848777315852203e-06 -1.283813922981412e-14 1.443247914041083e+03
3.907383632395072e-06 -1.303362885931931e-14 1.450614033684590e+03
3.965989948937935e-06 -1.322911848882448e-14 1.422684163369625e+03
4.024596265480798e-06 -1.342460811832964e-14 1.422070320065999e+03
4.083202582023661e-06 -1.362009774783480e-14 1.429641054144049e+03
4.141808898566523e-06 -1.381558737733997e-14 1.439564854219329e+03
4.200415215109393e-06 -1.401107700684516e-14 1.449181732642797e+03
4.259021531652256e-06 -1.420656663635032e-14 1.451944027509112e+03
4.317627848195118e-06 -1.440205626585549e-14 1.443861757344709e+03
4.376234164737981e-06 -1.459754589536065e-14 1.447954046035546e+03
4.434840481280844e-06 -1.479303552486582e-14 1.455934008982679e+03
4.493446797823714e-06 -1.498852515437101e-14 1.467392417317024e+03
4.552053114366576e-06 -1.518401478387617e-14 1.440894848043851e+03
4.610659430909439e-06 -1.537950441338134e-14 1.455934008982679e+03
4.669265747452302e-06 -1.557499404288650e-14 1.465448580188876e+03
4.727872063995165e-06 -1.577048367239167e-14 1.473940079222363e+03
4.786478380538027e-06 -1.596597330189683e-14 1.488058475205753e+03
4.845084697080897e-06 -1.616146293140202e-14 1.478850825651368e+03
4.903691013623760e-06 -1.635695256090719e-14 1.485807716425792e+03
4.962297330166623e-06 -1.655244219041235e-14 1.499005347453743e+03
5.020903646709485e-06 -1.674793181991751e-14 1.486319252512147e+03
5.079509963252348e-06 -1.694342144942268e-14 1.517932182648866e+03
5.138116279795218e-06 -1.713891107892787e-14 1.506985310400876e+03
5.196722596338080e-06 -1.733440070843303e-14 1.537472861147614e+03
5.255328912880943e-06 -1.752989033793820e-14 1.539723619927575e+03
5.313935229423806e-06 -1.772537996744336e-14 1.554558166431861e+03
5.372541545966669e-06 -1.792086959694853e-14 1.558855069557240e+03
5.431147862509538e-06 -1.811635922645372e-14 1.571336550064294e+03
5.489754179052401e-06 -1.831184885595888e-14 1.609906370975436e+03
5.548360495595264e-06 -1.850733848546405e-14 1.605609467850057e+03
5.606966812138127e-06 -1.870282811496921e-14 1.646634661975702e+03
5.665573128680989e-06 -1.889831774447438e-14 1.649703878493830e+03
5.724179445223859e-06 -1.909380737397956e-14 1.668221484819870e+03
5.782785761766722e-06 -1.928929700348473e-14 1.702392095388362e+03
5.841392078309585e-06 -1.948478663298989e-14 1.717942792413544e+03
5.899998394852447e-06 -1.968027626249506e-14 1.756103384455603e+03
5.958604711395310e-06 -1.987576589200023e-14 1.773188689739849e+03
6.017211027938180e-06 -2.007125552150541e-14 1.816873871514538e+03
6.075817344481042e-06 -2.026674515101058e-14 1.829662273673405e+03
6.134423661023905e-06 -2.046223478051574e-14 1.884192020478814e+03
6.193029977566768e-06 -2.065772441002091e-14 1.921534154782705e+03
6.251636294109631e-06 -2.085321403952607e-14 1.923273377476311e+03
6.310242610652494e-06 -2.104870366903124e-14 1.989977683136961e+03
6.368848927195363e-06 -2.124419329853643e-14 2.025887516399059e+03
6.427455243738226e-06 -2.143968292804159e-14 2.084304937460763e+03
6.486061560281089e-06 -2.163517255754676e-14 2.149986170948704e+03
6.544667876823951e-06 -2.183066218705192e-14 2.199912092976920e+03
6.603274193366814e-06 -2.202615181655709e-14 2.265900248116673e+03
6.661880509909684e-06 -2.222164144606228e-14 2.332911475429135e+03
6.720486826452547e-06 -2.241713107556744e-14 2.421407218368494e+03
6.779093142995409e-06 -2.261262070507261e-14 2.526374423288474e+03
6.837699459538272e-06 -2.280811033457777e-14 2.642493114890985e+03
6.896305776081135e-06 -2.300359996408293e-14 2.778664021078600e+03
6.954912092624004e-06 -2.319908959358812e-14 2.886802749733979e+03
7.013518409166867e-06 -2.339457922309329e-14 3.088450274974992e+03
7.072124725709730e-06 -2.359006885259845e-14 3.187074432424174e+03
7.130731042252593e-06 -2.378555848210362e-14 3.303602352895769e+03
7.189337358795456e-06 -2.398104811160878e-14 3.367442056472833e+03
7.247943675338325e-06 -2.417653774111397e-14 3.413684918679295e+03
7.306549991881188e-06 -2.437202737061914e-14 3.406830335122143e+03
7.365156308424051e-06 -2.456751700012430e-14 3.415219526938359e+03
7.423762624966913e-06 -2.476300662962947e-14 3.386573506102498e+03
7.482368941509776e-06 -2.495849625913463e-14 3.361303623436576e+03
7.540975258052646e-06 -2.515398588863982e-14 3.305648497241188e+03
7.599581574595509e-06 -2.534947551814498e-14 3.249072606090360e+03
7.658187891138371e-06 -2.554496514765015e-14 3.202727436666627e+03
7.716794207681234e-06 -2.574045477715531e-14 3.088245660540450e+03
7.775400524224097e-06 -2.593594440666048e-14 3.031874383824165e+03
7.834006840766960e-06 -2.613143403616565e-14 2.951665525483752e+03
7.892613157309829e-06 -2.632692366567083e-14 2.851915988644590e+03
7.951219473852692e-06 -2.652241329517600e-14 2.699887463779980e+03
8.009825790395555e-06 -2.671790292468116e-14 2.631546242642995e+03
8.068432106938418e-06 -2.691339255418633e-14 2.462125490842327e+03
8.127038423481280e-06 -2.710888218369149e-14 2.351326774537904e+03
8.185644740024150e-06 -2.730437181319668e-14 2.210961272442181e+03
8.244251056567013e-06 -2.749986144270184e-14 2.086862617892536e+03
8.302857373109875e-06 -2.769535107220701e-14 1.959387825172951e+03
8.361463689652738e-06 -2.789084070171218e-14 1.789864766155011e+03
8.420070006195601e-06 -2.808633033121734e-14 1.692979831399436e+03
8.478676322738471e-06 -2.828181996072253e-14 1.531641349763171e+03
8.537282639281333e-06 -2.847730959022769e-14 1.422070320065999e+03
8.595888955824196e-06 -2.867279921973286e-14 1.289889395351951e+03
8.654495272367059e-06 -2.886828884923802e-14 1.153718489164336e+03
8.713101588909922e-06 -2.906377847874319e-14 1.046295911029854e+03
8.771707905452791e-06 -2.925926810824838e-14 9.581070897423083e+02
8.830314221995654e-06 -2.945475773775354e-14 8.275630805045950e+02
8.888920538538517e-06 -2.965024736725871e-14 7.323150612253543e+02
8.947526855081380e-06 -2.984573699676388e-14 6.608023163529705e+02
9.006133171624242e-06 -3.004122662626904e-14 5.708742723718185e+02
9.064739488167112e-06 -3.023671625577422e-14 4.957807748949520e+02
9.123345804709975e-06 -3.043220588527939e-14 4.363402816605387e+02
9.181952121252837e-06 -3.062769551478456e-14 3.710682770416820e+02
9.240558437795700e-06 -3.082318514428972e-14 3.237000354452390e+02
9.299164754338563e-06 -3.101867477379489e-14 2.757179505451704e+02
9.357771070881426e-06 -3.121416440330005e-14 2.318281543359392e+02
9.416377387424295e-06 -3.140965403280524e-14 1.930537189902547e+02
9.474983703967158e-06 -3.160514366231041e-14 1.626684754607870e+02
9.533590020510021e-06 -3.180063329181557e-14 1.342270690594670e+02
9.592196337052884e-06 -3.199612292132074e-14 1.135610111707381e+02
9.650802653595746e-06 -3.219161255082590e-14 9.586186258286629e+01
9.709408970138616e-06 -3.238710218033109e-14 7.826502121226544e+01
9.768015286681479e-06 -3.258259180983626e-14 5.555281897811782e+01
9.826621603224342e-06 -3.277808143934142e-14 4.910746429004890e+01
9.885227919767204e-06 -3.297357106884658e-14 3.836520647660070e+01
9.943834236310067e-06 -3.316906069835175e-14 2.803217753223625e+01
1.000244055285294e-05 -3.336455032785694e-14 2.066605788872891e+01
1.006104686939580e-05 -3.356003995736210e-14 1.503916093882748e+01
1.011965318593866e-05 -3.375552958686727e-14 5.013053646275825e+00
1.017825950248152e-05 -3.395101921637243e-14 1.125379389980287e+00
