-2.909848990384489e-05 9.706211456408584e-14 0.000000000000000e+00
-2.905979780121015e-05 9.693305160201913e-14 0.000000000000000e+00
-2.902110569857541e-05 9.680398863995241e-14 0.000000000000000e+00
-2.898241359594067e-05 9.667492567788570e-14 0.000000000000000e+00
-2.894372149330593e-05 9.654586271581899e-14 2.324446883877711e+00
-2.890502939067119e-05 9.641679975375227e-14 0.000000000000000e+00
-2.886633728803645e-05 9.628773679168556e-14 4.648893767755422e+00
-2.882764518540171e-05 9.615867382961885e-14 0.000000000000000e+00
-2.878895308276697e-05 9.602961086755213e-14 3.099262511836948e+00
-2.875026098013222e-05 9.590054790548542e-14 3.099262511836948e+00
-2.871156887749748e-05 9.577148494341870e-14 2.324446883877711e+00
-2.867287677486274e-05 9.564242198135199e-14 0.000000000000000e+00
-2.863418467222800e-05 9.551335901928529e-14 3.099262511836948e+00
-2.859549256959326e-05 9.538429605721856e-14 0.000000000000000e+00
-2.855680046695852e-05 9.525523309515184e-14 3.099262511836948e+00
-2.851810836432378e-05 9.512617013308514e-14 2.324446883877711e+00
-2.847941626168904e-05 9.499710717101841e-14 3.099262511836948e+00
-2.844072415905430e-05 9.486804420895171e-14 2.324446883877711e+00
-2.840203205641956e-05 9.473898124688500e-14 2.324446883877711e+00
-2.836333995378482e-05 9.460991828481828e-14 3.099262511836948e+00
-2.832464785115007e-05 9.448085532275157e-14 3.874078139796185e+00
-2.828595574851533e-05 9.435179236068485e-14 0.000000000000000e+00
-2.824726364588059e-05 9.422272939861814e-14 0.000000000000000e+00
-2.820857154324585e-05 9.409366643655142e-14 3.874078139796185e+00
-2.816987944061111e-05 9.396460347448471e-14 3.874078139796185e+00
-2.813118733797637e-05 9.383554051241799e-14 0.000000000000000e+00
-2.809249523534163e-05 9.370647755035129e-14 3.099262511836948e+00
-2.805380313270689e-05 9.357741458828457e-14 3.874078139796185e+00
-2.801511103007215e-05 9.344835162621785e-14 3.099262511836948e+00
-2.797641892743741e-05 9.331928866415115e-14 4.648893767755422e+00
-2.793772682480267e-05 9.319022570208442e-14 0.000000000000000e+00
-2.789903472216793e-05 9.306116274001772e-14 2.324446883877711e+00
-2.786034261953319e-05 9.293209977795101e-14 2.324446883877711e+00
-2.782165051689844e-05 9.280303681588428e-14 2.324446883877711e+00
-2.778295841426370e-05 9.267397385381758e-14 3.099262511836948e+00
-2.774426631162896e-05 9.254491089175086e-14 5.423709395714659e+00
-2.770557420899422e-05 9.241584792968415e-14 3.099262511836948e+00
-2.766688210635948e-05 9.228678496761743e-14 3.099262511836948e+00
-2.762819000372474e-05 9.215772200555072e-14 6.198525023673897e+00
-2.758949790109000e-05 9.202865904348400e-14 3.099262511836948e+00
-2.755080579845526e-05 9.189959608141729e-14 4.648893767755422e+00
-2.751211369582052e-05 9.177053311935057e-14 3.874078139796185e+00
-2.747342159318578e-05 9.164147015728386e-14 0.000000000000000e+00
-2.743472949055104e-05 9.151240719521716e-14 3.099262511836948e+00
-2.739603738791629e-05 9.138334423315043e-14 3.874078139796185e+00
-2.735734528528155e-05 9.125428127108373e-14 3.874078139796185e+00
-2.731865318264681e-05 9.112521830901701e-14 3.874078139796185e+00
-2.727996108001207e-05 9.099615534695029e-14 6.198525023673897e+00
-2.724126897737733e-05 9.086709238488358e-14 3.874078139796185e+00
-2.720257687474259e-05 9.073802942281687e-14 3.874078139796185e+00
-2.716388477210785e-05 9.060896646075015e-14 5.423709395714659e+00
-2.712519266947311e-05 9.047990349868344e-14 4.648893767755422e+00
-2.708650056683837e-05 9.035084053661673e-14 3.099262511836948e+00
-2.704780846420363e-05 9.022177757455001e-14 0.000000000000000e+00
-2.700911636156888e-05 9.009271461248330e-14 8.522971907551607e+00
-2.697042425893414e-05 8.996365165041658e-14 0.000000000000000e+00
-2.693173215629940e-05 8.983458868834987e-14 4.648893767755422e+00
-2.689304005366466e-05 8.970552572628316e-14 1.162223441938855e+01
-2.685434795102992e-05 8.957646276421644e-14 5.423709395714659e+00
-2.681565584839518e-05 8.944739980214974e-14 3.874078139796185e+00
-2.677696374576044e-05 8.931833684008302e-14 4.648893767755422e+00
-2.673827164312570e-05 8.918927387801629e-14 6.198525023673897e+00
-2.669957954049096e-05 8.906021091594959e-14 5.423709395714659e+00
-2.666088743785622e-05 8.893114795388288e-14 4.648893767755422e+00
-2.662219533522148e-05 8.880208499181616e-14 8.522971907551607e+00
-2.658350323258674e-05 8.867302202974945e-14 5.423709395714659e+00
-2.654481112995200e-05 8.854395906768273e-14 6.198525023673897e+00
-2.650611902731726e-05 8.841489610561602e-14 5.423709395714659e+00
-2.646742692468251e-05 8.828583314354930e-14 6.973340651633134e+00
-2.642873482204777e-05 8.815677018148259e-14 9.297787535510844e+00
-2.639004271941303e-05 8.802770721941587e-14 6.198525023673897e+00
-2.635135061677829e-05 8.789864425734917e-14 4.648893767755422e+00
-2.631265851414355e-05 8.776958129528245e-14 7.748156279592370e+00
-2.627396641150881e-05 8.764051833321574e-14 6.973340651633134e+00
-2.623527430887407e-05 8.751145537114903e-14 4.648893767755422e+00
-2.619658220623933e-05 8.738239240908230e-14 9.297787535510844e+00
-2.615789010360459e-05 8.725332944701560e-14 7.748156279592370e+00
-2.611919800096985e-05 8.712426648494888e-14 7.748156279592370e+00
-2.608050589833511e-05 8.699520352288217e-14 6.973340651633134e+00
-2.604181379570036e-05 8.686614056081546e-14 6.198525023673897e+00
-2.600312169306562e-05 8.673707759874874e-14 7.748156279592370e+00
-2.596442959043088e-05 8.660801463668203e-14 6.198525023673897e+00
-2.592573748779614e-05 8.647895167461531e-14 7.748156279592370e+00
-2.588704538516140e-05 8.634988871254860e-14 9.297787535510844e+00
-2.584835328252666e-05 8.622082575048188e-14 1.007260316347008e+01
-2.580966117989192e-05 8.609176278841518e-14 4.648893767755422e+00
-2.577096907725718e-05 8.596269982634845e-14 9.297787535510844e+00
-2.573227697462244e-05 8.583363686428175e-14 6.973340651633134e+00
-2.569358487198770e-05 8.570457390221504e-14 6.198525023673897e+00
-2.565489276935295e-05 8.557551094014831e-14 9.297787535510844e+00
-2.561620066671821e-05 8.544644797808161e-14 1.084741879142932e+01
-2.557750856408347e-05 8.531738501601489e-14 6.973340651633134e+00
-2.553881646144873e-05 8.518832205394818e-14 8.522971907551607e+00
-2.550012435881399e-05 8.505925909188146e-14 8.522971907551607e+00
-2.546143225617925e-05 8.493019612981475e-14 7.748156279592370e+00
-2.542274015354451e-05 8.480113316774803e-14 8.522971907551607e+00
-2.538404805090977e-05 8.467207020568132e-14 1.162223441938855e+01
-2.534535594827503e-05 8.454300724361460e-14 1.007260316347008e+01
-2.530666384564029e-05 8.441394428154789e-14 9.297787535510844e+00
-2.526797174300555e-05 8.428488131948119e-14 1.239705004734779e+01
-2.522927964037080e-05 8.415581835741446e-14 4.648893767755422e+00
-2.519058753773606e-05 8.402675539534776e-14 1.007260316347008e+01
-2.515189543510132e-05 8.389769243328104e-14 1.084741879142932e+01
-2.511320333246658e-05 8.376862947121432e-14 1.007260316347008e+01
-2.507451122983184e-05 8.363956650914762e-14 8.522971907551607e+00
-2.503581912719710e-05 8.351050354708090e-14 9.297787535510844e+00
-2.499712702456236e-05 8.338144058501419e-14 8.522971907551607e+00
-2.495843492192762e-05 8.325237762294747e-14 1.007260316347008e+01
-2.491974281929288e-05 8.312331466088076e-14 9.297787535510844e+00
-2.488105071665814e-05 8.299425169881404e-14 8.522971907551607e+00
-2.484235861402340e-05 8.286518873674733e-14 1.162223441938855e+01
-2.480366651138866e-05 8.273612577468061e-14 1.162223441938855e+01
-2.476497440875392e-05 8.260706281261390e-14 1.239705004734779e+01
-2.472628230611918e-05 8.247799985054720e-14 5.423709395714659e+00
-2.468759020348443e-05 8.234893688848047e-14 1.549631255918474e+01
-2.464889810084969e-05 8.221987392641377e-14 1.239705004734779e+01
-2.461020599821495e-05 8.209081096434705e-14 7.748156279592370e+00
-2.457151389558021e-05 8.196174800228032e-14 6.198525023673897e+00
-2.453282179294547e-05 8.183268504021362e-14 1.859557507102169e+01
-2.449412969031073e-05 8.170362207814691e-14 1.084741879142932e+01
-2.445543758767599e-05 8.157455911608019e-14 1.627112818714398e+01
-2.441674548504125e-05 8.144549615401348e-14 7.748156279592370e+00
-2.437805338240651e-05 8.131643319194676e-14 1.394668130326627e+01
-2.433936127977177e-05 8.118737022988005e-14 1.162223441938855e+01
-2.430066917713702e-05 8.105830726781334e-14 1.239705004734779e+01
-2.426197707450228e-05 8.092924430574662e-14 1.317186567530703e+01
-2.422328497186754e-05 8.080018134367991e-14 1.394668130326627e+01
-2.418459286923280e-05 8.067111838161320e-14 1.239705004734779e+01
-2.414590076659806e-05 8.054205541954648e-14 1.007260316347008e+01
-2.410720866396332e-05 8.041299245747977e-14 1.472149693122550e+01
-2.406851656132858e-05 8.028392949541306e-14 1.084741879142932e+01
-2.402982445869384e-05 8.015486653334633e-14 1.549631255918474e+01
-2.399113235605910e-05 8.002580357127963e-14 1.472149693122550e+01
-2.395244025342436e-05 7.989674060921292e-14 1.394668130326627e+01
-2.391374815078962e-05 7.976767764714620e-14 1.394668130326627e+01
-2.387505604815487e-05 7.963861468507949e-14 1.394668130326627e+01
-2.383636394552013e-05 7.950955172301277e-14 1.084741879142932e+01
-2.379767184288539e-05 7.938048876094606e-14 1.317186567530703e+01
-2.375897974025065e-05 7.925142579887934e-14 1.859557507102169e+01
-2.372028763761591e-05 7.912236283681263e-14 1.239705004734779e+01
-2.368159553498117e-05 7.899329987474591e-14 1.317186567530703e+01
-2.364290343234643e-05 7.886423691267921e-14 1.472149693122550e+01
-2.360421132971169e-05 7.873517395061248e-14 1.239705004734779e+01
-2.356551922707695e-05 7.860611098854578e-14 1.394668130326627e+01
-2.352682712444221e-05 7.847704802647907e-14 1.239705004734779e+01
-2.348813502180747e-05 7.834798506441234e-14 1.937039069898093e+01
-2.344944291917273e-05 7.821892210234564e-14 1.627112818714398e+01
-2.341075081653799e-05 7.808985914027892e-14 1.084741879142932e+01
-2.337205871390325e-05 7.796079617821221e-14 1.859557507102169e+01
-2.333336661126850e-05 7.783173321614549e-14 1.394668130326627e+01
-2.329467450863376e-05 7.770267025407878e-14 1.704594381510321e+01
-2.325598240599902e-05 7.757360729201207e-14 1.704594381510321e+01
-2.321729030336428e-05 7.744454432994535e-14 1.782075944306245e+01
-2.317859820072954e-05 7.731548136787864e-14 1.549631255918474e+01
-2.313990609809480e-05 7.718641840581192e-14 1.704594381510321e+01
-2.310121399546006e-05 7.705735544374522e-14 9.297787535510844e+00
-2.306252189282532e-05 7.692829248167849e-14 1.782075944306245e+01
-2.302382979019058e-05 7.679922951961179e-14 1.627112818714398e+01
-2.298513768755584e-05 7.667016655754508e-14 1.859557507102169e+01
-2.294644558492109e-05 7.654110359547835e-14 1.859557507102169e+01
-2.290775348228635e-05 7.641204063341165e-14 1.937039069898093e+01
-2.286906137965161e-05 7.628297767134493e-14 1.394668130326627e+01
-2.283036927701687e-05 7.615391470927822e-14 1.627112818714398e+01
-2.279167717438213e-05 7.602485174721150e-14 1.627112818714398e+01
-2.275298507174739e-05 7.589578878514479e-14 1.937039069898093e+01
-2.271429296911265e-05 7.576672582307807e-14 1.549631255918474e+01
-2.267560086647791e-05 7.563766286101136e-14 1.782075944306245e+01
-2.263690876384317e-05 7.550859989894464e-14 1.239705004734779e+01
-2.259821666120843e-05 7.537953693687793e-14 2.246965321081787e+01
-2.255952455857369e-05 7.525047397481123e-14 2.092002195489940e+01
-2.252083245593894e-05 7.512141101274450e-14 2.014520632694016e+01
-2.248214035330420e-05 7.499234805067780e-14 2.092002195489940e+01
-2.244344825066946e-05 7.486328508861107e-14 1.627112818714398e+01
-2.240475614803472e-05 7.473422212654436e-14 2.092002195489940e+01
-2.236606404539998e-05 7.460515916447765e-14 1.937039069898093e+01
-2.232737194276524e-05 7.447609620241094e-14 2.092002195489940e+01
-2.228867984013050e-05 7.434703324034423e-14 1.084741879142932e+01
-2.224998773749576e-05 7.421797027827751e-14 2.711854697857330e+01
-2.221129563486102e-05 7.408890731621080e-14 2.556891572265482e+01
-2.217260353222627e-05 7.395984435414407e-14 1.859557507102169e+01
-2.213391142959153e-05 7.383078139207737e-14 2.169483758285864e+01
-2.209521932695679e-05 7.370171843001065e-14 1.937039069898093e+01
-2.205652722432205e-05 7.357265546794394e-14 2.014520632694016e+01
-2.201783512168731e-05 7.344359250587724e-14 1.859557507102169e+01
-2.197914301905257e-05 7.331452954381051e-14 1.704594381510321e+01
-2.194045091641783e-05 7.318546658174381e-14 2.324446883877711e+01
-2.190175881378309e-05 7.305640361967708e-14 1.549631255918474e+01
-2.186306671114835e-05 7.292734065761036e-14 2.634373135061406e+01
-2.182437460851361e-05 7.279827769554366e-14 1.859557507102169e+01
-2.178568250587887e-05 7.266921473347695e-14 2.246965321081787e+01
-2.174699040324413e-05 7.254015177141023e-14 2.324446883877711e+01
-2.170829830060939e-05 7.241108880934352e-14 2.324446883877711e+01
-2.166960619797465e-05 7.228202584727680e-14 1.782075944306245e+01
-2.163091409533990e-05 7.215296288521008e-14 2.866817823449177e+01
-2.159222199270516e-05 7.202389992314337e-14 2.169483758285864e+01
-2.155352989007042e-05 7.189483696107666e-14 1.627112818714398e+01
-2.151483778743568e-05 7.176577399900995e-14 2.014520632694016e+01
-2.147614568480094e-05 7.163671103694324e-14 2.634373135061406e+01
-2.143745358216620e-05 7.150764807487652e-14 2.789336260653253e+01
-2.139876147953146e-05 7.137858511280981e-14 2.169483758285864e+01
-2.136006937689672e-05 7.124952215074309e-14 2.324446883877711e+01
-2.132137727426198e-05 7.112045918867637e-14 2.479410009469559e+01
-2.128268517162724e-05 7.099139622660967e-14 2.479410009469559e+01
-2.124399306899250e-05 7.086233326454296e-14 1.549631255918474e+01
-2.120530096635776e-05 7.073327030247624e-14 2.944299386245101e+01
-2.116660886372301e-05 7.060420734040953e-14 3.099262511836948e+01
-2.112791676108827e-05 7.047514437834281e-14 1.782075944306245e+01
-2.108922465845353e-05 7.034608141627608e-14 2.711854697857330e+01
-2.105053255581879e-05 7.021701845420938e-14 2.634373135061406e+01
-2.101184045318405e-05 7.008795549214267e-14 2.866817823449177e+01
-2.097314835054931e-05 6.995889253007595e-14 2.324446883877711e+01
-2.093445624791457e-05 6.982982956800925e-14 2.479410009469559e+01
-2.089576414527983e-05 6.970076660594252e-14 2.944299386245101e+01
-2.085707204264509e-05 6.957170364387582e-14 2.556891572265482e+01
-2.081837994001034e-05 6.944264068180909e-14 3.021780949041024e+01
-2.077968783737560e-05 6.931357771974238e-14 2.324446883877711e+01
-2.074099573474086e-05 6.918451475767568e-14 2.866817823449177e+01
-2.070230363210612e-05 6.905545179560896e-14 2.479410009469559e+01
-2.066361152947138e-05 6.892638883354225e-14 3.331707200224719e+01
-2.062491942683664e-05 6.879732587147553e-14 2.169483758285864e+01
-2.058622732420190e-05 6.866826290940882e-14 2.634373135061406e+01
-2.054753522156716e-05 6.853919994734209e-14 2.711854697857330e+01
-2.050884311893242e-05 6.841013698527539e-14 3.409188763020643e+01
-2.047015101629768e-05 6.828107402320868e-14 2.246965321081787e+01
-2.043145891366294e-05 6.815201106114196e-14 2.944299386245101e+01
-2.039276681102820e-05 6.802294809907526e-14 2.944299386245101e+01
-2.035407470839346e-05 6.789388513700853e-14 3.409188763020643e+01
-2.031538260575872e-05 6.776482217494182e-14 3.409188763020643e+01
-2.027669050312397e-05 6.763575921287510e-14 2.479410009469559e+01
-2.023799840048923e-05 6.750669625080839e-14 3.409188763020643e+01
-2.019930629785449e-05 6.737763328874169e-14 2.789336260653253e+01
-2.016061419521975e-05 6.724857032667497e-14 2.169483758285864e+01
-2.012192209258501e-05 6.711950736460826e-14 3.409188763020643e+01
-2.008322998995027e-05 6.699044440254154e-14 3.409188763020643e+01
-2.004453788731553e-05 6.686138144047483e-14 2.789336260653253e+01
-2.000584578468079e-05 6.673231847840810e-14 4.184004390979880e+01
-1.996715368204605e-05 6.660325551634140e-14 2.401928446673635e+01
-1.992846157941131e-05 6.647419255427468e-14 3.486670325816566e+01
-1.988976947677657e-05 6.634512959220797e-14 2.944299386245101e+01
-1.985107737414183e-05 6.621606663014127e-14 3.176744074632872e+01
-1.981238527150708e-05 6.608700366807454e-14 3.021780949041024e+01
-1.977369316887234e-05 6.595794070600782e-14 3.486670325816566e+01
-1.973500106623760e-05 6.582887774394111e-14 3.099262511836948e+01
-1.969630896360286e-05 6.569981478187440e-14 3.331707200224719e+01
-1.965761686096812e-05 6.557075181980769e-14 3.564151888612491e+01
-1.961892475833338e-05 6.544168885774098e-14 3.641633451408414e+01
-1.958023265569864e-05 6.531262589567426e-14 3.331707200224719e+01
-1.954154055306390e-05 6.518356293360755e-14 2.246965321081787e+01
-1.950284845042916e-05 6.505449997154083e-14 3.951559702592109e+01
-1.946415634779441e-05 6.492543700947411e-14 4.261485953775804e+01
-1.942546424515967e-05 6.479637404740741e-14 3.331707200224719e+01
-1.938677214252493e-05 6.466731108534069e-14 3.331707200224719e+01
-1.934808003989019e-05 6.453824812327398e-14 3.641633451408414e+01
-1.930938793725545e-05 6.440918516120727e-14 3.641633451408414e+01
-1.927069583462071e-05 6.428012219914055e-14 3.176744074632872e+01
-1.923200373198597e-05 6.415105923707383e-14 3.874078139796185e+01
-1.919331162935123e-05 6.402199627500712e-14 3.099262511836948e+01
-1.915461952671649e-05 6.389293331294040e-14 4.261485953775804e+01
-1.911592742408175e-05 6.376387035087370e-14 4.261485953775804e+01
-1.907723532144701e-05 6.363480738880699e-14 3.874078139796185e+01
-1.903854321881227e-05 6.350574442674027e-14 3.409188763020643e+01
-1.899985111617752e-05 6.337668146467356e-14 4.261485953775804e+01
-1.896115901354278e-05 6.324761850260684e-14 2.944299386245101e+01
-1.892246691090804e-05 6.311855554054012e-14 3.486670325816566e+01
-1.888377480827330e-05 6.298949257847341e-14 4.029041265388032e+01
-1.884508270563856e-05 6.286042961640670e-14 4.416449079367651e+01
-1.880639060300382e-05 6.273136665433998e-14 2.866817823449177e+01
-1.876769850036908e-05 6.260230369227328e-14 3.564151888612491e+01
-1.872900639773434e-05 6.247324073020656e-14 4.416449079367651e+01
-1.869031429509960e-05 6.234417776813984e-14 4.184004390979880e+01
-1.865162219246486e-05 6.221511480607313e-14 3.951559702592109e+01
-1.861293008983012e-05 6.208605184400641e-14 4.648893767755422e+01
-1.857423798719538e-05 6.195698888193971e-14 3.564151888612491e+01
-1.853554588456064e-05 6.182792591987299e-14 4.106522828183957e+01
-1.849685378192590e-05 6.169886295780628e-14 3.874078139796185e+01
-1.845816167929115e-05 6.156979999573957e-14 3.564151888612491e+01
-1.841946957665641e-05 6.144073703367285e-14 3.486670325816566e+01
-1.838077747402167e-05 6.131167407160612e-14 4.648893767755422e+01
-1.834208537138693e-05 6.118261110953942e-14 4.261485953775804e+01
-1.830339326875219e-05 6.105354814747271e-14 3.564151888612491e+01
-1.826470116611745e-05 6.092448518540599e-14 4.184004390979880e+01
-1.822600906348271e-05 6.079542222333929e-14 4.571412204959498e+01
-1.818731696084797e-05 6.066635926127256e-14 3.796596577000261e+01
-1.814862485821322e-05 6.053729629920585e-14 3.719115014204338e+01
-1.810993275557848e-05 6.040823333713913e-14 4.958820018939117e+01
-1.807124065294374e-05 6.027917037507242e-14 4.184004390979880e+01
-1.803254855030900e-05 6.015010741300572e-14 3.951559702592109e+01
-1.799385644767426e-05 6.002104445093900e-14 5.036301581735041e+01
-1.795516434503952e-05 5.989198148887229e-14 3.951559702592109e+01
-1.791647224240478e-05 5.976291852680557e-14 4.493930642163575e+01
-1.787778013977004e-05 5.963385556473885e-14 5.423709395714659e+01
-1.783908803713530e-05 5.950479260267213e-14 4.029041265388032e+01
-1.780039593450056e-05 5.937572964060543e-14 4.416449079367651e+01
-1.776170383186582e-05 5.924666667853871e-14 3.796596577000261e+01
-1.772301172923108e-05 5.911760371647200e-14 4.803856893347270e+01
-1.768431962659634e-05 5.898854075440530e-14 4.648893767755422e+01
-1.764562752396159e-05 5.885947779233857e-14 4.106522828183957e+01
-1.760693542132685e-05 5.873041483027186e-14 5.036301581735041e+01
-1.756824331869211e-05 5.860135186820514e-14 5.036301581735041e+01
-1.752955121605737e-05 5.847228890613843e-14 4.881338456143193e+01
-1.749085911342263e-05 5.834322594407172e-14 3.719115014204338e+01
-1.745216701078789e-05 5.821416298200501e-14 5.113783144530964e+01
-1.741347490815315e-05 5.808510001993830e-14 5.191264707326888e+01
-1.737478280551841e-05 5.795603705787158e-14 4.106522828183957e+01
-1.733609070288366e-05 5.782697409580485e-14 5.346227832918736e+01
-1.729739860024892e-05 5.769791113373814e-14 4.726375330551346e+01
-1.725870649761419e-05 5.756884817167144e-14 5.501190958510583e+01
-1.722001439497945e-05 5.743978520960472e-14 5.113783144530964e+01
-1.718132229234471e-05 5.731072224753801e-14 5.423709395714659e+01
-1.714263018970997e-05 5.718165928547131e-14 5.268746270122812e+01
-1.710393808707522e-05 5.705259632340458e-14 4.958820018939117e+01
-1.706524598444048e-05 5.692353336133786e-14 4.571412204959498e+01
-1.702655388180574e-05 5.679447039927115e-14 5.656154084102430e+01
-1.698786177917100e-05 5.666540743720443e-14 4.106522828183957e+01
-1.694916967653626e-05 5.653634447513773e-14 4.958820018939117e+01
-1.691047757390152e-05 5.640728151307102e-14 5.268746270122812e+01
-1.687178547126678e-05 5.627821855100430e-14 5.578672521306507e+01
-1.683309336863204e-05 5.614915558893758e-14 5.888598772490202e+01
-1.679440126599729e-05 5.602009262687086e-14 6.198525023673896e+01
-1.675570916336255e-05 5.589102966480415e-14 6.198525023673896e+01
-1.671701706072781e-05 5.576196670273744e-14 4.571412204959498e+01
-1.667832495809307e-05 5.563290374067073e-14 5.346227832918736e+01
-1.663963285545833e-05 5.550384077860402e-14 5.966080335286125e+01
-1.660094075282359e-05 5.537477781653731e-14 6.198525023673896e+01
-1.656224865018885e-05 5.524571485447059e-14 6.198525023673896e+01
-1.652355654755411e-05 5.511665189240387e-14 6.043561898082049e+01
-1.648486444491937e-05 5.498758893033716e-14 5.346227832918736e+01
-1.644617234228463e-05 5.485852596827044e-14 5.501190958510583e+01
-1.640748023964989e-05 5.472946300620373e-14 6.430969712061668e+01
-1.636878813701515e-05 5.460040004413703e-14 5.578672521306507e+01
-1.633009603438041e-05 5.447133708207031e-14 6.663414400449439e+01
-1.629140393174566e-05 5.434227412000359e-14 6.585932837653515e+01
-1.625271182911092e-05 5.421321115793687e-14 5.966080335286125e+01
-1.621401972647618e-05 5.408414819587016e-14 5.966080335286125e+01
-1.617532762384144e-05 5.395508523380345e-14 5.888598772490202e+01
-1.613663552120670e-05 5.382602227173674e-14 6.585932837653515e+01
-1.609794341857196e-05 5.369695930967003e-14 5.733635646898354e+01
-1.605925131593722e-05 5.356789634760331e-14 5.966080335286125e+01
-1.602055921330248e-05 5.343883338553659e-14 7.360748465612753e+01
-1.598186711066773e-05 5.330977042346987e-14 6.818377526041286e+01
-1.594317500803299e-05 5.318070746140317e-14 6.121043460877973e+01
-1.590448290539825e-05 5.305164449933645e-14 5.501190958510583e+01
-1.586579080276351e-05 5.292258153726974e-14 6.585932837653515e+01
-1.582709870012877e-05 5.279351857520303e-14 6.818377526041286e+01
-1.578840659749403e-05 5.266445561313631e-14 7.050822214429057e+01
-1.574971449485929e-05 5.253539265106960e-14 7.748156279592371e+01
-1.571102239222455e-05 5.240632968900288e-14 5.733635646898354e+01
-1.567233028958981e-05 5.227726672693617e-14 6.740895963245362e+01
-1.563363818695507e-05 5.214820376486945e-14 6.585932837653515e+01
-1.559494608432033e-05 5.201914080280275e-14 6.585932837653515e+01
-1.555625398168559e-05 5.189007784073604e-14 8.677935033143454e+01
-1.551756187905085e-05 5.176101487866932e-14 7.515711591204600e+01
-1.547886977641611e-05 5.163195191660260e-14 5.811117209694278e+01
-1.544017767378136e-05 5.150288895453588e-14 6.663414400449439e+01
-1.540148557114662e-05 5.137382599246917e-14 6.430969712061668e+01
-1.536279346851188e-05 5.124476303040246e-14 7.438230028408675e+01
-1.532410136587714e-05 5.111570006833575e-14 7.515711591204600e+01
-1.528540926324240e-05 5.098663710626904e-14 7.748156279592371e+01
-1.524671716060766e-05 5.085757414420232e-14 7.903119405184218e+01
-1.520802505797292e-05 5.072851118213561e-14 6.740895963245362e+01
-1.516933295533818e-05 5.059944822006889e-14 7.438230028408675e+01
-1.513064085270344e-05 5.047038525800218e-14 6.973340651633133e+01
-1.509194875006870e-05 5.034132229593546e-14 6.740895963245362e+01
-1.505325664743396e-05 5.021225933386875e-14 7.825637842388294e+01
-1.501456454479921e-05 5.008319637180204e-14 6.818377526041286e+01
-1.497587244216447e-05 4.995413340973532e-14 7.438230028408675e+01
-1.493718033952973e-05 4.982507044766861e-14 7.205785340020904e+01
-1.489848823689499e-05 4.969600748560190e-14 7.748156279592371e+01
-1.485979613426025e-05 4.956694452353519e-14 7.670674716796447e+01
-1.482110403162551e-05 4.943788156146847e-14 8.522971907551607e+01
-1.478241192899077e-05 4.930881859940176e-14 7.360748465612753e+01
-1.474371982635603e-05 4.917975563733504e-14 7.670674716796447e+01
-1.470502772372129e-05 4.905069267526833e-14 8.290527219163836e+01
-1.466633562108655e-05 4.892162971320161e-14 7.670674716796447e+01
-1.462764351845181e-05 4.879256675113490e-14 6.430969712061668e+01
-1.458895141581707e-05 4.866350378906819e-14 8.445490344755683e+01
-1.455025931318232e-05 4.853444082700147e-14 1.022756628906193e+02
-1.451156721054758e-05 4.840537786493476e-14 7.670674716796447e+01
-1.447287510791284e-05 4.827631490286805e-14 7.593193154000522e+01
-1.443418300527810e-05 4.814725194080133e-14 8.755416595939379e+01
-1.439549090264336e-05 4.801818897873462e-14 9.375269098306768e+01
-1.435679880000862e-05 4.788912601666790e-14 8.832898158735303e+01
-1.431810669737388e-05 4.776006305460119e-14 8.910379721531226e+01
-1.427941459473914e-05 4.763100009253447e-14 7.670674716796447e+01
-1.424072249210440e-05 4.750193713046777e-14 9.685195349490463e+01
-1.420203038946966e-05 4.737287416840105e-14 8.910379721531226e+01
-1.416333828683492e-05 4.724381120633434e-14 8.135564093571989e+01
-1.412464618420018e-05 4.711474824426762e-14 8.213045656367913e+01
-1.408595408156543e-05 4.698568528220091e-14 9.685195349490463e+01
-1.404726197893069e-05 4.685662232013420e-14 9.297787535510844e+01
-1.400856987629595e-05 4.672755935806748e-14 8.600453470347531e+01
-1.396987777366121e-05 4.659849639600076e-14 9.375269098306768e+01
-1.393118567102647e-05 4.646943343393405e-14 8.910379721531226e+01
-1.389249356839173e-05 4.634037047186734e-14 9.065342847123074e+01
-1.385380146575699e-05 4.621130750980063e-14 1.022756628906193e+02
-1.381510936312225e-05 4.608224454773392e-14 9.375269098306768e+01
-1.377641726048751e-05 4.595318158566720e-14 9.375269098306768e+01
-1.373772515785277e-05 4.582411862360048e-14 9.685195349490463e+01
-1.369903305521803e-05 4.569505566153377e-14 9.297787535510844e+01
-1.366034095258328e-05 4.556599269946705e-14 1.138978973100078e+02
-1.362164884994854e-05 4.543692973740034e-14 9.452750661102692e+01
-1.358295674731380e-05 4.530786677533363e-14 1.115734504261301e+02
-1.354426464467906e-05 4.517880381326692e-14 9.995121600674157e+01
-1.350557254204432e-05 4.504974085120020e-14 9.917640037878235e+01
-1.346688043940958e-05 4.492067788913349e-14 1.115734504261301e+02
-1.342818833677484e-05 4.479161492706678e-14 1.007260316347008e+02
-1.338949623414010e-05 4.466255196500006e-14 1.076993722863340e+02
-1.335080413150536e-05 4.453348900293335e-14 1.038252941465378e+02
-1.331211202887062e-05 4.440442604086663e-14 1.100238191702117e+02
-1.327341992623588e-05 4.427536307879993e-14 1.131230816820486e+02
-1.323472782360113e-05 4.414630011673320e-14 1.169971598218448e+02
-1.319603572096639e-05 4.401723715466649e-14 1.015008472626601e+02
-1.315734361833165e-05 4.388817419259978e-14 1.123482660540894e+02
-1.311865151569691e-05 4.375911123053306e-14 1.076993722863340e+02
-1.307995941306217e-05 4.363004826846635e-14 1.069245566583747e+02
-1.304126731042743e-05 4.350098530639964e-14 1.216460535896002e+02
-1.300257520779269e-05 4.337192234433293e-14 1.146727129379671e+02
-1.296388310515795e-05 4.324285938226621e-14 1.146727129379671e+02
-1.292519100252321e-05 4.311379642019949e-14 1.138978973100078e+02
-1.288649889988847e-05 4.298473345813279e-14 1.162223441938856e+02
-1.284780679725372e-05 4.285567049606606e-14 1.131230816820486e+02
-1.280911469461898e-05 4.272660753399936e-14 1.216460535896002e+02
-1.277042259198424e-05 4.259754457193264e-14 1.247453161014372e+02
-1.273173048934950e-05 4.246848160986593e-14 1.239705004734779e+02
-1.269303838671476e-05 4.233941864779921e-14 1.309438411251110e+02
-1.265434628408002e-05 4.221035568573250e-14 1.216460535896002e+02
-1.261565418144528e-05 4.208129272366579e-14 1.231956848455187e+02
-1.257696207881054e-05 4.195222976159907e-14 1.379171817767442e+02
-1.253826997617580e-05 4.182316679953236e-14 1.231956848455187e+02
-1.249957787354106e-05 4.169410383746565e-14 1.355927348928665e+02
-1.246088577090632e-05 4.156504087539894e-14 1.293942098691926e+02
-1.242219366827158e-05 4.143597791333222e-14 1.487646005681735e+02
-1.238350156563684e-05 4.130691495126550e-14 1.324934723810295e+02
-1.234480946300210e-05 4.117785198919879e-14 1.433408911724588e+02
-1.230611736036735e-05 4.104878902713207e-14 1.278445786132741e+02
-1.226742525773261e-05 4.091972606506536e-14 1.503142318240920e+02
-1.222873315509787e-05 4.079066310299865e-14 1.348179192649072e+02
-1.219004105246313e-05 4.066160014093194e-14 1.317186567530703e+02
-1.215134894982839e-05 4.053253717886522e-14 1.417912599165404e+02
-1.211265684719365e-05 4.040347421679851e-14 1.231956848455187e+02
-1.207396474455891e-05 4.027441125473180e-14 1.534134943359289e+02
-1.203527264192417e-05 4.014534829266508e-14 1.410164442885811e+02
-1.199658053928943e-05 4.001628533059837e-14 1.410164442885811e+02
-1.195788843665469e-05 3.988722236853165e-14 1.588372037316436e+02
-1.191919633401995e-05 3.975815940646494e-14 1.363675505208257e+02
-1.188050423138520e-05 3.962909644439822e-14 1.603868349875621e+02
-1.184181212875046e-05 3.950003348233151e-14 1.619364662434805e+02
-1.180312002611572e-05 3.937097052026480e-14 1.510890474520512e+02
-1.176442792348098e-05 3.924190755819808e-14 1.549631255918474e+02
-1.172573582084624e-05 3.911284459613137e-14 1.518638630800104e+02
-1.168704371821150e-05 3.898378163406466e-14 1.650357287553175e+02
-1.164835161557676e-05 3.885471867199795e-14 1.859557507102169e+02
-1.160965951294202e-05 3.872565570993123e-14 1.588372037316436e+02
-1.157096741030728e-05 3.859659274786451e-14 1.681349912671544e+02
-1.153227530767254e-05 3.846752978579780e-14 1.851809350822577e+02
-1.149358320503779e-05 3.833846682373108e-14 1.572875724757251e+02
-1.145489110240305e-05 3.820940386166438e-14 1.774327788026653e+02
-1.141619899976831e-05 3.808034089959766e-14 1.627112818714398e+02
-1.137750689713357e-05 3.795127793753095e-14 1.844061194542984e+02
-1.133881479449883e-05 3.782221497546423e-14 1.557379412198067e+02
-1.130012269186409e-05 3.769315201339752e-14 1.828564881983799e+02
-1.126143058922935e-05 3.756408905133081e-14 1.689098068951137e+02
-1.122273848659461e-05 3.743502608926409e-14 1.689098068951137e+02
-1.118404638395987e-05 3.730596312719738e-14 1.782075944306245e+02
-1.114535428132513e-05 3.717690016513066e-14 1.743335162908283e+02
-1.110666217869038e-05 3.704783720306394e-14 1.758831475467468e+02
-1.106797007605565e-05 3.691877424099724e-14 1.906046444779723e+02
-1.102927797342091e-05 3.678971127893052e-14 1.999024320134831e+02
-1.099058587078617e-05 3.666064831686381e-14 1.813068569424615e+02
-1.095189376815142e-05 3.653158535479709e-14 1.968031695016462e+02
-1.091320166551668e-05 3.640252239273038e-14 2.030016945253201e+02
-1.087450956288194e-05 3.627345943066367e-14 2.099750351769532e+02
-1.083581746024720e-05 3.614439646859695e-14 2.107498508049125e+02
-1.079712535761246e-05 3.601533350653024e-14 2.130742976887902e+02
-1.075843325497772e-05 3.588627054446352e-14 2.169483758285864e+02
-1.071974115234298e-05 3.575720758239682e-14 2.223720852243010e+02
-1.068104904970824e-05 3.562814462033010e-14 2.208224539683825e+02
-1.064235694707350e-05 3.549908165826339e-14 2.138491133167494e+02
-1.060366484443876e-05 3.537001869619667e-14 2.223720852243010e+02
-1.056497274180401e-05 3.524095573412995e-14 2.277957946200157e+02
-1.052628063916927e-05 3.511189277206324e-14 2.184980070845048e+02
-1.048758853653453e-05 3.498282980999653e-14 2.231469008522603e+02
-1.044889643389979e-05 3.485376684792982e-14 2.215972695963418e+02
-1.041020433126505e-05 3.472470388586310e-14 2.231469008522603e+02
-1.037151222863031e-05 3.459564092379638e-14 2.277957946200157e+02
-1.033282012599557e-05 3.446657796172968e-14 2.394180290394042e+02
-1.029412802336083e-05 3.433751499966296e-14 2.618876822502221e+02
-1.025543592072609e-05 3.420845203759625e-14 2.401928446673635e+02
-1.021674381809135e-05 3.407938907552953e-14 2.797084416932846e+02
-1.017805171545661e-05 3.395032611346282e-14 2.773839948094069e+02
-1.013935961282186e-05 3.382126315139610e-14 2.758343635534884e+02
-1.010066751018712e-05 3.369220018932939e-14 2.766091791814476e+02
-1.006197540755238e-05 3.356313722726268e-14 2.859069667169585e+02
-1.002328330491764e-05 3.343407426519596e-14 2.789336260653253e+02
-9.984591202282901e-06 3.330501130312925e-14 3.122506980675725e+02
-9.945899099648161e-06 3.317594834106254e-14 2.905558604847139e+02
-9.907206997013421e-06 3.304688537899583e-14 2.657617603900183e+02
-9.868514894378678e-06 3.291782241692911e-14 2.680862072738960e+02
-9.829822791743938e-06 3.278875945486239e-14 2.843573354610400e+02
-9.791130689109198e-06 3.265969649279568e-14 2.595632353663444e+02
-9.752438586474454e-06 3.253063353072896e-14 3.138003293234910e+02
-9.713746483839715e-06 3.240157056866226e-14 2.921054917406324e+02
-9.675054381204975e-06 3.227250760659554e-14 2.874565979728769e+02
-9.636362278570235e-06 3.214344464452883e-14 3.199988543471649e+02
-9.597670175935492e-06 3.201438168246211e-14 3.099262511836948e+02
-9.558978073300752e-06 3.188531872039540e-14 3.153499605794095e+02
-9.520285970666012e-06 3.175625575832869e-14 3.261973793708388e+02
-9.481593868031268e-06 3.162719279626197e-14 3.331707200224719e+02
-9.442901765396529e-06 3.149812983419526e-14 3.610640826290045e+02
-9.404209662761789e-06 3.136906687212854e-14 3.486670325816567e+02
-9.365517560127049e-06 3.124000391006184e-14 3.323959043945127e+02
-9.326825457492305e-06 3.111094094799512e-14 3.478922169536974e+02
-9.288133354857566e-06 3.098187798592840e-14 3.122506980675725e+02
-9.249441252222826e-06 3.085281502386169e-14 3.595144513730860e+02
-9.210749149588082e-06 3.072375206179497e-14 3.107010668116541e+02
-9.172057046953342e-06 3.059468909972826e-14 3.471174013257382e+02
-9.133364944318603e-06 3.046562613766155e-14 3.548655576053305e+02
-9.094672841683863e-06 3.033656317559484e-14 3.440181388139013e+02
-9.055980739049119e-06 3.020750021352812e-14 3.858581827237001e+02
-9.017288636414379e-06 3.007843725146140e-14 3.920567077473739e+02
-8.978596533779640e-06 2.994937428939470e-14 3.889574452355370e+02
-8.939904431144896e-06 2.982031132732798e-14 4.493930642163575e+02
-8.901212328510156e-06 2.969124836526127e-14 4.524923267281944e+02
-8.862520225875416e-06 2.956218540319455e-14 4.462938017045205e+02
-8.823828123240677e-06 2.943312244112784e-14 4.447441704486021e+02
-8.785136020605933e-06 2.930405947906112e-14 4.214997016098250e+02
-8.746443917971193e-06 2.917499651699441e-14 4.153011765861510e+02
-8.707751815336453e-06 2.904593355492770e-14 4.362211985410505e+02
-8.669059712701710e-06 2.891687059286098e-14 3.757855795602300e+02
-8.630367610066970e-06 2.878780763079427e-14 3.998048640269663e+02
-8.591675507432230e-06 2.865874466872756e-14 4.137515453302326e+02
-8.552983404797490e-06 2.852968170666085e-14 4.338967516571727e+02
-8.514291302162747e-06 2.840061874459413e-14 4.346715672851320e+02
-8.475599199528007e-06 2.827155578252742e-14 4.362211985410505e+02
-8.436907096893267e-06 2.814249282046070e-14 5.191264707326889e+02
-8.398214994258524e-06 2.801342985839398e-14 5.113783144530964e+02
-8.359522891623784e-06 2.788436689632727e-14 5.718139334339170e+02
-8.320830788989044e-06 2.775530393426056e-14 5.834361678533055e+02
-8.282138686354304e-06 2.762624097219385e-14 5.454702020833029e+02
-8.243446583719561e-06 2.749717801012713e-14 5.609665146424876e+02
-8.204754481084821e-06 2.736811504806042e-14 5.462450177112621e+02
-8.166062378450081e-06 2.723905208599371e-14 5.253249957563627e+02
-8.127370275815338e-06 2.710998912392699e-14 5.470198333392213e+02
-8.088678173180598e-06 2.698092616186028e-14 5.493442802230991e+02
-8.049986070545858e-06 2.685186319979357e-14 5.725887490618762e+02
-8.011293967911118e-06 2.672280023772686e-14 5.950584022726940e+02
-7.972601865276375e-06 2.659373727566013e-14 6.624673619051476e+02
-7.933909762641635e-06 2.646467431359342e-14 7.360748465612752e+02
-7.895217660006895e-06 2.633561135152671e-14 7.097311152106611e+02
-7.856525557372152e-06 2.620654838945999e-14 7.546704216322969e+02
-7.817833454737412e-06 2.607748542739328e-14 7.252274277698459e+02
-7.779141352102672e-06 2.594842246532657e-14 7.128303777224980e+02
-7.740449249467932e-06 2.581935950325986e-14 6.593680993933107e+02
-7.701757146833189e-06 2.569029654119314e-14 7.004333276751503e+02
-7.663065044198449e-06 2.556123357912643e-14 7.399489247010714e+02
-7.624372941563709e-06 2.543217061705972e-14 7.794645217269924e+02
-7.585680838928966e-06 2.530310765499299e-14 8.468734813594460e+02
-7.546988736294226e-06 2.517404469292628e-14 9.677447193210870e+02
-7.508296633659486e-06 2.504498173085958e-14 9.925388194157827e+02
-7.469604531024746e-06 2.491591876879286e-14 9.801417693684349e+02
-7.430912428390003e-06 2.478685580672614e-14 8.755416595939379e+02
-7.392220325755263e-06 2.465779284465943e-14 8.662438720584270e+02
-7.353528223120523e-06 2.452872988259272e-14 8.081326999614843e+02
-7.314836120485780e-06 2.439966692052600e-14 8.360260625680168e+02
-7.276144017851040e-06 2.427060395845929e-14 8.484231126153645e+02
-7.237451915216300e-06 2.414154099639258e-14 9.468246973661877e+02
-7.198759812581557e-06 2.401247803432585e-14 1.066921119699869e+03
-7.160067709946817e-06 2.388341507225915e-14 1.103337454213954e+03
-7.121375607312077e-06 2.375435211019244e-14 1.107211532353750e+03
-7.082683504677337e-06 2.362528914812572e-14 1.049100360256807e+03
-7.043991402042594e-06 2.349622618605900e-14 1.001061791323334e+03
-7.005299299407854e-06 2.336716322399229e-14 9.607713786694540e+02
-6.966607196773114e-06 2.323810026192558e-14 9.801417693684349e+02
-6.927915094138371e-06 2.310903729985886e-14 1.028955153929867e+03
-6.889222991503631e-06 2.297997433779215e-14 1.151376023147426e+03
-6.850530888868891e-06 2.285091137572544e-14 1.351278455160909e+03
-6.811838786234151e-06 2.272184841365873e-14 1.388469605302953e+03
-6.773146683599408e-06 2.259278545159201e-14 1.462851905587039e+03
-6.734454580964668e-06 2.246372248952530e-14 1.280770233016619e+03
-6.695762478329928e-06 2.233465952745859e-14 1.180044201381918e+03
-6.657070375695184e-06 2.220559656539186e-14 1.218010167151921e+03
-6.618378273060445e-06 2.207653360332515e-14 1.294716914319885e+03
-6.579686170425705e-06 2.194747064125844e-14 1.535684574615208e+03
-6.540994067790965e-06 2.181840767919173e-14 1.748758872303998e+03
-6.502301965156221e-06 2.168934471712501e-14 1.844061194542984e+03
-6.463609862521482e-06 2.156028175505830e-14 1.790598916213797e+03
-6.424917759886742e-06 2.143121879299159e-14 1.756507028583590e+03
-6.386225657251998e-06 2.130215583092487e-14 1.717766247185629e+03
-6.347533554617258e-06 2.117309286885816e-14 1.869630110265639e+03
-6.308841451982519e-06 2.104402990679145e-14 1.891324947848498e+03
-6.270149349347779e-06 2.091496694472474e-14 1.968806510644421e+03
-6.231457246713035e-06 2.078590398265801e-14 1.779751497422367e+03
-6.192765144078295e-06 2.065684102059130e-14 1.926191651106663e+03
-6.154073041443556e-06 2.052777805852459e-14 2.125319267492187e+03
-6.115380938808812e-06 2.039871509645787e-14 2.828851857679174e+03
-6.076688836174072e-06 2.026965213439116e-14 3.048899496019598e+03
-6.037996733539333e-06 2.014058917232445e-14 2.938875676849386e+03
-5.999304630904593e-06 2.001152621025774e-14 2.670014653947531e+03
-5.960612528269849e-06 1.988246324819102e-14 2.408126971697309e+03
-5.921920425635109e-06 1.975340028612431e-14 2.494131506400784e+03
-5.883228323000370e-06 1.962433732405760e-14 2.650644263248550e+03
-5.844536220365626e-06 1.949527436199087e-14 2.711854697857329e+03
-5.805844117730886e-06 1.936621139992417e-14 2.698682832182023e+03
-5.767152015096146e-06 1.923714843785745e-14 2.802508126328561e+03
-5.728459912461407e-06 1.910808547579074e-14 3.004735005225921e+03
-5.689767809826663e-06 1.897902251372402e-14 3.322409412689208e+03
-5.651075707191923e-06 1.884995955165731e-14 3.446379913162687e+03
-5.612383604557183e-06 1.872089658959060e-14 3.278244921895532e+03
-5.573691501922440e-06 1.859183362752388e-14 3.272821212499817e+03
-5.534999399287700e-06 1.846277066545717e-14 3.375871691018396e+03
-5.496307296652960e-06 1.833370770339046e-14 3.365799087854926e+03
-5.457615194018220e-06 1.820464474132375e-14 3.244927849893285e+03
-5.418923091383477e-06 1.807558177925703e-14 3.513014057167181e+03
-5.380230988748737e-06 1.794651881719031e-14 3.601343038754534e+03
-5.341538886113997e-06 1.781745585512360e-14 3.731512064251685e+03
-5.302846783479254e-06 1.768839289305688e-14 3.148850712026339e+03
-5.264154680844514e-06 1.755932993099017e-14 2.477085562585681e+03
-5.225462578209774e-06 1.743026696892346e-14 2.025368051485446e+03
-5.186770475575034e-06 1.730120400685675e-14 2.005222845158505e+03
-5.148078372940291e-06 1.717214104479003e-14 2.484833718865273e+03
-5.109386270305551e-06 1.704307808272332e-14 3.636984557640659e+03
-5.070694167670811e-06 1.691401512065661e-14 4.676787130361955e+03
-5.032002065036068e-06 1.678495215858989e-14 4.906132556237889e+03
-4.993309962401328e-06 1.665588919652317e-14 4.084053174973139e+03
-4.954617859766588e-06 1.652682623445647e-14 2.865268192193259e+03
-4.915925757131848e-06 1.639776327238975e-14 2.248514952337706e+03
-4.877233654497105e-06 1.626870031032303e-14 2.040864364044630e+03
-4.838541551862365e-06 1.613963734825632e-14 2.102849614281369e+03
-4.799849449227625e-06 1.601057438618961e-14 2.080379961070551e+03
-4.761157346592882e-06 1.588151142412289e-14 2.241541611686073e+03
-4.722465243958142e-06 1.575244846205618e-14 2.347691352716488e+03
-4.683773141323402e-06 1.562338549998947e-14 2.450741831235067e+03
-4.645081038688662e-06 1.549432253792276e-14 2.465463328166292e+03
-4.606388936053919e-06 1.536525957585604e-14 2.451516646863026e+03
-4.567696833419179e-06 1.523619661378933e-14 2.327546146389548e+03
-4.529004730784439e-06 1.510713365172261e-14 2.394955106022001e+03
-4.490312628149696e-06 1.497807068965589e-14 2.309725386946486e+03
-4.451620525514956e-06 1.484900772758918e-14 2.431371440536086e+03
-4.412928422880216e-06 1.471994476552247e-14 2.490257428260988e+03
-4.374236320245476e-06 1.459088180345576e-14 2.663816128923857e+03
-4.335544217610733e-06 1.446181884138904e-14 2.639796844457121e+03
-4.296852114975993e-06 1.433275587932233e-14 2.649094631992632e+03
-4.258160012341253e-06 1.420369291725562e-14 2.566964175428952e+03
-4.219467909706510e-06 1.407462995518890e-14 2.456165540630781e+03
-4.180775807071770e-06 1.394556699312219e-14 2.336843933925059e+03
-4.142083704437030e-06 1.381650403105548e-14 2.232243824150562e+03
-4.103391601802290e-06 1.368744106898877e-14 2.202800830288111e+03
-4.064699499167547e-06 1.355837810692205e-14 2.339168380808936e+03
-4.026007396532807e-06 1.342931514485533e-14 2.440669228071597e+03
-3.987315293898067e-06 1.330025218278862e-14 2.525898947147113e+03
-3.948623191263324e-06 1.317118922072190e-14 2.460039618770578e+03
-3.909931088628584e-06 1.304212625865519e-14 2.297328336899138e+03
-3.871238985993844e-06 1.291306329658848e-14 2.031566576509120e+03
-3.832546883359104e-06 1.278400033452177e-14 1.725514403465221e+03
-3.793854780724361e-06 1.265493737245505e-14 1.507791212008675e+03
-3.755162678089621e-06 1.252587441038834e-14 1.379171817767442e+03
-3.716470575454881e-06 1.239681144832163e-14 1.281545048644578e+03
-3.677778472820138e-06 1.226774848625491e-14 1.152150838775385e+03
-3.639086370185398e-06 1.213868552418820e-14 1.116509319889260e+03
-3.600394267550658e-06 1.200962256212148e-14 1.082417432259054e+03
-3.561702164915918e-06 1.188055960005477e-14 1.046775913372929e+03
-3.523010062281175e-06 1.175149663798805e-14 1.116509319889260e+03
-3.484317959646435e-06 1.162243367592134e-14 1.142078235611915e+03
-3.445625857011695e-06 1.149337071385463e-14 1.167647151334570e+03
-3.406933754376951e-06 1.136430775178791e-14 1.232731664083146e+03
-3.368241651742212e-06 1.123524478972120e-14 1.276121339248863e+03
-3.329549549107472e-06 1.110618182765449e-14 1.386919974047034e+03
-3.290857446472728e-06 1.097711886558777e-14 1.463626721214999e+03
-3.252165343837988e-06 1.084805590352106e-14 1.510890474520512e+03
-3.213473241203249e-06 1.071899294145435e-14 1.664303968856441e+03
-3.174781138568509e-06 1.058992997938764e-14 1.631761712482153e+03
-3.136089035933765e-06 1.046086701732091e-14 1.673601756391952e+03
-3.097396933299025e-06 1.033180405525420e-14 1.751858134815835e+03
-3.058704830664286e-06 1.020274109318749e-14 1.721640325325425e+03
-3.020012728029542e-06 1.007367813112077e-14 1.852584166450536e+03
-2.981320625394802e-06 9.944615169054061e-15 1.939363516781970e+03
-2.942628522760062e-06 9.815552206987350e-15 2.304301677550771e+03
-2.903936420125323e-06 9.686489244920640e-15 2.721927301020800e+03
-2.865244317490579e-06 9.557426282853918e-15 3.235630062357774e+03
-2.826552214855839e-06 9.428363320787208e-15 3.412288025532480e+03
-2.787860112221099e-06 9.299300358720496e-15 3.470399197629423e+03
-2.749168009586356e-06 9.170237396653775e-15 2.926478626802038e+03
-2.710475906951616e-06 9.041174434587064e-15 2.422848468628534e+03
-2.671783804316876e-06 8.912111472520354e-15 1.893649394732375e+03
-2.633091701682136e-06 8.783048510453644e-15 1.551955702802352e+03
-2.594399599047393e-06 8.653985548386921e-15 1.313312489390907e+03
-2.555707496412653e-06 8.524922586320212e-15 1.218010167151921e+03
-2.517015393777913e-06 8.395859624253500e-15 1.146727129379671e+03
-2.478323291143170e-06 8.266796662186779e-15 1.135879710588242e+03
-2.439631188508430e-06 8.137733700120068e-15 1.012684025742723e+03
-2.400939085873690e-06 8.008670738053358e-15 1.028180338301908e+03
-2.362246983238950e-06 7.879607775986648e-15 9.902143725319049e+02
-2.323554880604207e-06 7.750544813919925e-15 9.770425068565979e+02
-2.284862777969467e-06 7.621481851853216e-15 9.708439818329240e+02
-2.246170675334727e-06 7.492418889786504e-15 9.429506192263915e+02
-2.207478572699984e-06 7.363355927719783e-15 9.011105753165926e+02
-2.168786470065244e-06 7.234292965653072e-15 8.639194251745492e+02
-2.130094367430504e-06 7.105230003586362e-15 9.065342847123073e+02
-2.091402264795764e-06 6.976167041519651e-15 8.763164752218971e+02
-2.052710162161021e-06 6.847104079452929e-15 8.213045656367913e+02
-2.014018059526281e-06 6.718041117386219e-15 7.903119405184218e+02
-1.975325956891541e-06 6.588978155319509e-15 8.220793812647505e+02
-1.936633854256798e-06 6.459915193252787e-15 7.965104655420956e+02
-1.897941751622058e-06 6.330852231186076e-15 8.034838061937288e+02
-1.859249648987318e-06 6.201789269119366e-15 7.864378623786256e+02
-1.820557546352578e-06 6.072726307052655e-15 7.740408123312778e+02
-1.781865443717835e-06 5.943663344985933e-15 8.701179501982232e+02
-1.743173341083095e-06 5.814600382919223e-15 8.391253250798537e+02
-1.704481238448355e-06 5.685537420852513e-15 8.360260625680168e+02
-1.665789135813612e-06 5.556474458785791e-15 8.794157377337341e+02
-1.627097033178872e-06 5.427411496719080e-15 8.910379721531226e+02
-1.588404930544132e-06 5.298348534652370e-15 9.685195349490463e+02
-1.549712827909392e-06 5.169285572585659e-15 9.956380819276196e+02
-1.511020725274649e-06 5.040222610518937e-15 1.023531444534152e+03
-1.472328622639909e-06 4.911159648452226e-15 1.005710685091090e+03
-1.433636520005169e-06 4.782096686385517e-15 1.095589297934361e+03
-1.394944417370426e-06 4.653033724318795e-15 1.112635241749464e+03
-1.356252314735686e-06 4.523970762252084e-15 1.283869495528456e+03
-1.317560212100946e-06 4.394907800185373e-15 1.368324398976013e+03
-1.278868109466206e-06 4.265844838118663e-15 1.692197331462974e+03
-1.240176006831463e-06 4.136781876051941e-15 2.111372586188921e+03
-1.201483904196723e-06 4.007718913985230e-15 2.697908016554064e+03
-1.162791801561983e-06 3.878655951918521e-15 3.047349864763679e+03
-1.124099698927240e-06 3.749592989851798e-15 3.008609083365718e+03
-1.085407596292500e-06 3.620530027785088e-15 3.002410558342044e+03
-1.046715493657760e-06 3.491467065718377e-15 2.602605694315077e+03
-1.008023391023020e-06 3.362404103651667e-15 2.092777011117899e+03
-9.693312883882767e-07 3.233341141584945e-15 1.763480369235223e+03
-9.306391857535368e-07 3.104278179518235e-15 1.542657915266841e+03
-8.919470831187969e-07 2.975215217451524e-15 1.436508174236425e+03
-8.532549804840536e-07 2.846152255384802e-15 1.321060645670499e+03
-8.145628778493137e-07 2.717089293318092e-15 1.273796892364986e+03
-7.758707752145738e-07 2.588026331251381e-15 1.252876870410086e+03
-7.371786725798339e-07 2.458963369184671e-15 1.238930189106820e+03
-6.984865699450906e-07 2.329900407117949e-15 1.193990882685184e+03
-6.597944673103507e-07 2.200837445051239e-15 1.118833766773138e+03
-6.211023646756108e-07 2.071774482984528e-15 1.067695935327829e+03
-5.824102620408675e-07 1.942711520917806e-15 1.032829232069663e+03
-5.437181594061276e-07 1.813648558851096e-15 9.816914006243534e+02
-5.050260567713877e-07 1.684585596784385e-15 9.584469317855762e+02
-4.663339541366478e-07 1.555522634717675e-15 9.166068878757774e+02
-4.276418515019045e-07 1.426459672650953e-15 8.437742188476092e+02
-3.889497488671646e-07 1.297396710584242e-15 8.422245875916907e+02
-3.502576462324247e-07 1.168333748517532e-15 8.453238501035277e+02
-3.115655435976814e-07 1.039270786450810e-15 8.205297500088320e+02
-2.728734409629415e-07 9.102078243840995e-16 8.058082530776065e+02
-2.341813383282016e-07 7.811448623173891e-16 8.166556718690358e+02
-1.954892356934617e-07 6.520819002506785e-16 7.616437622839300e+02
-1.567971330587184e-07 5.230189381839568e-16 8.437742188476092e+02
-1.181050304239785e-07 3.939559761172462e-16 7.678422873076039e+02
-7.941292778923864e-08 2.648930140505357e-16 7.872126780065848e+02
-4.072082515449535e-08 1.358300519838139e-16 7.647430247957669e+02
-2.028722519755452e-09 6.767089917103426e-18 7.856630467506664e+02
3.666338011498445e-08 -1.222958721496071e-16 8.197549343808728e+02
7.535548274972435e-08 -2.513588342163176e-16 7.848882311227071e+02
1.140475853844676e-07 -3.804217962830394e-16 8.027089905657696e+02
1.527396880192075e-07 -5.094847583497499e-16 8.584957157788347e+02
1.914317906539474e-07 -6.385477204164604e-16 8.871638940133264e+02
2.301238932886907e-07 -7.676106824831822e-16 8.949120502929188e+02
2.688159959234306e-07 -8.966736445498927e-16 9.700691662049647e+02
3.075080985581705e-07 -1.025736606616603e-15 9.995121600674158e+02
3.462002011929104e-07 -1.154799568683314e-15 1.118833766773138e+03
3.848923038276537e-07 -1.283862530750035e-15 1.212586457756206e+03
4.235844064623936e-07 -1.412925492816746e-15 1.413263705397648e+03
4.622765090971335e-07 -1.541988454883457e-15 1.419462230421322e+03
5.009686117318768e-07 -1.671051416950178e-15 1.766579631747060e+03
5.396607143666167e-07 -1.800114379016889e-15 1.851809350822577e+03
5.783528170013566e-07 -1.929177341083599e-15 2.092002195489940e+03
6.170449196360965e-07 -2.058240303150310e-15 2.049387335952182e+03
6.557370222708398e-07 -2.187303265217031e-15 1.982753191947688e+03
6.944291249055797e-07 -2.316366227283742e-15 1.889775316592579e+03
7.331212275403196e-07 -2.445429189350452e-15 1.749533687931957e+03
7.718133301750629e-07 -2.574492151417175e-15 1.618589846806846e+03
8.105054328098028e-07 -2.703555113483885e-15 1.483771927541939e+03
8.491975354445427e-07 -2.832618075550596e-15 1.387694789674993e+03
8.878896380792860e-07 -2.961681037617317e-15 1.267598367341312e+03
9.265817407140259e-07 -3.090743999684028e-15 1.251327239154168e+03
9.652738433487658e-07 -3.219806961750738e-15 1.184693095149673e+03
1.003965945983506e-06 -3.348869923817449e-15 1.185467910777633e+03
1.042658048618249e-06 -3.477932885884171e-15 1.154475285659263e+03
1.081350151252989e-06 -3.606995847950881e-15 1.085516694770891e+03
1.120042253887729e-06 -3.736058810017591e-15 1.113410057377424e+03
1.158734356522472e-06 -3.865121772084313e-15 9.654202724372094e+02
1.197426459157212e-06 -3.994184734151024e-15 9.816914006243534e+02
1.236118561791952e-06 -4.123247696217734e-15 9.468246973661877e+02
1.274810664426692e-06 -4.252310658284445e-15 9.104083628521036e+02
1.313502767061435e-06 -4.381373620351167e-15 8.724423970821009e+02
1.352194869696175e-06 -4.510436582417877e-15 8.825150002455709e+02
1.390886972330915e-06 -4.639499544484587e-15 8.282779062884244e+02
1.429579074965655e-06 -4.768562506551298e-15 8.166556718690358e+02
1.468271177600395e-06 -4.897625468618009e-15 7.887623092625033e+02
1.506963280235141e-06 -5.026688430684741e-15 7.957356499141364e+02
1.545655382869881e-06 -5.155751392751452e-15 8.453238501035277e+02
1.584347485504621e-06 -5.284814354818163e-15 8.251786437765875e+02
1.623039588139361e-06 -5.413877316884873e-15 7.887623092625033e+02
1.661731690774101e-06 -5.542940278951583e-15 7.492467122365822e+02
1.700423793408841e-06 -5.672003241018294e-15 7.476970809806637e+02
1.739115896043581e-06 -5.801066203085005e-15 6.934599870235171e+02
1.777807998678327e-06 -5.930129165151738e-15 7.213533496300497e+02
1.816500101313067e-06 -6.059192127218448e-15 7.066318526988242e+02
1.855192203947807e-06 -6.188255089285159e-15 6.771888588363731e+02
1.893884306582547e-06 -6.317318051351870e-15 6.795133057202509e+02
1.932576409217287e-06 -6.446381013418579e-15 6.392228930663706e+02
1.971268511852027e-06 -6.575443975485290e-15 6.640169931610661e+02
2.009960614486767e-06 -6.704506937552001e-15 6.973340651633133e+02
2.048652717121514e-06 -6.833569899618734e-15 7.089562995827019e+02
2.087344819756253e-06 -6.962632861685444e-15 7.507963434925007e+02
2.126036922390993e-06 -7.091695823752155e-15 8.058082530776065e+02
2.164729025025733e-06 -7.220758785818866e-15 7.864378623786256e+02
2.203421127660473e-06 -7.349821747885576e-15 8.801905533616933e+02
2.242113230295213e-06 -7.478884709952287e-15 9.414009879704730e+02
2.280805332929953e-06 -7.607947672018997e-15 9.630958255533317e+02
2.319497435564700e-06 -7.737010634085730e-15 9.592217474135355e+02
2.358189538199440e-06 -7.866073596152440e-15 1.072344829095584e+03
2.396881640834179e-06 -7.995136558219152e-15 1.099463376074157e+03
2.435573743468919e-06 -8.124199520285862e-15 1.249002792270290e+03
2.474265846103659e-06 -8.253262482352572e-15 1.633311343738072e+03
2.512957948738399e-06 -8.382325444419283e-15 2.236892717918317e+03
2.551650051373139e-06 -8.511388406485993e-15 3.140327740118788e+03
2.590342154007886e-06 -8.640451368552727e-15 3.751657270578626e+03
2.629034256642626e-06 -8.769514330619436e-15 4.059259074878443e+03
2.667726359277365e-06 -8.898577292686148e-15 3.621488245081474e+03
2.706418461912105e-06 -9.027640254752858e-15 2.758343635534884e+03
2.745110564546845e-06 -9.156703216819568e-15 2.044738442184427e+03
2.783802667181585e-06 -9.285766178886279e-15 1.393893314698667e+03
2.822494769816325e-06 -9.414829140952989e-15 1.201739038964777e+03
2.861186872451072e-06 -9.543892103019723e-15 1.016558103882519e+03
2.899878975085812e-06 -9.672955065086433e-15 1.021206997650274e+03
2.938571077720552e-06 -9.802018027153144e-15 9.530232223898615e+02
2.977263180355291e-06 -9.931080989219854e-15 8.701179501982232e+02
3.015955282990031e-06 -1.006014395128656e-14 8.631446095465901e+02
3.054647385624771e-06 -1.018920691335328e-14 8.151060406131173e+02
3.093339488259511e-06 -1.031826987541999e-14 7.407237403290306e+02
3.132031590894258e-06 -1.044733283748672e-14 6.415473399502482e+02
3.170723693528998e-06 -1.057639579955343e-14 6.647918087890254e+02
3.209415796163738e-06 -1.070545876162014e-14 5.935087710167755e+02
3.248107898798478e-06 -1.083452172368685e-14 5.865354303651425e+02
3.286800001433217e-06 -1.096358468575356e-14 5.547679896188138e+02
3.325492104067957e-06 -1.109264764782027e-14 5.291990738961589e+02
3.364184206702697e-06 -1.122171060988698e-14 5.384968614316698e+02
3.402876309337444e-06 -1.135077357195371e-14 5.330731520359551e+02
3.441568411972184e-06 -1.147983653402042e-14 5.384968614316698e+02
3.480260514606924e-06 -1.160889949608714e-14 5.400464926875882e+02
3.518952617241664e-06 -1.173796245815385e-14 6.012569272963680e+02
3.557644719876404e-06 -1.186702542022056e-14 5.640657771543246e+02
3.596336822511143e-06 -1.199608838228727e-14 6.136539773437157e+02
3.635028925145883e-06 -1.212515134435398e-14 6.392228930663706e+02
3.673721027780630e-06 -1.225421430642071e-14 5.865354303651425e+02
3.712413130415370e-06 -1.238327726848742e-14 6.663414400449439e+02
3.751105233050110e-06 -1.251234023055413e-14 6.105547148318788e+02
3.789797335684850e-06 -1.264140319262084e-14 6.562688368814738e+02
3.828489438319590e-06 -1.277046615468755e-14 5.950584022726940e+02
3.867181540954330e-06 -1.289952911675426e-14 5.826613522253463e+02
3.905873643589069e-06 -1.302859207882097e-14 6.198525023673897e+02
3.944565746223816e-06 -1.315765504088771e-14 6.113295304598380e+02
3.983257848858556e-06 -1.328671800295442e-14 6.392228930663706e+02
4.021949951493296e-06 -1.341578096502113e-14 6.616925462771884e+02
4.060642054128036e-06 -1.354484392708784e-14 7.445978184688267e+02
4.099334156762776e-06 -1.367390688915455e-14 7.267770590257643e+02
4.138026259397516e-06 -1.380296985122126e-14 8.065830687055658e+02
4.176718362032256e-06 -1.393203281328797e-14 8.213045656367913e+02
4.215410464667002e-06 -1.406109577535470e-14 9.235802285274106e+02
4.254102567301742e-06 -1.419015873742141e-14 9.274543066672068e+02
4.292794669936482e-06 -1.431922169948812e-14 1.046775913372929e+03
4.331486772571222e-06 -1.444828466155484e-14 1.103337454213954e+03
4.370178875205962e-06 -1.457734762362154e-14 1.183918279521714e+03
4.408870977840702e-06 -1.470641058568826e-14 1.319511014414581e+03
4.447563080475442e-06 -1.483547354775497e-14 1.320285830042540e+03
4.486255183110188e-06 -1.496453650982170e-14 1.497718608845205e+03
4.524947285744928e-06 -1.509359947188841e-14 1.646483209413379e+03
4.563639388379668e-06 -1.522266243395512e-14 1.733262559744813e+03
4.602331491014408e-06 -1.535172539602183e-14 1.990501348227280e+03
4.641023593649148e-06 -1.548078835808854e-14 2.092777011117899e+03
4.679715696283888e-06 -1.560985132015525e-14 2.154762261354638e+03
4.718407798918628e-06 -1.573891428222196e-14 2.270209789920565e+03
4.757099901553374e-06 -1.586797724428869e-14 2.305076493178730e+03
4.795792004188114e-06 -1.599704020635541e-14 2.250839399221584e+03
4.834484106822854e-06 -1.612610316842212e-14 2.019944342089731e+03
4.873176209457594e-06 -1.625516613048883e-14 1.940138332409929e+03
4.911868312092334e-06 -1.638422909255554e-14 1.749533687931957e+03
4.950560414727074e-06 -1.651329205462225e-14 1.474474140006428e+03
4.989252517361814e-06 -1.664235501668896e-14 1.389244420930912e+03
5.027944619996560e-06 -1.677141797875569e-14 1.266823551713353e+03
5.066636722631300e-06 -1.690048094082240e-14 1.137429341844160e+03
5.105328825266040e-06 -1.702954390288911e-14 1.089390772910687e+03
5.144020927900780e-06 -1.715860686495582e-14 1.004935869463130e+03
5.182713030535520e-06 -1.728766982702253e-14 1.029729969557826e+03
5.221405133170260e-06 -1.741673278908924e-14 9.754928756006794e+02
5.260097235805000e-06 -1.754579575115596e-14 9.282291222951660e+02
5.298789338439747e-06 -1.767485871322269e-14 9.654202724372094e+02
5.337481441074486e-06 -1.780392167528940e-14 9.553476692737393e+02
5.376173543709226e-06 -1.793298463735611e-14 9.878899256480272e+02
5.414865646343966e-06 -1.806204759942282e-14 9.793669537404757e+02
5.453557748978706e-06 -1.819111056148953e-14 9.677447193210870e+02
5.492249851613446e-06 -1.832017352355624e-14 1.011909210114764e+03
5.530941954248186e-06 -1.844923648562295e-14 1.032054416441704e+03
5.569634056882933e-06 -1.857829944768968e-14 1.097913744818239e+03
5.608326159517673e-06 -1.870736240975639e-14 1.159898995054978e+03
5.647018262152412e-06 -1.883642537182310e-14 1.238930189106820e+03
5.685710364787152e-06 -1.896548833388982e-14 1.500817871357042e+03
5.724402467421892e-06 -1.909455129595652e-14 1.727838850349098e+03
5.763094570056632e-06 -1.922361425802324e-14 1.987402085715443e+03
5.801786672691372e-06 -1.935267722008995e-14 2.208999355311785e+03
5.840478775326119e-06 -1.948174018215668e-14 2.214423064707500e+03
5.879170877960859e-06 -1.961080314422339e-14 1.899073104128090e+03
5.917862980595599e-06 -1.973986610629010e-14 1.635635790621949e+03
5.956555083230338e-06 -1.986892906835681e-14 1.364450320836216e+03
5.995247185865078e-06 -1.999799203042352e-14 1.193990882685184e+03
6.033939288499818e-06 -2.012705499249023e-14 1.107986347981709e+03
6.072631391134558e-06 -2.025611795455694e-14 1.001836606951293e+03
6.111323493769305e-06 -2.038518091662368e-14 9.832410318802717e+02
6.150015596404045e-06 -2.051424387869039e-14 8.716675814541417e+02
6.188707699038785e-06 -2.064330684075710e-14 8.894883408972041e+02
6.227399801673524e-06 -2.077236980282381e-14 8.135564093571988e+02
6.266091904308264e-06 -2.090143276489052e-14 7.833385998667886e+02
6.304784006943004e-06 -2.103049572695723e-14 7.802393373549517e+02
6.343476109577744e-06 -2.115955868902394e-14 7.670674716796447e+02
6.382168212212491e-06 -2.128862165109067e-14 7.244526121418867e+02
6.420860314847231e-06 -2.141768461315738e-14 7.631933935398484e+02
6.459552417481971e-06 -2.154674757522409e-14 7.492467122365822e+02
6.498244520116711e-06 -2.167581053729080e-14 7.879874936345441e+02
6.536936622751450e-06 -2.180487349935751e-14 7.670674716796447e+02
6.575628725386190e-06 -2.193393646142422e-14 8.058082530776065e+02
6.614320828020937e-06 -2.206299942349096e-14 8.732172127100602e+02
6.653012930655677e-06 -2.219206238555767e-14 9.266794910392475e+02
6.691705033290417e-06 -2.232112534762438e-14 9.669699036931278e+02
6.730397135925157e-06 -2.245018830969109e-14 1.097138929190280e+03
6.769089238559897e-06 -2.257925127175780e-14 1.180819017009877e+03
6.807781341194637e-06 -2.270831423382451e-14 1.265273920457434e+03
6.846473443829376e-06 -2.283737719589122e-14 1.329583617578051e+03
6.885165546464123e-06 -2.296644015795795e-14 1.501592686985001e+03
6.923857649098863e-06 -2.309550312002467e-14 1.627112818714398e+03
6.962549751733603e-06 -2.322456608209137e-14 1.826240435099922e+03
7.001241854368343e-06 -2.335362904415809e-14 1.878927897801150e+03
7.039933957003083e-06 -2.348269200622480e-14 2.141590395679331e+03
7.078626059637823e-06 -2.361175496829151e-14 2.530547840914868e+03
7.117318162272563e-06 -2.374081793035822e-14 3.539357788517795e+03
7.156010264907309e-06 -2.386988089242495e-14 4.490056564023778e+03
7.194702367542049e-06 -2.399894385449166e-14 4.899934031214215e+03
7.233394470176789e-06 -2.412800681655837e-14 4.189428100375595e+03
7.272086572811529e-06 -2.425706977862508e-14 2.694033938414267e+03
7.310778675446269e-06 -2.438613274069179e-14 1.603093534247661e+03
7.349470778081009e-06 -2.451519570275850e-14 1.176944938870081e+03
7.388162880715749e-06 -2.464425866482521e-14 1.025855891418030e+03
7.426854983350495e-06 -2.477332162689195e-14 9.530232223898615e+02
7.465547085985235e-06 -2.490238458895866e-14 9.251298597833290e+02
7.504239188619975e-06 -2.503144755102537e-14 9.506987755059838e+02
7.542931291254715e-06 -2.516051051309208e-14 9.654202724372094e+02
7.581623393889455e-06 -2.528957347515879e-14 9.894395569039457e+02
7.620315496524195e-06 -2.541863643722550e-14 1.062272225932114e+03
7.659007599158935e-06 -2.554769939929221e-14 1.092490035422524e+03
7.697699701793681e-06 -2.567676236135894e-14 1.098688560446198e+03
7.736391804428421e-06 -2.580582532342565e-14 1.095589297934361e+03
7.775083907063161e-06 -2.593488828549236e-14 1.062272225932114e+03
7.813776009697901e-06 -2.606395124755907e-14 1.085516694770891e+03
7.852468112332641e-06 -2.619301420962578e-14 1.021206997650274e+03
7.891160214967381e-06 -2.632207717169249e-14 1.153700470031304e+03
7.929852317602121e-06 -2.645114013375920e-14 1.121933029284975e+03
7.968544420236867e-06 -2.658020309582594e-14 1.310988042507029e+03
8.007236522871607e-06 -2.670926605789265e-14 1.627112818714398e+03
8.045928625506347e-06 -2.683832901995936e-14 2.272534236804442e+03
8.084620728141087e-06 -2.696739198202607e-14 3.321634597061249e+03
8.123312830775827e-06 -2.709645494409278e-14 4.682210839757669e+03
8.162004933410567e-06 -2.722551790615949e-14 5.511263561674053e+03
8.200697036045307e-06 -2.735458086822620e-14 5.460900545856703e+03
8.239389138680054e-06 -2.748364383029293e-14 3.908170027426392e+03
8.278081241314793e-06 -2.761270679235965e-14 2.606479772454873e+03
8.316773343949533e-06 -2.774176975442635e-14 1.692972147090933e+03
8.355465446584273e-06 -2.787083271649307e-14 1.418687414793363e+03
8.394157549219013e-06 -2.799989567855978e-14 1.356702164556624e+03
8.432849651853753e-06 -2.812895864062649e-14 1.386919974047034e+03
8.471541754488493e-06 -2.825802160269320e-14 1.411714074141730e+03
8.510233857123240e-06 -2.838708456475993e-14 1.533360127731330e+03
8.548925959757980e-06 -2.851614752682664e-14 1.898298288500131e+03
8.587618062392719e-06 -2.864521048889335e-14 2.443768490583434e+03
8.626310165027459e-06 -2.877427345096006e-14 3.144201818258584e+03
8.665002267662199e-06 -2.890333641302677e-14 4.089476884368853e+03
8.703694370296939e-06 -2.903239937509348e-14 4.683760471013588e+03
8.742386472931679e-06 -2.916146233716019e-14 4.638046348963993e+03
8.781078575566426e-06 -2.929052529922693e-14 4.148362872093755e+03
8.819770678201166e-06 -2.941958826129363e-14 3.737710589275359e+03
8.858462780835906e-06 -2.954865122336035e-14 3.240278956125529e+03
8.897154883470645e-06 -2.967771418542706e-14 2.907883051731017e+03
8.935846986105385e-06 -2.980677714749377e-14 2.780038473117742e+03
8.974539088740125e-06 -2.993584010956048e-14 2.778488841861824e+03
9.013231191374865e-06 -3.006490307162719e-14 2.852096326517952e+03
9.051923294009612e-06 -3.019396603369392e-14 3.113209193140214e+03
9.090615396644352e-06 -3.032302899576063e-14 3.446379913162687e+03
9.129307499279092e-06 -3.045209195782735e-14 3.848509224073530e+03
9.167999601913832e-06 -3.058115491989405e-14 4.187878469119676e+03
9.206691704548571e-06 -3.071021788196076e-14 4.190977731631513e+03
9.245383807183311e-06 -3.083928084402748e-14 3.981777512082519e+03
9.284075909818051e-06 -3.096834380609419e-14 3.430108784975542e+03
9.322768012452798e-06 -3.109740676816092e-14 2.525124131519154e+03
9.361460115087538e-06 -3.122646973022763e-14 1.736361822256650e+03
9.400152217722278e-06 -3.135553269229434e-14 1.016558103882519e+03
9.438844320357018e-06 -3.148459565436105e-14 4.858093987304416e+02
9.477536422991758e-06 -3.161365861642776e-14 2.107498508049125e+02
9.516228525626497e-06 -3.174272157849447e-14 6.353488149265744e+01
9.554920628261237e-06 -3.187178454056118e-14 1.007260316347008e+01
