-2.990873713315523e-05 9.976480840340296e-14 0.000000000000000e+00
-2.986940440518993e-05 9.963360854524875e-14 0.000000000000000e+00
-2.983007167722462e-05 9.950240868709453e-14 0.000000000000000e+00
-2.979073894925932e-05 9.937120882894032e-14 7.621959459930300e+00
-2.975140622129402e-05 9.924000897078611e-14 6.859763513937270e+00
-2.971207349332872e-05 9.910880911263191e-14 3.810979729965150e+00
-2.967274076536341e-05 9.897760925447769e-14 3.810979729965150e+00
-2.963340803739811e-05 9.884640939632348e-14 0.000000000000000e+00
-2.959407530943281e-05 9.871520953816927e-14 0.000000000000000e+00
-2.955474258146751e-05 9.858400968001505e-14 0.000000000000000e+00
-2.951540985350221e-05 9.845280982186084e-14 0.000000000000000e+00
-2.947607712553690e-05 9.832160996370663e-14 0.000000000000000e+00
-2.943674439757160e-05 9.819041010555243e-14 2.286587837979090e+00
-2.939741166960630e-05 9.805921024739822e-14 0.000000000000000e+00
-2.935807894164100e-05 9.792801038924401e-14 0.000000000000000e+00
-2.931874621367570e-05 9.779681053108980e-14 0.000000000000000e+00
-2.927941348571039e-05 9.766561067293558e-14 0.000000000000000e+00
-2.924008075774509e-05 9.753441081478138e-14 0.000000000000000e+00
-2.920074802977979e-05 9.740321095662717e-14 0.000000000000000e+00
-2.916141530181449e-05 9.727201109847296e-14 2.286587837979090e+00
-2.912208257384918e-05 9.714081124031874e-14 2.286587837979090e+00
-2.908274984588388e-05 9.700961138216453e-14 1.143293918989545e+01
-2.904341711791858e-05 9.687841152401032e-14 8.384155405923330e+00
-2.900408438995328e-05 9.674721166585610e-14 2.286587837979090e+00
-2.896475166198797e-05 9.661601180770190e-14 3.810979729965150e+00
-2.892541893402267e-05 9.648481194954769e-14 0.000000000000000e+00
-2.888608620605737e-05 9.635361209139348e-14 0.000000000000000e+00
-2.884675347809207e-05 9.622241223323926e-14 2.286587837979090e+00
-2.880742075012677e-05 9.609121237508505e-14 3.048783783972120e+00
-2.876808802216147e-05 9.596001251693084e-14 0.000000000000000e+00
-2.872875529419616e-05 9.582881265877662e-14 0.000000000000000e+00
-2.868942256623086e-05 9.569761280062242e-14 0.000000000000000e+00
-2.865008983826556e-05 9.556641294246821e-14 0.000000000000000e+00
-2.861075711030025e-05 9.543521308431400e-14 0.000000000000000e+00
-2.857142438233495e-05 9.530401322615979e-14 0.000000000000000e+00
-2.853209165436965e-05 9.517281336800559e-14 2.286587837979090e+00
-2.849275892640435e-05 9.504161350985138e-14 3.048783783972120e+00
-2.845342619843905e-05 9.491041365169716e-14 9.908547297909390e+00
-2.841409347047374e-05 9.477921379354295e-14 1.676831081184666e+01
-2.837476074250844e-05 9.464801393538874e-14 3.048783783972120e+00
-2.833542801454314e-05 9.451681407723452e-14 0.000000000000000e+00
-2.829609528657784e-05 9.438561421908031e-14 2.286587837979090e+00
-2.825676255861254e-05 9.425441436092611e-14 3.810979729965150e+00
-2.821742983064724e-05 9.412321450277190e-14 0.000000000000000e+00
-2.817809710268193e-05 9.399201464461768e-14 0.000000000000000e+00
-2.813876437471663e-05 9.386081478646347e-14 2.286587837979090e+00
-2.809943164675133e-05 9.372961492830926e-14 5.335371621951210e+00
-2.806009891878602e-05 9.359841507015504e-14 3.810979729965150e+00
-2.802076619082072e-05 9.346721521200083e-14 2.286587837979090e+00
-2.798143346285542e-05 9.333601535384663e-14 2.286587837979090e+00
-2.794210073489012e-05 9.320481549569242e-14 2.286587837979090e+00
-2.790276800692482e-05 9.307361563753820e-14 2.286587837979090e+00
-2.786343527895951e-05 9.294241577938399e-14 6.859763513937270e+00
-2.782410255099421e-05 9.281121592122978e-14 6.097567567944240e+00
-2.778476982302891e-05 9.268001606307558e-14 1.143293918989545e+01
-2.774543709506361e-05 9.254881620492137e-14 1.295733108188151e+01
-2.770610436709831e-05 9.241761634676716e-14 6.097567567944240e+00
-2.766677163913300e-05 9.228641648861295e-14 4.573175675958180e+00
-2.762743891116770e-05 9.215521663045873e-14 2.286587837979090e+00
-2.758810618320240e-05 9.202401677230452e-14 3.810979729965150e+00
-2.754877345523710e-05 9.189281691415032e-14 3.048783783972120e+00
-2.750944072727179e-05 9.176161705599610e-14 3.810979729965150e+00
-2.747010799930649e-05 9.163041719784189e-14 0.000000000000000e+00
-2.743077527134119e-05 9.149921733968768e-14 4.573175675958180e+00
-2.739144254337589e-05 9.136801748153347e-14 4.573175675958180e+00
-2.735210981541058e-05 9.123681762337925e-14 6.859763513937270e+00
-2.731277708744528e-05 9.110561776522504e-14 3.810979729965150e+00
-2.727344435947998e-05 9.097441790707084e-14 5.335371621951210e+00
-2.723411163151468e-05 9.084321804891662e-14 4.573175675958180e+00
-2.719477890354938e-05 9.071201819076241e-14 1.371952702787454e+01
-2.715544617558408e-05 9.058081833260820e-14 1.524391891986060e+01
-2.711611344761877e-05 9.044961847445399e-14 9.146351351916360e+00
-2.707678071965347e-05 9.031841861629977e-14 6.859763513937270e+00
-2.703744799168817e-05 9.018721875814557e-14 6.097567567944240e+00
-2.699811526372287e-05 9.005601889999136e-14 6.859763513937270e+00
-2.695878253575756e-05 8.992481904183715e-14 7.621959459930300e+00
-2.691944980779226e-05 8.979361918368294e-14 3.810979729965150e+00
-2.688011707982696e-05 8.966241932552873e-14 5.335371621951210e+00
-2.684078435186166e-05 8.953121946737453e-14 3.810979729965150e+00
-2.680145162389635e-05 8.940001960922031e-14 4.573175675958180e+00
-2.676211889593105e-05 8.926881975106610e-14 3.810979729965150e+00
-2.672278616796575e-05 8.913761989291189e-14 6.097567567944240e+00
-2.668345344000045e-05 8.900642003475767e-14 4.573175675958180e+00
-2.664412071203515e-05 8.887522017660346e-14 7.621959459930300e+00
-2.660478798406984e-05 8.874402031844926e-14 1.295733108188151e+01
-2.656545525610454e-05 8.861282046029505e-14 1.067074324390242e+01
-2.652612252813924e-05 8.848162060214083e-14 1.295733108188151e+01
-2.648678980017394e-05 8.835042074398662e-14 1.143293918989545e+01
-2.644745707220864e-05 8.821922088583241e-14 1.219513513588848e+01
-2.640812434424333e-05 8.808802102767819e-14 6.859763513937270e+00
-2.636879161627803e-05 8.795682116952398e-14 5.335371621951210e+00
-2.632945888831273e-05 8.782562131136978e-14 7.621959459930300e+00
-2.629012616034743e-05 8.769442145321557e-14 4.573175675958180e+00
-2.625079343238212e-05 8.756322159506135e-14 6.859763513937270e+00
-2.621146070441682e-05 8.743202173690714e-14 4.573175675958180e+00
-2.617212797645152e-05 8.730082187875294e-14 7.621959459930300e+00
-2.613279524848622e-05 8.716962202059872e-14 5.335371621951210e+00
-2.609346252052092e-05 8.703842216244452e-14 1.067074324390242e+01
-2.605412979255561e-05 8.690722230429031e-14 6.859763513937270e+00
-2.601479706459031e-05 8.677602244613610e-14 9.146351351916360e+00
-2.597546433662501e-05 8.664482258798188e-14 1.371952702787454e+01
-2.593613160865971e-05 8.651362272982767e-14 1.295733108188151e+01
-2.589679888069441e-05 8.638242287167347e-14 1.981709459581878e+01
-2.585746615272910e-05 8.625122301351924e-14 9.146351351916360e+00
-2.581813342476380e-05 8.612002315536504e-14 9.908547297909390e+00
-2.577880069679850e-05 8.598882329721083e-14 9.146351351916360e+00
-2.573946796883320e-05 8.585762343905662e-14 8.384155405923330e+00
-2.570013524086789e-05 8.572642358090240e-14 5.335371621951210e+00
-2.566080251290259e-05 8.559522372274819e-14 7.621959459930300e+00
-2.562146978493729e-05 8.546402386459399e-14 6.097567567944240e+00
-2.558213705697199e-05 8.533282400643977e-14 6.097567567944240e+00
-2.554280432900669e-05 8.520162414828556e-14 1.067074324390242e+01
-2.550347160104138e-05 8.507042429013135e-14 7.621959459930300e+00
-2.546413887307608e-05 8.493922443197714e-14 9.908547297909390e+00
-2.542480614511078e-05 8.480802457382293e-14 9.146351351916360e+00
-2.538547341714548e-05 8.467682471566873e-14 9.908547297909390e+00
-2.534614068918018e-05 8.454562485751452e-14 1.371952702787454e+01
-2.530680796121487e-05 8.441442499936030e-14 1.371952702787454e+01
-2.526747523324957e-05 8.428322514120609e-14 2.210368243379787e+01
-2.522814250528427e-05 8.415202528305188e-14 2.134148648780484e+01
-2.518880977731897e-05 8.402082542489768e-14 1.067074324390242e+01
-2.514947704935366e-05 8.388962556674346e-14 8.384155405923330e+00
-2.511014432138836e-05 8.375842570858925e-14 1.143293918989545e+01
-2.507081159342306e-05 8.362722585043504e-14 9.908547297909390e+00
-2.503147886545776e-05 8.349602599228082e-14 1.067074324390242e+01
-2.499214613749245e-05 8.336482613412661e-14 8.384155405923330e+00
-2.495281340952715e-05 8.323362627597240e-14 8.384155405923330e+00
-2.491348068156185e-05 8.310242641781820e-14 8.384155405923330e+00
-2.487414795359655e-05 8.297122655966398e-14 1.143293918989545e+01
-2.483481522563125e-05 8.284002670150977e-14 8.384155405923330e+00
-2.479548249766595e-05 8.270882684335556e-14 1.143293918989545e+01
-2.475614976970064e-05 8.257762698520134e-14 1.600611486585363e+01
-2.471681704173534e-05 8.244642712704713e-14 1.829270270383272e+01
-2.467748431377004e-05 8.231522726889292e-14 2.134148648780484e+01
-2.463815158580474e-05 8.218402741073872e-14 1.753050675783969e+01
-2.459881885783943e-05 8.205282755258451e-14 1.524391891986060e+01
-2.455948612987413e-05 8.192162769443030e-14 1.524391891986060e+01
-2.452015340190883e-05 8.179042783627609e-14 1.448172297386757e+01
-2.448082067394353e-05 8.165922797812187e-14 1.067074324390242e+01
-2.444148794597822e-05 8.152802811996767e-14 1.371952702787454e+01
-2.440215521801292e-05 8.139682826181346e-14 9.908547297909390e+00
-2.436282249004762e-05 8.126562840365925e-14 7.621959459930300e+00
-2.432348976208232e-05 8.113442854550503e-14 1.067074324390242e+01
-2.428415703411702e-05 8.100322868735082e-14 1.219513513588848e+01
-2.424482430615171e-05 8.087202882919661e-14 9.908547297909390e+00
-2.420549157818641e-05 8.074082897104239e-14 1.067074324390242e+01
-2.416615885022111e-05 8.060962911288819e-14 1.905489864982575e+01
-2.412682612225581e-05 8.047842925473398e-14 1.295733108188151e+01
-2.408749339429051e-05 8.034722939657977e-14 2.134148648780484e+01
-2.404816066632520e-05 8.021602953842555e-14 1.981709459581878e+01
-2.400882793835990e-05 8.008482968027134e-14 2.439027027177696e+01
-2.396949521039460e-05 7.995362982211713e-14 1.753050675783969e+01
-2.393016248242930e-05 7.982242996396291e-14 2.057929054181181e+01
-2.389082975446399e-05 7.969123010580871e-14 1.371952702787454e+01
-2.385149702649869e-05 7.956003024765450e-14 1.219513513588848e+01
-2.381216429853339e-05 7.942883038950029e-14 9.908547297909390e+00
-2.377283157056809e-05 7.929763053134608e-14 1.295733108188151e+01
-2.373349884260279e-05 7.916643067319188e-14 1.295733108188151e+01
-2.369416611463748e-05 7.903523081503767e-14 1.371952702787454e+01
-2.365483338667218e-05 7.890403095688345e-14 1.600611486585363e+01
-2.361550065870688e-05 7.877283109872924e-14 1.371952702787454e+01
-2.357616793074158e-05 7.864163124057503e-14 1.753050675783969e+01
-2.353683520277628e-05 7.851043138242082e-14 1.219513513588848e+01
-2.349750247481097e-05 7.837923152426660e-14 1.905489864982575e+01
-2.345816974684567e-05 7.824803166611240e-14 2.439027027177696e+01
-2.341883701888037e-05 7.811683180795819e-14 1.981709459581878e+01
-2.337950429091506e-05 7.798563194980397e-14 2.057929054181181e+01
-2.334017156294976e-05 7.785443209164976e-14 1.753050675783969e+01
-2.330083883498446e-05 7.772323223349555e-14 1.829270270383272e+01
-2.326150610701916e-05 7.759203237534134e-14 2.743905405574908e+01
-2.322217337905386e-05 7.746083251718712e-14 1.219513513588848e+01
-2.318284065108856e-05 7.732963265903292e-14 1.753050675783969e+01
-2.314350792312325e-05 7.719843280087870e-14 1.524391891986060e+01
-2.310417519515795e-05 7.706723294272449e-14 1.448172297386757e+01
-2.306484246719265e-05 7.693603308457028e-14 1.676831081184666e+01
-2.302550973922735e-05 7.680483322641607e-14 1.600611486585363e+01
-2.298617701126205e-05 7.667363336826188e-14 1.676831081184666e+01
-2.294684428329674e-05 7.654243351010766e-14 9.146351351916360e+00
-2.290751155533144e-05 7.641123365195345e-14 2.515246621776999e+01
-2.286817882736614e-05 7.628003379379923e-14 2.362807432578393e+01
-2.282884609940083e-05 7.614883393564502e-14 2.667685810975605e+01
-2.278951337143553e-05 7.601763407749081e-14 3.125003378571423e+01
-2.275018064347023e-05 7.588643421933661e-14 1.981709459581878e+01
-2.271084791550493e-05 7.575523436118240e-14 2.515246621776999e+01
-2.267151518753963e-05 7.562403450302818e-14 1.829270270383272e+01
-2.263218245957432e-05 7.549283464487397e-14 2.210368243379787e+01
-2.259284973160902e-05 7.536163478671975e-14 1.448172297386757e+01
-2.255351700364372e-05 7.523043492856554e-14 1.981709459581878e+01
-2.251418427567842e-05 7.509923507041133e-14 1.753050675783969e+01
-2.247485154771312e-05 7.496803521225713e-14 1.829270270383272e+01
-2.243551881974782e-05 7.483683535410292e-14 1.600611486585363e+01
-2.239618609178251e-05 7.470563549594870e-14 1.753050675783969e+01
-2.235685336381721e-05 7.457443563779449e-14 1.981709459581878e+01
-2.231752063585190e-05 7.444323577964027e-14 1.600611486585363e+01
-2.227818790788660e-05 7.431203592148606e-14 2.210368243379787e+01
-2.223885517992130e-05 7.418083606333187e-14 2.743905405574908e+01
-2.219952245195600e-05 7.404963620517766e-14 2.057929054181181e+01
-2.216018972399070e-05 7.391843634702345e-14 2.591466216376302e+01
-2.212085699602540e-05 7.378723648886923e-14 3.658540540766544e+01
-2.208152426806009e-05 7.365603663071502e-14 2.591466216376302e+01
-2.204219154009479e-05 7.352483677256080e-14 2.134148648780484e+01
-2.200285881212949e-05 7.339363691440660e-14 2.667685810975605e+01
-2.196352608416419e-05 7.326243705625239e-14 2.210368243379787e+01
-2.192419335619889e-05 7.313123719809818e-14 1.676831081184666e+01
-2.188486062823358e-05 7.300003733994397e-14 1.448172297386757e+01
-2.184552790026828e-05 7.286883748178975e-14 2.591466216376302e+01
-2.180619517230298e-05 7.273763762363554e-14 2.591466216376302e+01
-2.176686244433767e-05 7.260643776548132e-14 1.371952702787454e+01
-2.172752971637237e-05 7.247523790732712e-14 2.210368243379787e+01
-2.168819698840707e-05 7.234403804917291e-14 2.134148648780484e+01
-2.164886426044177e-05 7.221283819101870e-14 2.972564189372817e+01
-2.160953153247647e-05 7.208163833286449e-14 2.667685810975605e+01
-2.157019880451116e-05 7.195043847471027e-14 2.896344594773514e+01
-2.153086607654586e-05 7.181923861655607e-14 3.506101351567938e+01
-2.149153334858056e-05 7.168803875840186e-14 3.506101351567938e+01
-2.145220062061526e-05 7.155683890024765e-14 2.896344594773514e+01
-2.141286789264996e-05 7.142563904209344e-14 3.048783783972120e+01
-2.137353516468466e-05 7.129443918393923e-14 1.905489864982575e+01
-2.133420243671935e-05 7.116323932578503e-14 3.125003378571423e+01
-2.129486970875405e-05 7.103203946763081e-14 2.057929054181181e+01
-2.125553698078875e-05 7.090083960947660e-14 2.057929054181181e+01
-2.121620425282344e-05 7.076963975132238e-14 2.134148648780484e+01
-2.117687152485814e-05 7.063843989316817e-14 2.286587837979090e+01
-2.113753879689284e-05 7.050724003501396e-14 2.591466216376302e+01
-2.109820606892754e-05 7.037604017685975e-14 2.439027027177696e+01
-2.105887334096224e-05 7.024484031870555e-14 2.515246621776999e+01
-2.101954061299693e-05 7.011364046055133e-14 2.515246621776999e+01
-2.098020788503163e-05 6.998244060239712e-14 3.582320946167241e+01
-2.094087515706633e-05 6.985124074424290e-14 3.810979729965150e+01
-2.090154242910103e-05 6.972004088608869e-14 3.125003378571423e+01
-2.086220970113573e-05 6.958884102793448e-14 3.734760135365847e+01
-2.082287697317043e-05 6.945764116978028e-14 3.048783783972120e+01
-2.078354424520512e-05 6.932644131162607e-14 3.277442567770029e+01
-2.074421151723982e-05 6.919524145347185e-14 2.896344594773514e+01
-2.070487878927452e-05 6.906404159531764e-14 2.743905405574908e+01
-2.066554606130921e-05 6.893284173716343e-14 2.896344594773514e+01
-2.062621333334391e-05 6.880164187900922e-14 3.353662162369332e+01
-2.058688060537861e-05 6.867044202085502e-14 2.057929054181181e+01
-2.054754787741331e-05 6.853924216270081e-14 2.972564189372817e+01
-2.050821514944801e-05 6.840804230454660e-14 2.667685810975605e+01
-2.046888242148270e-05 6.827684244639238e-14 2.286587837979090e+01
-2.042954969351740e-05 6.814564258823817e-14 3.048783783972120e+01
-2.039021696555210e-05 6.801444273008395e-14 3.048783783972120e+01
-2.035088423758680e-05 6.788324287192974e-14 4.192077702961665e+01
-2.031155150962150e-05 6.775204301377554e-14 3.353662162369332e+01
-2.027221878165619e-05 6.762084315562133e-14 3.810979729965150e+01
-2.023288605369089e-05 6.748964329746712e-14 4.039638513763059e+01
-2.019355332572559e-05 6.735844343931290e-14 3.582320946167241e+01
-2.015422059776029e-05 6.722724358115869e-14 3.048783783972120e+01
-2.011488786979498e-05 6.709604372300447e-14 3.734760135365847e+01
-2.007555514182968e-05 6.696484386485027e-14 3.658540540766544e+01
-2.003622241386438e-05 6.683364400669606e-14 2.972564189372817e+01
-1.999688968589908e-05 6.670244414854185e-14 2.743905405574908e+01
-1.995755695793378e-05 6.657124429038764e-14 3.201222973170726e+01
-1.991822422996847e-05 6.644004443223342e-14 2.896344594773514e+01
-1.987889150200317e-05 6.630884457407921e-14 2.896344594773514e+01
-1.983955877403787e-05 6.617764471592501e-14 2.743905405574908e+01
-1.980022604607257e-05 6.604644485777080e-14 3.810979729965150e+01
-1.976089331810727e-05 6.591524499961659e-14 3.277442567770029e+01
-1.972156059014196e-05 6.578404514146238e-14 4.573175675958180e+01
-1.968222786217666e-05 6.565284528330818e-14 4.420736486759574e+01
-1.964289513421136e-05 6.552164542515395e-14 3.810979729965150e+01
-1.960356240624606e-05 6.539044556699975e-14 4.878054054355392e+01
-1.956422967828075e-05 6.525924570884553e-14 3.658540540766544e+01
-1.952489695031545e-05 6.512804585069132e-14 3.506101351567938e+01
-1.948556422235015e-05 6.499684599253711e-14 3.810979729965150e+01
-1.944623149438485e-05 6.486564613438290e-14 3.963418919163756e+01
-1.940689876641955e-05 6.473444627622870e-14 2.972564189372817e+01
-1.936756603845424e-05 6.460324641807448e-14 2.820125000174211e+01
-1.932823331048894e-05 6.447204655992027e-14 3.201222973170726e+01
-1.928890058252364e-05 6.434084670176605e-14 3.506101351567938e+01
-1.924956785455834e-05 6.420964684361184e-14 4.420736486759574e+01
-1.921023512659303e-05 6.407844698545763e-14 3.125003378571423e+01
-1.917090239862773e-05 6.394724712730342e-14 4.420736486759574e+01
-1.913156967066243e-05 6.381604726914922e-14 3.277442567770029e+01
-1.909223694269713e-05 6.368484741099500e-14 4.725614865156786e+01
-1.905290421473183e-05 6.355364755284079e-14 3.963418919163756e+01
-1.901357148676652e-05 6.342244769468658e-14 3.658540540766544e+01
-1.897423875880122e-05 6.329124783653237e-14 5.259152027351907e+01
-1.893490603083592e-05 6.316004797837817e-14 4.344516892160271e+01
-1.889557330287062e-05 6.302884812022396e-14 3.582320946167241e+01
-1.885624057490532e-05 6.289764826206975e-14 4.192077702961665e+01
-1.881690784694001e-05 6.276644840391553e-14 4.649395270557483e+01
-1.877757511897471e-05 6.263524854576131e-14 2.820125000174211e+01
-1.873824239100941e-05 6.250404868760710e-14 3.810979729965150e+01
-1.869890966304411e-05 6.237284882945289e-14 3.429881756968635e+01
-1.865957693507880e-05 6.224164897129869e-14 3.810979729965150e+01
-1.862024420711350e-05 6.211044911314448e-14 3.734760135365847e+01
-1.858091147914820e-05 6.197924925499027e-14 3.734760135365847e+01
-1.854157875118290e-05 6.184804939683605e-14 4.573175675958180e+01
-1.850224602321759e-05 6.171684953868183e-14 4.268297297560968e+01
-1.846291329525229e-05 6.158564968052762e-14 4.954273648954695e+01
-1.842358056728699e-05 6.145444982237341e-14 4.954273648954695e+01
-1.838424783932169e-05 6.132324996421921e-14 4.725614865156786e+01
-1.834491511135639e-05 6.119205010606500e-14 4.496956081358877e+01
-1.830558238339109e-05 6.106085024791079e-14 4.268297297560968e+01
-1.826624965542578e-05 6.092965038975658e-14 5.335371621951210e+01
-1.822691692746048e-05 6.079845053160236e-14 4.115858108362362e+01
-1.818758419949518e-05 6.066725067344815e-14 4.801834459756089e+01
-1.814825147152988e-05 6.053605081529395e-14 3.810979729965150e+01
-1.810891874356457e-05 6.040485095713974e-14 5.030493243553998e+01
-1.806958601559927e-05 6.027365109898553e-14 3.734760135365847e+01
-1.803025328763397e-05 6.014245124083132e-14 3.810979729965150e+01
-1.799092055966867e-05 6.001125138267710e-14 4.268297297560968e+01
-1.795158783170336e-05 5.988005152452288e-14 4.420736486759574e+01
-1.791225510373806e-05 5.974885166636868e-14 4.420736486759574e+01
-1.787292237577276e-05 5.961765180821447e-14 5.182932432752604e+01
-1.783358964780746e-05 5.948645195006026e-14 4.496956081358877e+01
-1.779425691984216e-05 5.935525209190605e-14 5.792689189547028e+01
-1.775492419187686e-05 5.922405223375184e-14 5.411591216550513e+01
-1.771559146391155e-05 5.909285237559762e-14 6.250006757142846e+01
-1.767625873594625e-05 5.896165251744340e-14 5.030493243553998e+01
-1.763692600798095e-05 5.883045265928920e-14 5.030493243553998e+01
-1.759759328001564e-05 5.869925280113499e-14 5.335371621951210e+01
-1.755826055205034e-05 5.856805294298078e-14 4.878054054355392e+01
-1.751892782408504e-05 5.843685308482657e-14 3.277442567770029e+01
-1.747959509611974e-05 5.830565322667237e-14 4.496956081358877e+01
-1.744026236815444e-05 5.817445336851816e-14 5.259152027351907e+01
-1.740092964018913e-05 5.804325351036394e-14 4.573175675958180e+01
-1.736159691222383e-05 5.791205365220973e-14 4.801834459756089e+01
-1.732226418425853e-05 5.778085379405552e-14 5.716469594947725e+01
-1.728293145629323e-05 5.764965393590131e-14 6.097567567944240e+01
-1.724359872832793e-05 5.751845407774711e-14 5.030493243553998e+01
-1.720426600036263e-05 5.738725421959290e-14 4.573175675958180e+01
-1.716493327239732e-05 5.725605436143868e-14 6.326226351742149e+01
-1.712560054443202e-05 5.712485450328446e-14 7.088422297735178e+01
-1.708626781646672e-05 5.699365464513025e-14 6.707324324738664e+01
-1.704693508850141e-05 5.686245478697604e-14 6.402445946341452e+01
-1.700760236053611e-05 5.673125492882183e-14 5.487810811149816e+01
-1.696826963257081e-05 5.660005507066763e-14 5.411591216550513e+01
-1.692893690460551e-05 5.646885521251342e-14 5.792689189547028e+01
-1.688960417664021e-05 5.633765535435920e-14 6.326226351742149e+01
-1.685027144867490e-05 5.620645549620498e-14 5.487810811149816e+01
-1.681093872070960e-05 5.607525563805078e-14 5.716469594947725e+01
-1.677160599274430e-05 5.594405577989657e-14 5.411591216550513e+01
-1.673227326477900e-05 5.581285592174236e-14 5.411591216550513e+01
-1.669294053681370e-05 5.568165606358815e-14 5.106712838153301e+01
-1.665360780884839e-05 5.555045620543393e-14 5.259152027351907e+01
-1.661427508088309e-05 5.541925634727973e-14 6.478665540940754e+01
-1.657494235291779e-05 5.528805648912551e-14 5.259152027351907e+01
-1.653560962495249e-05 5.515685663097130e-14 7.621959459930299e+01
-1.649627689698718e-05 5.502565677281710e-14 7.240861486933785e+01
-1.645694416902188e-05 5.489445691466289e-14 7.088422297735178e+01
-1.641761144105658e-05 5.476325705650868e-14 5.868908784146331e+01
-1.637827871309128e-05 5.463205719835446e-14 6.935983108536573e+01
-1.633894598512598e-05 5.450085734020025e-14 6.326226351742149e+01
-1.629961325716067e-05 5.436965748204603e-14 6.478665540940754e+01
-1.626028052919537e-05 5.423845762389182e-14 7.774398649128906e+01
-1.622094780123007e-05 5.410725776573762e-14 5.411591216550513e+01
-1.618161507326477e-05 5.397605790758341e-14 5.411591216550513e+01
-1.614228234529947e-05 5.384485804942920e-14 6.250006757142846e+01
-1.610294961733416e-05 5.371365819127499e-14 5.259152027351907e+01
-1.606361688936886e-05 5.358245833312078e-14 7.393300676132391e+01
-1.602428416140356e-05 5.345125847496656e-14 8.003057432926815e+01
-1.598495143343825e-05 5.332005861681235e-14 6.326226351742149e+01
-1.594561870547295e-05 5.318885875865814e-14 5.716469594947725e+01
-1.590628597750765e-05 5.305765890050394e-14 6.707324324738664e+01
-1.586695324954235e-05 5.292645904234973e-14 8.079277027526118e+01
-1.582762052157705e-05 5.279525918419551e-14 7.164641892334481e+01
-1.578828779361175e-05 5.266405932604130e-14 8.612814189721239e+01
-1.574895506564644e-05 5.253285946788709e-14 7.393300676132391e+01
-1.570962233768114e-05 5.240165960973288e-14 8.155496622125420e+01
-1.567028960971584e-05 5.227045975157867e-14 7.164641892334481e+01
-1.563095688175054e-05 5.213925989342446e-14 6.021347973344937e+01
-1.559162415378524e-05 5.200806003527025e-14 5.945128378745634e+01
-1.555229142581993e-05 5.187686017711603e-14 6.859763513937270e+01
-1.551295869785463e-05 5.174566031896183e-14 6.859763513937270e+01
-1.547362596988933e-05 5.161446046080761e-14 5.716469594947725e+01
-1.543429324192402e-05 5.148326060265340e-14 6.935983108536573e+01
-1.539496051395872e-05 5.135206074449919e-14 6.783543919337967e+01
-1.535562778599342e-05 5.122086088634498e-14 6.783543919337967e+01
-1.531629505802812e-05 5.108966102819078e-14 7.698179054529602e+01
-1.527696233006282e-05 5.095846117003656e-14 8.993912162717754e+01
-1.523762960209751e-05 5.082726131188235e-14 7.469520270731694e+01
-1.519829687413221e-05 5.069606145372814e-14 8.231716216724723e+01
-1.515896414616691e-05 5.056486159557393e-14 8.765253378919844e+01
-1.511963141820161e-05 5.043366173741972e-14 7.698179054529602e+01
-1.508029869023631e-05 5.030246187926551e-14 6.783543919337967e+01
-1.504096596227100e-05 5.017126202111130e-14 9.603668919512178e+01
-1.500163323430570e-05 5.004006216295708e-14 8.079277027526118e+01
-1.496230050634040e-05 4.990886230480287e-14 7.393300676132391e+01
-1.492296777837510e-05 4.977766244664866e-14 7.088422297735178e+01
-1.488363505040980e-05 4.964646258849446e-14 7.469520270731694e+01
-1.484430232244449e-05 4.951526273034024e-14 8.841472973519147e+01
-1.480496959447919e-05 4.938406287218604e-14 7.926837838327512e+01
-1.476563686651389e-05 4.925286301403182e-14 8.460375000522633e+01
-1.472630413854859e-05 4.912166315587761e-14 7.240861486933785e+01
-1.468697141058328e-05 4.899046329772340e-14 9.222570946515663e+01
-1.464763868261798e-05 4.885926343956919e-14 9.222570946515663e+01
-1.460830595465268e-05 4.872806358141497e-14 8.689033784320542e+01
-1.456897322668738e-05 4.859686372326077e-14 8.460375000522633e+01
-1.452964049872208e-05 4.846566386510656e-14 1.044208446010451e+02
-1.449030777075677e-05 4.833446400695234e-14 8.765253378919844e+01
-1.445097504279147e-05 4.820326414879814e-14 8.536594595121936e+01
-1.441164231482617e-05 4.807206429064393e-14 9.603668919512178e+01
-1.437230958686087e-05 4.794086443248972e-14 8.689033784320542e+01
-1.433297685889556e-05 4.780966457433550e-14 8.536594595121936e+01
-1.429364413093026e-05 4.767846471618129e-14 8.993912162717754e+01
-1.425431140296496e-05 4.754726485802708e-14 8.155496622125420e+01
-1.421497867499966e-05 4.741606499987286e-14 8.689033784320542e+01
-1.417564594703435e-05 4.728486514171866e-14 9.146351351916360e+01
-1.413631321906905e-05 4.715366528356445e-14 8.765253378919844e+01
-1.409698049110375e-05 4.702246542541024e-14 9.603668919512178e+01
-1.405764776313845e-05 4.689126556725603e-14 9.984766892508692e+01
-1.401831503517315e-05 4.676006570910182e-14 1.059452364930312e+02
-1.397898230720785e-05 4.662886585094761e-14 1.036586486550521e+02
-1.393964957924254e-05 4.649766599279339e-14 1.067074324390242e+02
-1.390031685127724e-05 4.636646613463918e-14 1.074696283850172e+02
-1.386098412331194e-05 4.623526627648498e-14 1.051830405470381e+02
-1.382165139534664e-05 4.610406641833077e-14 1.059452364930312e+02
-1.378231866738133e-05 4.597286656017655e-14 1.128050000069684e+02
-1.374298593941603e-05 4.584166670202234e-14 1.105184121689893e+02
-1.370365321145073e-05 4.571046684386813e-14 1.036586486550521e+02
-1.366432048348543e-05 4.557926698571392e-14 9.984766892508692e+01
-1.362498775552012e-05 4.544806712755971e-14 1.044208446010451e+02
-1.358565502755482e-05 4.531686726940550e-14 9.984766892508692e+01
-1.354632229958952e-05 4.518566741125129e-14 8.689033784320542e+01
-1.350698957162422e-05 4.505446755309707e-14 1.082318243310103e+02
-1.346765684365892e-05 4.492326769494287e-14 9.146351351916360e+01
-1.342832411569362e-05 4.479206783678866e-14 1.250001351428569e+02
-1.338899138772831e-05 4.466086797863444e-14 1.059452364930312e+02
-1.334965865976301e-05 4.452966812048023e-14 1.112806081149824e+02
-1.331032593179771e-05 4.439846826232602e-14 1.181403716289197e+02
-1.327099320383241e-05 4.426726840417182e-14 1.135671959529615e+02
-1.323166047586710e-05 4.413606854601760e-14 1.150915878449475e+02
-1.319232774790180e-05 4.400486868786339e-14 1.402440540627175e+02
-1.315299501993650e-05 4.387366882970919e-14 1.227135473048778e+02
-1.311366229197120e-05 4.374246897155497e-14 1.219513513588848e+02
-1.307432956400589e-05 4.361126911340076e-14 1.143293918989545e+02
-1.303499683604059e-05 4.348006925524655e-14 1.227135473048778e+02
-1.299566410807529e-05 4.334886939709234e-14 1.067074324390242e+02
-1.295633138010999e-05 4.321766953893812e-14 1.326220946027872e+02
-1.291699865214469e-05 4.308646968078392e-14 1.120428040609754e+02
-1.287766592417938e-05 4.295526982262971e-14 1.257623310888499e+02
-1.283833319621408e-05 4.282406996447549e-14 1.211891554128918e+02
-1.279900046824878e-05 4.269287010632128e-14 1.349086824407663e+02
-1.275966774028348e-05 4.256167024816708e-14 1.333842905487803e+02
-1.272033501231818e-05 4.243047039001287e-14 1.455794256846687e+02
-1.268100228435287e-05 4.229927053185865e-14 1.341464864947733e+02
-1.264166955638757e-05 4.216807067370444e-14 1.463416216306618e+02
-1.260233682842227e-05 4.203687081555023e-14 1.440550337926827e+02
-1.256300410045696e-05 4.190567095739601e-14 1.326220946027872e+02
-1.252367137249166e-05 4.177447109924181e-14 1.379574662247384e+02
-1.248433864452636e-05 4.164327124108760e-14 1.310977027108011e+02
-1.244500591656106e-05 4.151207138293340e-14 1.501526013606269e+02
-1.240567318859576e-05 4.138087152477918e-14 1.219513513588848e+02
-1.236634046063046e-05 4.124967166662497e-14 1.257623310888499e+02
-1.232700773266515e-05 4.111847180847076e-14 1.425306419006966e+02
-1.228767500469985e-05 4.098727195031654e-14 1.181403716289197e+02
-1.224834227673455e-05 4.085607209216233e-14 1.432928378466896e+02
-1.220900954876925e-05 4.072487223400812e-14 1.394818581167245e+02
-1.216967682080395e-05 4.059367237585392e-14 1.493904054146339e+02
-1.213034409283864e-05 4.046247251769970e-14 1.318598986567942e+02
-1.209101136487334e-05 4.033127265954549e-14 1.562501689285712e+02
-1.205167863690804e-05 4.020007280139129e-14 1.722562837944248e+02
-1.201234590894273e-05 4.006887294323707e-14 1.920733783902436e+02
-1.197301318097743e-05 3.993767308508286e-14 1.806404392003481e+02
-1.193368045301213e-05 3.980647322692865e-14 1.615855405505224e+02
-1.189434772504683e-05 3.967527336877444e-14 1.943599662282226e+02
-1.185501499708153e-05 3.954407351062022e-14 1.661587162264805e+02
-1.181568226911622e-05 3.941287365246602e-14 1.775916554163760e+02
-1.177634954115092e-05 3.928167379431181e-14 1.516769932526130e+02
-1.173701681318562e-05 3.915047393615759e-14 1.707318919024387e+02
-1.169768408522032e-05 3.901927407800339e-14 1.349086824407663e+02
-1.165835135725502e-05 3.888807421984918e-14 1.478660135226478e+02
-1.161901862928971e-05 3.875687436169496e-14 1.661587162264805e+02
-1.157968590132441e-05 3.862567450354075e-14 1.364330743327524e+02
-1.154035317335911e-05 3.849447464538654e-14 1.448172297386757e+02
-1.150102044539381e-05 3.836327478723233e-14 1.661587162264805e+02
-1.146168771742850e-05 3.823207492907811e-14 1.623477364965154e+02
-1.142235498946320e-05 3.810087507092391e-14 1.669209121724736e+02
-1.138302226149790e-05 3.796967521276970e-14 1.806404392003481e+02
-1.134368953353260e-05 3.783847535461548e-14 2.118904729860623e+02
-1.130435680556730e-05 3.770727549646128e-14 1.920733783902436e+02
-1.126502407760199e-05 3.757607563830707e-14 2.096038851480832e+02
-1.122569134963669e-05 3.744487578015286e-14 2.157014527160275e+02
-1.118635862167139e-05 3.731367592199864e-14 2.111282770400693e+02
-1.114702589370609e-05 3.718247606384443e-14 2.141770608240414e+02
-1.110769316574079e-05 3.705127620569023e-14 2.073172973101042e+02
-1.106836043777548e-05 3.692007634753600e-14 2.134148648780484e+02
-1.102902770981018e-05 3.678887648938180e-14 2.004575337961669e+02
-1.098969498184488e-05 3.665767663122759e-14 1.890245946062714e+02
-1.095036225387958e-05 3.652647677307338e-14 1.897867905522645e+02
-1.091102952591427e-05 3.639527691491917e-14 1.913111824442505e+02
-1.087169679794897e-05 3.626407705676496e-14 2.118904729860623e+02
-1.083236406998367e-05 3.613287719861075e-14 1.852136148763063e+02
-1.079303134201837e-05 3.600167734045653e-14 2.057929054181181e+02
-1.075369861405307e-05 3.587047748230232e-14 2.111282770400693e+02
-1.071436588608776e-05 3.573927762414812e-14 2.111282770400693e+02
-1.067503315812246e-05 3.560807776599391e-14 2.240856081219508e+02
-1.063570043015716e-05 3.547687790783969e-14 2.271343919059229e+02
-1.059636770219186e-05 3.534567804968548e-14 2.721039527195117e+02
-1.055703497422656e-05 3.521447819153127e-14 2.446648986637626e+02
-1.051770224626125e-05 3.508327833337706e-14 2.682929729895466e+02
-1.047836951829595e-05 3.495207847522285e-14 2.759149324494769e+02
-1.043903679033065e-05 3.482087861706864e-14 2.721039527195117e+02
-1.039970406236535e-05 3.468967875891444e-14 2.728661486655047e+02
-1.036037133440004e-05 3.455847890076022e-14 2.743905405574908e+02
-1.032103860643474e-05 3.442727904260601e-14 2.522868581236929e+02
-1.028170587846944e-05 3.429607918445180e-14 2.812503040714280e+02
-1.024237315050414e-05 3.416487932629758e-14 2.675307770435535e+02
-1.020304042253883e-05 3.403367946814337e-14 2.530490540696860e+02
-1.016370769457353e-05 3.390247960998916e-14 2.439027027177696e+02
-1.012437496660823e-05 3.377127975183496e-14 2.774393243414629e+02
-1.008504223864293e-05 3.364007989368074e-14 2.606710135296162e+02
-1.004570951067763e-05 3.350888003552653e-14 2.797259121794420e+02
-1.000637678271233e-05 3.337768017737233e-14 2.797259121794420e+02
-9.967044054747021e-06 3.324648031921811e-14 2.926832432613235e+02
-9.927711326781720e-06 3.311528046106390e-14 2.903966554233444e+02
-9.888378598816418e-06 3.298408060290969e-14 3.010673986672468e+02
-9.849045870851117e-06 3.285288074475548e-14 3.003052027212538e+02
-9.809713142885813e-06 3.272168088660126e-14 3.086893581271771e+02
-9.770380414920511e-06 3.259048102844705e-14 3.056405743432050e+02
-9.731047686955210e-06 3.245928117029285e-14 3.041161824512189e+02
-9.691714958989906e-06 3.232808131213863e-14 3.368906081289193e+02
-9.652382231024604e-06 3.219688145398443e-14 3.033539865052259e+02
-9.613049503059303e-06 3.206568159583022e-14 3.109759459651563e+02
-9.573716775094002e-06 3.193448173767601e-14 3.140247297491284e+02
-9.534384047128697e-06 3.180328187952179e-14 2.987808108292678e+02
-9.495051319163396e-06 3.167208202136758e-14 3.010673986672468e+02
-9.455718591198095e-06 3.154088216321337e-14 3.193601013710796e+02
-9.416385863232790e-06 3.140968230505915e-14 3.071649662351911e+02
-9.377053135267489e-06 3.127848244690495e-14 3.330796283989541e+02
-9.337720407302188e-06 3.114728258875074e-14 3.231710811010447e+02
-9.298387679336887e-06 3.101608273059654e-14 3.628052702926823e+02
-9.259054951371582e-06 3.088488287244232e-14 3.788113851585359e+02
-9.219722223406281e-06 3.075368301428811e-14 3.932931081324035e+02
-9.180389495440980e-06 3.062248315613390e-14 4.047260473222989e+02
-9.141056767475675e-06 3.049128329797968e-14 4.397870608379783e+02
-9.101724039510374e-06 3.036008343982547e-14 4.557931757038319e+02
-9.062391311545073e-06 3.022888358167126e-14 4.222565540801386e+02
-9.023058583579771e-06 3.009768372351706e-14 4.039638513763059e+02
-8.983725855614467e-06 2.996648386536284e-14 3.948175000243895e+02
-8.944393127649166e-06 2.983528400720864e-14 4.024394594843199e+02
-8.905060399683864e-06 2.970408414905443e-14 3.704272297526126e+02
-8.865727671718560e-06 2.957288429090021e-14 3.498479392108007e+02
-8.826394943753259e-06 2.944168443274600e-14 3.498479392108007e+02
-8.787062215787957e-06 2.931048457459179e-14 3.711894256986056e+02
-8.747729487822656e-06 2.917928471643758e-14 3.673784459686404e+02
-8.708396759857352e-06 2.904808485828336e-14 3.681406419146335e+02
-8.669064031892050e-06 2.891688500012916e-14 3.940553040783965e+02
-8.629731303926749e-06 2.878568514197495e-14 4.092992229982571e+02
-8.590398575961445e-06 2.865448528382073e-14 4.535065878658529e+02
-8.551065847996143e-06 2.852328542566653e-14 4.466468243519155e+02
-8.511733120030842e-06 2.839208556751232e-14 5.236286148972116e+02
-8.472400392065541e-06 2.826088570935811e-14 5.121956757073161e+02
-8.433067664100236e-06 2.812968585120389e-14 5.045737162473858e+02
-8.393734936134935e-06 2.799848599304968e-14 5.419213176010443e+02
-8.354402208169634e-06 2.786728613489548e-14 5.167688513832743e+02
-8.315069480204329e-06 2.773608627674125e-14 5.129578716533092e+02
-8.275736752239028e-06 2.760488641858705e-14 5.243908108432046e+02
-8.236404024273727e-06 2.747368656043284e-14 5.068603040853649e+02
-8.197071296308426e-06 2.734248670227863e-14 5.373481419250861e+02
-8.157738568343121e-06 2.721128684412441e-14 5.487810811149816e+02
-8.118405840377820e-06 2.708008698597021e-14 5.464944932770024e+02
-8.079073112412519e-06 2.694888712781600e-14 6.211896959843194e+02
-8.039740384447214e-06 2.681768726966178e-14 6.135677365243891e+02
-8.000407656481913e-06 2.668648741150757e-14 6.036591892264797e+02
-7.961074928516612e-06 2.655528755335337e-14 6.074701689564449e+02
-7.921742200551311e-06 2.642408769519916e-14 6.036591892264797e+02
-7.882409472586006e-06 2.629288783704494e-14 5.876530743606261e+02
-7.843076744620705e-06 2.616168797889073e-14 5.579274324668979e+02
-7.803744016655404e-06 2.603048812073653e-14 6.074701689564449e+02
-7.764411288690099e-06 2.589928826258231e-14 6.303360473362358e+02
-7.725078560724798e-06 2.576808840442810e-14 7.278971284233436e+02
-7.685745832759497e-06 2.563688854627389e-14 8.292691892404166e+02
-7.646413104794192e-06 2.550568868811967e-14 9.032021960017405e+02
-7.607080376828891e-06 2.537448882996546e-14 1.123476824393726e+03
-7.567747648863590e-06 2.524328897181126e-14 1.085367027094075e+03
-7.528414920898288e-06 2.511208911365705e-14 1.028964527090591e+03
-7.489082192932984e-06 2.498088925550283e-14 8.719521622160263e+02
-7.449749464967682e-06 2.484968939734862e-14 8.086898986986048e+02
-7.410416737002381e-06 2.471848953919442e-14 7.614337500470369e+02
-7.371084009037077e-06 2.458728968104020e-14 7.027446622055736e+02
-7.331751281071775e-06 2.445608982288599e-14 7.096044257195109e+02
-7.292418553106474e-06 2.432488996473178e-14 7.210373649094064e+02
-7.253085825141173e-06 2.419369010657757e-14 7.682935135609742e+02
-7.213753097175868e-06 2.406249024842336e-14 7.896350000487790e+02
-7.174420369210567e-06 2.393129039026915e-14 7.675313176149812e+02
-7.135087641245266e-06 2.380009053211494e-14 8.018301351846675e+02
-7.095754913279961e-06 2.366889067396072e-14 7.477142230191624e+02
-7.056422185314660e-06 2.353769081580652e-14 7.370434797752600e+02
-7.017089457349359e-06 2.340649095765231e-14 7.217995608553994e+02
-6.977756729384058e-06 2.327529109949810e-14 7.675313176149812e+02
-6.938424001418753e-06 2.314409124134388e-14 7.987813514006954e+02
-6.899091273453452e-06 2.301289138318967e-14 8.757631419459915e+02
-6.859758545488151e-06 2.288169152503547e-14 9.786595946550505e+02
-6.820425817522846e-06 2.275049166688125e-14 1.173019560883273e+03
-6.781093089557545e-06 2.261929180872704e-14 1.279726993322297e+03
-6.741760361592244e-06 2.248809195057283e-14 1.270580641970381e+03
-6.702427633626943e-06 2.235689209241862e-14 1.158537837909406e+03
-6.663094905661638e-06 2.222569223426441e-14 1.024391351414632e+03
-6.623762177696337e-06 2.209449237611020e-14 8.780497297839705e+02
-6.584429449731036e-06 2.196329251795599e-14 8.346045608623679e+02
-6.545096721765731e-06 2.183209265980177e-14 8.810985135679426e+02
-6.505763993800430e-06 2.170089280164756e-14 8.795741216759566e+02
-6.466431265835129e-06 2.156969294349336e-14 9.946657095209041e+02
-6.427098537869827e-06 2.143849308533915e-14 1.070885304120207e+03
-6.387765809904523e-06 2.130729322718493e-14 1.115092668987803e+03
-6.348433081939222e-06 2.117609336903072e-14 1.205793986560974e+03
-6.309100353973920e-06 2.104489351087651e-14 1.139482939259580e+03
-6.269767626008616e-06 2.091369365272230e-14 1.255336723050520e+03
-6.230434898043315e-06 2.078249379456809e-14 1.217226925750869e+03
-6.191102170078013e-06 2.065129393641388e-14 1.260672094672472e+03
-6.151769442112712e-06 2.052009407825967e-14 1.412349087925085e+03
-6.112436714147408e-06 2.038889422010546e-14 1.616617601451217e+03
-6.073103986182106e-06 2.025769436195125e-14 1.827745878491286e+03
-6.033771258216805e-06 2.012649450379704e-14 1.930642331200345e+03
-5.994438530251501e-06 1.999529464564282e-14 1.964178952824038e+03
-5.955105802286199e-06 1.986409478748861e-14 1.978660675797906e+03
-5.915773074320898e-06 1.973289492933441e-14 2.316313479872818e+03
-5.876440346355597e-06 1.960169507118020e-14 2.841466486662016e+03
-5.837107618390292e-06 1.947049521302598e-14 2.772868851522643e+03
-5.797774890424991e-06 1.933929535487177e-14 2.575460101510448e+03
-5.758442162459690e-06 1.920809549671757e-14 2.126526689320553e+03
-5.719109434494385e-06 1.907689563856335e-14 1.908538648766547e+03
-5.679776706529084e-06 1.894569578040914e-14 1.954270405526129e+03
-5.640443978563783e-06 1.881449592225493e-14 2.190551148783968e+03
-5.601111250598482e-06 1.868329606410073e-14 2.435216047447731e+03
-5.561778522633177e-06 1.855209620594650e-14 2.939027567749124e+03
-5.522445794667876e-06 1.842089634779230e-14 3.541162365083617e+03
-5.483113066702575e-06 1.828969648963809e-14 8.243911351860612e+03
-5.443780338737270e-06 1.815849663148387e-14 1.473400983199126e+04
-5.404447610771969e-06 1.802729677332966e-14 5.353664324655043e+03
-5.365114882806668e-06 1.789609691517546e-14 3.876528581320551e+03
-5.325782154841366e-06 1.776489705702125e-14 3.181405878574907e+03
-5.286449426876062e-06 1.763369719886703e-14 2.931405608289193e+03
-5.247116698910761e-06 1.750249734071282e-14 2.290398817709055e+03
-5.207783970945459e-06 1.737129748255862e-14 1.927593547416373e+03
-5.168451242980155e-06 1.724009762440440e-14 1.770581182541809e+03
-5.129118515014854e-06 1.710889776625019e-14 5.352139932763056e+03
-5.089785787049552e-06 1.697769790809598e-14 1.460824750090241e+04
-5.050453059084251e-06 1.684649804994178e-14 1.421952756844597e+04
-5.011120331118947e-06 1.671529819178756e-14 1.321647770351914e+03
-4.971787603153645e-06 1.658409833363335e-14 9.466473649233433e+02
-4.932454875188344e-06 1.645289847547914e-14 9.153973311376290e+02
-4.893122147223040e-06 1.632169861732492e-14 9.131107432996499e+02
-4.853789419257738e-06 1.619049875917071e-14 8.498484797822284e+02
-4.814456691292437e-06 1.605929890101651e-14 7.599093581550509e+02
-4.775123963327136e-06 1.592809904286230e-14 7.583849662630648e+02
-4.735791235361831e-06 1.579689918470808e-14 7.355190878832740e+02
-4.696458507396530e-06 1.566569932655387e-14 7.141776013954691e+02
-4.657125779431229e-06 1.553449946839967e-14 6.821653716637618e+02
-4.617793051465924e-06 1.540329961024545e-14 6.768300000418106e+02
-4.578460323500623e-06 1.527209975209124e-14 7.500008108571415e+02
-4.539127595535322e-06 1.514089989393703e-14 7.263727365313575e+02
-4.499794867570021e-06 1.500970003578282e-14 6.768300000418106e+02
-4.460462139604716e-06 1.487850017762861e-14 7.400922635592322e+02
-4.421129411639415e-06 1.474730031947440e-14 7.492386149111485e+02
-4.381796683674114e-06 1.461610046132019e-14 7.888728041027861e+02
-4.342463955708809e-06 1.448490060316597e-14 5.423786351686402e+03
-4.303131227743508e-06 1.435370074501177e-14 6.631104730139361e+03
-4.263798499778207e-06 1.422250088685756e-14 4.356712027296159e+03
-4.224465771812906e-06 1.409130102870335e-14 4.285827804318807e+03
-4.185133043847601e-06 1.396010117054913e-14 4.550309797578389e+03
-4.145800315882300e-06 1.382890131239492e-14 5.201225135456437e+03
-4.106467587916999e-06 1.369770145424072e-14 8.602905642423329e+03
-4.067134859951694e-06 1.356650159608650e-14 3.374241452911144e+03
-4.027802131986393e-06 1.343530173793229e-14 7.873484122108000e+02
-3.988469404021092e-06 1.330410187977808e-14 8.018301351846675e+02
-3.949136676055790e-06 1.317290202162387e-14 7.942081757247372e+02
-3.909803948090486e-06 1.304170216346965e-14 7.423788513972112e+02
-3.870471220125185e-06 1.291050230531545e-14 7.408544595052251e+02
-3.831138492159883e-06 1.277930244716124e-14 8.353667568083608e+02
-3.791805764194579e-06 1.264810258900702e-14 9.108241554616708e+02
-3.752473036229278e-06 1.251690273085281e-14 8.452753041062703e+02
-3.713140308263976e-06 1.238570287269861e-14 1.017531587900695e+03
-3.673807580298672e-06 1.225450301454439e-14 9.672266554651551e+02
-3.634474852333371e-06 1.212330315639018e-14 8.224094257264793e+02
-3.595142124368069e-06 1.199210329823597e-14 8.140252703205560e+02
-3.555809396402768e-06 1.186090344008176e-14 7.797264527508696e+02
-3.516476668437463e-06 1.172970358192755e-14 5.350615540871071e+02
-3.477143940472162e-06 1.159850372377334e-14 5.792689189547028e+02
-3.437811212506861e-06 1.146730386561913e-14 5.175310473292674e+02
-3.398478484541556e-06 1.133610400746491e-14 5.647871959808352e+02
-3.359145756576255e-06 1.120490414931071e-14 4.298785135400689e+02
-3.319813028610954e-06 1.107370429115650e-14 4.032016554303129e+02
-3.280480300645653e-06 1.094250443300229e-14 4.740858784076647e+02
-3.241147572680348e-06 1.081130457484807e-14 4.321651013780480e+02
-3.201814844715047e-06 1.068010471669386e-14 4.519821959738668e+02
-3.162482116749746e-06 1.054890485853966e-14 7.888728041027861e+02
-3.123149388784441e-06 1.041770500038544e-14 4.635675743529609e+03
-3.083816660819140e-06 1.028650514223123e-14 3.753815034015673e+03
-3.044483932853839e-06 1.015530528407702e-14 2.545734459616720e+03
-3.005151204888538e-06 1.002410542592282e-14 2.606710135296163e+03
-2.965818476923233e-06 9.892905567768597e-15 2.887198243421597e+03
-2.926485748957932e-06 9.761705709614389e-15 2.705795608275256e+03
-2.887153020992631e-06 9.630505851460181e-15 2.473325844747382e+03
-2.847820293027326e-06 9.499305993305962e-15 2.525155169074908e+03
-2.808487565062025e-06 9.368106135151755e-15 2.603661351512190e+03
-2.769154837096724e-06 9.236906276997547e-15 2.629576013675954e+03
-2.729822109131422e-06 9.105706418843341e-15 2.832320135310099e+03
-2.690489381166118e-06 8.974506560689122e-15 2.867381148825779e+03
-2.651156653200817e-06 8.843306702534914e-15 3.269820608310099e+03
-2.611823925235515e-06 8.712106844380706e-15 5.257627635459920e+03
-2.572491197270211e-06 8.580906986226488e-15 2.772868851522643e+03
-2.533158469304910e-06 8.449707128072280e-15 3.086893581271771e+02
-2.493825741339608e-06 8.318507269918072e-15 3.346040202909402e+02
-2.454493013374307e-06 8.187307411763864e-15 3.506101351567938e+02
-2.415160285409003e-06 8.056107553609646e-15 3.285064527229959e+02
-2.375827557443701e-06 7.924907695455438e-15 3.673784459686404e+02
-2.336494829478400e-06 7.793707837301232e-15 3.628052702926823e+02
-2.297162101513096e-06 7.662507979147013e-15 3.536589189407659e+02
-2.257829373547794e-06 7.531308120992805e-15 3.856711486724732e+02
-2.218496645582493e-06 7.400108262838597e-15 4.245431419181177e+02
-2.179163917617192e-06 7.268908404684390e-15 4.329272973240410e+02
-2.139831189651887e-06 7.137708546530171e-15 4.275919257020898e+02
-2.100498461686586e-06 7.006508688375963e-15 4.603663513797901e+02
-2.061165733721285e-06 6.875308830221756e-15 5.663115878728213e+02
-2.021833005755980e-06 6.744108972067537e-15 5.884152703066192e+02
-1.982500277790679e-06 6.612909113913330e-15 7.484764189651554e+02
-1.943167549825378e-06 6.481709255759122e-15 1.025153547360625e+03
-1.903834821860077e-06 6.350509397604915e-15 1.911587432550519e+03
-1.864502093894772e-06 6.219309539450696e-15 2.939789763695117e+03
-1.825169365929471e-06 6.088109681296488e-15 9.474095608693362e+02
-1.785836637964170e-06 5.956909823142281e-15 6.448177703101034e+02
-1.746503909998865e-06 5.825709964988062e-15 5.160066554372813e+02
-1.707171182033564e-06 5.694510106833855e-15 3.589942905627171e+02
-1.667838454068263e-06 5.563310248679647e-15 3.948175000243895e+02
-1.628505726102961e-06 5.432110390525439e-15 3.368906081289193e+02
-1.589172998137657e-06 5.300910532371221e-15 3.429881756968635e+02
-1.549840270172356e-06 5.169710674217014e-15 3.437503716428565e+02
-1.510507542207054e-06 5.038510816062806e-15 2.881100675853654e+02
-1.471174814241750e-06 4.907310957908587e-15 2.751527365034838e+02
-1.431842086276449e-06 4.776111099754379e-15 2.980186148832747e+02
-1.392509358311147e-06 4.644911241600172e-15 2.187502364999996e+03
-1.353176630345846e-06 4.513711383445965e-15 3.496955000216022e+03
-1.313843902380542e-06 4.382511525291746e-15 2.447411182583619e+03
-1.274511174415240e-06 4.251311667137538e-15 1.855947128493028e+03
-1.235178446449939e-06 4.120111808983331e-15 1.939026486606268e+03
-1.195845718484635e-06 3.988911950829112e-15 2.074697364993028e+03
-1.156512990519333e-06 3.857712092674905e-15 2.084605912290937e+03
-1.117180262554032e-06 3.726512234520697e-15 2.081557128506965e+03
-1.077847534588731e-06 3.595312376366489e-15 1.990093614987801e+03
-1.038514806623426e-06 3.464112518212271e-15 2.112044966346686e+03
-9.991820786581252e-07 3.332912660058063e-15 2.291923209601041e+03
-9.598493506928240e-07 3.201712801903856e-15 2.487807567721250e+03
-9.205166227275194e-07 3.070512943749637e-15 2.868905540717765e+03
-8.811838947622182e-07 2.939313085595430e-15 3.171497331276998e+03
-8.418511667969170e-07 2.808113227441222e-15 4.217992365125428e+03
-8.025184388316158e-07 2.676913369287015e-15 2.421496520419856e+03
-7.631857108663112e-07 2.545713511132796e-15 3.902443243484313e+02
-7.238529829010100e-07 2.414513652978588e-15 4.214943581341456e+02
-6.845202549357088e-07 2.283313794824381e-15 4.527443919198598e+02
-6.451875269704042e-07 2.152113936670162e-15 5.152444594912882e+02
-6.058547990051030e-07 2.020914078515955e-15 5.564030405749119e+02
-5.665220710398018e-07 1.889714220361747e-15 5.579274324668979e+02
-5.271893430745006e-07 1.758514362207540e-15 6.958848986916364e+02
-4.878566151091960e-07 1.627314504053321e-15 8.635680068101029e+02
-4.485238871438948e-07 1.496114645899113e-15 1.013720608170730e+03
-4.091911591785936e-07 1.364914787744906e-15 1.244665979806618e+03
-3.698584312132890e-07 1.233714929590687e-15 1.272867229808360e+03
-3.305257032479878e-07 1.102515071436479e-15 9.900925338449459e+02
-2.911929752826865e-07 9.713152132822720e-16 8.597570270801378e+02
-2.518602473173853e-07 8.401153551280644e-16 6.707324324738664e+02
-2.125275193520807e-07 7.089154969738457e-16 6.211896959843194e+02
-1.731947913867795e-07 5.777156388196381e-16 6.486287500400686e+02
-1.338620634214783e-07 4.465157806654307e-16 5.342993581411140e+02
-9.452933545617373e-08 3.153159225112118e-16 5.503054730069676e+02
-5.519660749087253e-08 1.841160643570043e-16 5.518298648989537e+02
-1.586387952557132e-08 5.291620620279686e-17 5.015249324634137e+02
2.346884843972989e-08 -7.828365195141063e-17 5.282017905731698e+02
6.280157640503449e-08 -2.094835101056294e-16 5.495432770609746e+02
1.021343043703357e-07 -3.406833682598369e-16 5.198176351672464e+02
1.414670323356369e-07 -4.718832264140444e-16 5.564030405749119e+02
1.807997603009415e-07 -6.030830845682632e-16 4.778968581376298e+02
2.201324882662427e-07 -7.342829427224707e-16 4.794212500296159e+02
2.594652162315439e-07 -8.654828008766782e-16 5.091468919233440e+02
2.987979441968451e-07 -9.966826590308857e-16 5.030493243553998e+02
3.381306721621497e-07 -1.127882517185105e-15 4.878054054355392e+02
3.774634001274509e-07 -1.259082375339312e-15 4.939029730034835e+02
4.167961280927521e-07 -1.390282233493519e-15 4.740858784076647e+02
4.561288560580567e-07 -1.521482091647738e-15 4.946651689494765e+02
4.954615840233579e-07 -1.652681949801946e-15 5.236286148972116e+02
5.347943119886591e-07 -1.783881807956153e-15 4.096803209712536e+03
5.741270399539637e-07 -1.915081666110372e-15 3.227899831280482e+03
6.134597679192616e-07 -2.046281524264568e-15 2.988570304238670e+03
6.527924958845695e-07 -2.177481382418798e-15 2.785826182604525e+03
6.921252238498707e-07 -2.308681240573006e-15 2.978661756940761e+03
7.314579518151720e-07 -2.439881098727213e-15 3.713418648878042e+03
7.707906797804732e-07 -2.571080956881421e-15 6.109762703080129e+03
8.101234077457744e-07 -2.702280815035628e-15 2.535825912318811e+03
8.494561357110756e-07 -2.833480673189836e-15 4.237809459721246e+02
8.887888636763768e-07 -2.964680531344043e-15 4.161589865121944e+02
9.281215916416848e-07 -3.095880389498273e-15 4.336894932700341e+02
9.674543196069860e-07 -3.227080247652481e-15 4.390248648919853e+02
1.006787047572287e-06 -3.358280105806689e-15 4.375004729999992e+02
1.046119775537588e-06 -3.489479963960896e-15 4.428358446219504e+02
1.085452503502890e-06 -3.620679822115104e-15 5.342993581411140e+02
1.124785231468191e-06 -3.751879680269311e-15 5.487810811149816e+02
1.164117959433492e-06 -3.883079538423518e-15 5.777445270627168e+02
1.203450687398800e-06 -4.014279396577748e-15 7.599093581550509e+02
1.242783415364101e-06 -4.145479254731956e-15 1.083080439256096e+03
1.282116143329402e-06 -4.276679112886164e-15 4.057931216466892e+03
1.321448871294704e-06 -4.407878971040371e-15 1.179117128451217e+03
1.360781599260005e-06 -4.539078829194578e-15 5.868908784146331e+02
1.400114327225306e-06 -4.670278687348786e-15 4.832322297595810e+02
1.439447055190607e-06 -4.801478545502993e-15 4.603663513797901e+02
1.478779783155915e-06 -4.932678403657224e-15 4.138723986742153e+02
1.518112511121216e-06 -5.063878261811431e-15 3.818601689425080e+02
1.557445239086518e-06 -5.195078119965638e-15 3.567077027247381e+02
1.596777967051819e-06 -5.326277978119846e-15 3.597564865087102e+02
1.636110695017120e-06 -5.457477836274054e-15 3.323174324529610e+02
1.675443422982421e-06 -5.588677694428261e-15 3.475613513728217e+02
1.714776150947722e-06 -5.719877552582469e-15 3.711894256986056e+02
1.754108878913030e-06 -5.851077410736698e-15 3.216466892090586e+02
1.793441606878332e-06 -5.982277268890906e-15 4.092992229982571e+02
1.832774334843633e-06 -6.113477127045114e-15 5.076225000313580e+02
1.872107062808934e-06 -6.244676985199321e-15 1.580794391989544e+03
1.911439790774235e-06 -6.375876843353529e-15 5.426072939524381e+03
1.950772518739536e-06 -6.507076701507736e-15 1.762959223081878e+03
1.990105246704838e-06 -6.638276559661943e-15 1.067836520336235e+03
2.029437974670146e-06 -6.769476417816174e-15 1.176830540613238e+03
2.068770702635447e-06 -6.900676275970381e-15 1.121190236555747e+03
2.108103430600748e-06 -7.031876134124589e-15 1.094513378445991e+03
2.147436158566049e-06 -7.163075992278796e-15 8.993912162717754e+02
2.186768886531351e-06 -7.294275850433004e-15 8.910070608658521e+02
2.226101614496652e-06 -7.425475708587212e-15 9.077753716776987e+02
2.265434342461953e-06 -7.556675566741418e-15 9.687510473571411e+02
2.304767070427261e-06 -7.687875424895649e-15 9.268302703275244e+02
2.344099798392562e-06 -7.819075283049855e-15 9.390254054634129e+02
2.383432526357863e-06 -7.950275141204063e-15 1.034299898712542e+03
2.422765254323165e-06 -8.081474999358271e-15 1.109757297365852e+03
2.462097982288466e-06 -8.212674857512479e-15 1.144056114935538e+03
2.501430710253767e-06 -8.343874715666686e-15 1.163873209531357e+03
2.540763438219068e-06 -8.475074573820894e-15 1.221800101426827e+03
2.580096166184376e-06 -8.606274431975124e-15 1.246190371698604e+03
2.619428894149677e-06 -8.737474290129332e-15 1.262196486564458e+03
2.658761622114979e-06 -8.868674148283539e-15 1.336891689271775e+03
2.698094350080280e-06 -8.999874006437746e-15 1.390245405491287e+03
2.737427078045581e-06 -9.131073864591953e-15 1.393294189275259e+03
2.776759806010882e-06 -9.262273722746161e-15 1.438263750088847e+03
2.816092533976183e-06 -9.393473580900369e-15 1.524391891986060e+03
2.855425261941491e-06 -9.524673439054599e-15 1.487806486578394e+03
2.894757989906793e-06 -9.655873297208806e-15 1.839178817681181e+03
2.934090717872094e-06 -9.787073155363014e-15 2.056404662289195e+03
2.973423445837395e-06 -9.918273013517222e-15 2.112807162292679e+03
3.012756173802696e-06 -1.004947287167143e-14 2.660063851515675e+03
3.052088901767997e-06 -1.018067272982564e-14 2.251526824463411e+03
3.091421629733299e-06 -1.031187258797984e-14 2.835368919094071e+02
3.130754357698607e-06 -1.044307244613407e-14 2.439027027177696e+02
3.170087085663908e-06 -1.057427230428828e-14 2.217990202839717e+02
3.209419813629209e-06 -1.070547216244249e-14 2.217990202839717e+02
3.248752541594510e-06 -1.083667202059670e-14 2.324697635278741e+02
3.288085269559811e-06 -1.096787187875090e-14 3.689028378606265e+02
3.327417997525113e-06 -1.109907173690511e-14 1.846800777141112e+03
3.366750725490414e-06 -1.123027159505932e-14 2.568600337996511e+03
3.406083453455722e-06 -1.136147145321355e-14 3.536589189407659e+02
3.445416181421023e-06 -1.149267131136776e-14 2.865856756933792e+02
3.484748909386324e-06 -1.162387116952196e-14 2.957320270452956e+02
3.524081637351625e-06 -1.175507102767617e-14 2.332319594738672e+02
3.563414365316927e-06 -1.188627088583038e-14 2.416161148797905e+02
3.602747093282228e-06 -1.201747074398459e-14 2.538112500156790e+02
3.642079821247529e-06 -1.214867060213879e-14 2.637197973135883e+02
3.681412549212837e-06 -1.227987046029302e-14 2.347563513658532e+02
3.720745277178138e-06 -1.241107031844723e-14 2.309453716358881e+02
3.760078005143439e-06 -1.254227017660144e-14 2.393295270418114e+02
3.799410733108741e-06 -1.267347003475565e-14 2.942076351533096e+02
3.838743461074042e-06 -1.280466989290985e-14 3.109759459651563e+02
3.878076189039343e-06 -1.293586975106406e-14 3.978662838083616e+02
3.917408917004644e-06 -1.306706960921827e-14 4.161589865121944e+02
3.956741644969952e-06 -1.319826946737250e-14 7.583849662630648e+02
3.996074372935253e-06 -1.332946932552671e-14 2.064026621749125e+03
4.035407100900555e-06 -1.346066918368091e-14 1.129574391961670e+03
4.074739828865856e-06 -1.359186904183512e-14 5.868908784146331e+02
4.114072556831157e-06 -1.372306889998933e-14 4.573175675958180e+02
4.153405284796458e-06 -1.385426875814354e-14 3.993906757003477e+02
4.192738012761760e-06 -1.398546861629774e-14 3.643296621846683e+02
4.232070740727068e-06 -1.411666847445197e-14 3.856711486724732e+02
4.271403468692369e-06 -1.424786833260618e-14 3.483235473188147e+02
4.310736196657670e-06 -1.437906819076039e-14 3.879577365104523e+02
4.350068924622971e-06 -1.451026804891460e-14 3.841467567804871e+02
4.389401652588272e-06 -1.464146790706880e-14 3.971040878623686e+02
4.428734380553574e-06 -1.477266776522301e-14 3.932931081324035e+02
4.468067108518875e-06 -1.490386762337722e-14 3.224088851550517e+02
4.507399836484183e-06 -1.503506748153145e-14 3.826223648885011e+02
4.546732564449484e-06 -1.516626733968566e-14 3.757626013745638e+02
4.586065292414785e-06 -1.529746719783987e-14 4.230187500261316e+02
4.625398020380086e-06 -1.542866705599407e-14 6.284305574712532e+03
4.664730748345388e-06 -1.555986691414828e-14 6.194366453085355e+03
4.704063476310689e-06 -1.569106677230249e-14 4.300309527292675e+03
4.743396204275990e-06 -1.582226663045669e-14 3.786589459693373e+03
4.782728932241298e-06 -1.595346648861092e-14 3.798784594829262e+03
4.822061660206599e-06 -1.608466634676513e-14 4.379577905675950e+03
4.861394388171900e-06 -1.621586620491934e-14 5.612048750346679e+03
4.900727116137202e-06 -1.634706606307355e-14 5.792689189547028e+02
4.940059844102503e-06 -1.647826592122775e-14 5.038115203013928e+02
4.979392572067804e-06 -1.660946577938196e-14 5.106712838153301e+02
5.018725300033105e-06 -1.674066563753617e-14 4.817078378675949e+02
5.058058027998413e-06 -1.687186549569040e-14 6.661592567979083e+02
5.097390755963714e-06 -1.700306535384461e-14 5.541164527369328e+02
5.136723483929016e-06 -1.713426521199881e-14 5.373481419250861e+02
5.176056211894317e-06 -1.726546507015302e-14 4.344516892160271e+02
5.215388939859618e-06 -1.739666492830723e-14 3.841467567804871e+02
5.254721667824919e-06 -1.752786478646144e-14 3.643296621846683e+02
5.294054395790220e-06 -1.765906464461564e-14 3.285064527229959e+02
5.333387123755528e-06 -1.779026450276988e-14 3.231710811010447e+02
5.372719851720830e-06 -1.792146436092408e-14 3.407015878588844e+02
5.412052579686131e-06 -1.805266421907829e-14 3.246954729930308e+02
5.451385307651432e-06 -1.818386407723250e-14 3.498479392108007e+02
5.490718035616733e-06 -1.831506393538670e-14 3.483235473188147e+02
5.530050763582034e-06 -1.844626379354091e-14 3.452747635348426e+02
5.569383491547336e-06 -1.857746365169512e-14 3.353662162369332e+02
5.608716219512644e-06 -1.870866350984935e-14 5.998482094965146e+02
5.648048947477945e-06 -1.883986336800356e-14 4.332321757024382e+03
5.687381675443246e-06 -1.897106322615776e-14 2.697411452869333e+03
5.726714403408547e-06 -1.910226308431197e-14 2.701222432599298e+03
5.766047131373848e-06 -1.923346294246618e-14 2.285825642033097e+03
5.805379859339150e-06 -1.936466280062039e-14 2.317837871764804e+03
5.844712587304451e-06 -1.949586265877460e-14 2.644819932595814e+03
5.884045315269759e-06 -1.962706251692883e-14 3.125765574517416e+03
5.923378043235060e-06 -1.975826237508303e-14 3.830034628614976e+03
5.962710771200361e-06 -1.988946223323724e-14 3.551833108327519e+02
6.002043499165663e-06 -2.002066209139145e-14 4.230187500261316e+02
6.041376227130964e-06 -2.015186194954565e-14 5.685981757108003e+02
6.080708955096265e-06 -2.028306180769986e-14 5.129578716533092e+02
6.120041683061566e-06 -2.041426166585407e-14 5.198176351672464e+02
6.159374411026874e-06 -2.054546152400830e-14 6.097567567944239e+02
6.198707138992175e-06 -2.067666138216251e-14 5.419213176010443e+02
6.238039866957477e-06 -2.080786124031671e-14 3.620430743466893e+02
6.277372594922778e-06 -2.093906109847092e-14 3.635674662386753e+02
6.316705322888079e-06 -2.107026095662513e-14 7.073178378815318e+02
6.356038050853380e-06 -2.120146081477934e-14 1.830794662275258e+03
6.395370778818688e-06 -2.133266067293357e-14 1.194361047371078e+03
6.434703506783989e-06 -2.146386053108777e-14 1.136434155475608e+03
6.474036234749291e-06 -2.159506038924198e-14 1.182165912235190e+03
6.513368962714592e-06 -2.172626024739619e-14 1.144056114935538e+03
6.552701690679893e-06 -2.185746010555040e-14 1.157775641963412e+03
6.592034418645194e-06 -2.198865996370461e-14 9.344522297874547e+02
6.631367146610495e-06 -2.211985982185881e-14 9.466473649233433e+02
6.670699874575803e-06 -2.225105968001304e-14 9.535071284372805e+02
6.710032602541105e-06 -2.238225953816725e-14 1.081556047364110e+03
6.749365330506406e-06 -2.251345939632146e-14 1.073171891958186e+03
6.788698058471707e-06 -2.264465925447566e-14 1.173781756829266e+03
6.828030786437008e-06 -2.277585911262987e-14 1.128812196015678e+03
6.867363514402309e-06 -2.290705897078408e-14 1.198172027101043e+03
6.906696242367611e-06 -2.303825882893829e-14 1.247714763590590e+03
6.946028970332919e-06 -2.316945868709252e-14 1.328507533865851e+03
6.985361698298220e-06 -2.330065854524672e-14 1.410824696033098e+03
7.024694426263521e-06 -2.343185840340093e-14 1.516007736580137e+03
7.064027154228822e-06 -2.356305826155514e-14 1.560977297393725e+03
7.103359882194123e-06 -2.369425811970935e-14 1.640245675777001e+03
7.142692610159425e-06 -2.382545797786355e-14 1.686739628482575e+03
7.182025338124726e-06 -2.395665783601776e-14 1.747715304162018e+03
7.221358066090034e-06 -2.408785769417199e-14 1.788111689299648e+03
7.260690794055335e-06 -2.421905755232620e-14 1.822410506869335e+03
7.300023522020636e-06 -2.435025741048041e-14 2.006099729853655e+03
7.339356249985937e-06 -2.448145726863462e-14 2.134910844726477e+03
7.378688977951239e-06 -2.461265712678882e-14 2.185977973108010e+03
7.418021705916540e-06 -2.474385698494303e-14 2.351374493388497e+03
7.457354433881841e-06 -2.487505684309724e-14 2.429880675825780e+03
7.496687161847149e-06 -2.500625670125147e-14 3.040399628566196e+03
7.536019889812450e-06 -2.513745655940567e-14 4.390248648919853e+03
7.575352617777751e-06 -2.526865641755988e-14 1.903203277144596e+03
7.614685345743053e-06 -2.539985627571409e-14 2.964942229912887e+02
7.654018073708354e-06 -2.553105613386830e-14 3.384150000209053e+02
7.693350801673655e-06 -2.566225599202250e-14 3.750004054285707e+02
7.732683529638956e-06 -2.579345585017671e-14 2.317075675818811e+02
7.772016257604264e-06 -2.592465570833094e-14 1.371952702787454e+02
7.811348985569565e-06 -2.605585556648515e-14 1.471038175766548e+02
7.850681713534867e-06 -2.618705542463936e-14 1.086891418986061e+03
7.890014441500168e-06 -2.631825528279356e-14 3.842991959696857e+03
7.929347169465469e-06 -2.644945514094777e-14 2.612045506918114e+03
7.968679897430770e-06 -2.658065499910198e-14 2.687502905571424e+03
8.008012625396072e-06 -2.671185485725619e-14 2.433691655555745e+03
8.047345353361380e-06 -2.684305471541042e-14 2.313264696088846e+03
8.086678081326681e-06 -2.697425457356463e-14 2.410825777175954e+03
8.126010809291982e-06 -2.710545443171883e-14 2.235520709597557e+03
8.165343537257283e-06 -2.723665428987304e-14 2.169971858242156e+03
8.204676265222584e-06 -2.736785414802725e-14 2.631100405567940e+03
8.244008993187886e-06 -2.749905400618145e-14 4.786590540836229e+03
8.283341721153187e-06 -2.763025386433566e-14 6.080037061186400e+03
8.322674449118495e-06 -2.776145372248989e-14 5.248481284108005e+03
8.362007177083796e-06 -2.789265358064410e-14 4.368907162432048e+03
8.401339905049097e-06 -2.802385343879831e-14 3.940553040783965e+03
8.440672633014398e-06 -2.815505329695251e-14 3.659302736712537e+03
8.480005360979700e-06 -2.828625315510672e-14 3.494668412378042e+03
8.519338088945001e-06 -2.841745301326093e-14 3.378052432641109e+03
8.558670816910302e-06 -2.854865287141513e-14 3.412351250210795e+03
8.598003544875610e-06 -2.867985272956937e-14 3.769058952935533e+03
8.637336272840911e-06 -2.881105258772358e-14 3.754577229961666e+03
8.676669000806212e-06 -2.894225244587778e-14 2.370429392038323e+03
8.716001728771514e-06 -2.907345230403199e-14 1.911587432550519e+03
8.755334456736815e-06 -2.920465216218620e-14 1.683690844698603e+03
8.794667184702116e-06 -2.933585202034041e-14 1.540398006851914e+03
8.833999912667417e-06 -2.946705187849461e-14 1.416922263601043e+03
8.873332640632725e-06 -2.959825173664884e-14 1.468751587928569e+03
8.912665368598026e-06 -2.972945159480305e-14 1.476373547388499e+03
8.951998096563328e-06 -2.986065145295726e-14 1.600611486585363e+03
8.991330824528629e-06 -2.999185131111146e-14 1.726373817674213e+03
9.030663552493930e-06 -3.012305116926567e-14 1.880337398764805e+03
9.069996280459231e-06 -3.025425102741988e-14 2.057929054181181e+03
9.109329008424532e-06 -3.038545088557409e-14 2.339941554198602e+03
9.148661736389840e-06 -3.051665074372832e-14 2.830033547472121e+03
9.187994464355142e-06 -3.064785060188253e-14 4.048022669168982e+03
9.227327192320443e-06 -3.077905046003674e-14 6.060982162536575e+03
9.266659920285744e-06 -3.091025031819094e-14 9.275924662735175e+03
9.305992648251045e-06 -3.104145017634514e-14 5.815555067926819e+03
9.345325376216346e-06 -3.117265003449935e-14 9.070131757317057e+02
9.384658104181648e-06 -3.130384989265356e-14 5.190554392212534e+02
