-4.946301714880974e-05 1.649908656101340e-13 0.000000000000000e+00
-4.940333041213307e-05 1.647917720869852e-13 0.000000000000000e+00
-4.934364367545641e-05 1.645926785638363e-13 0.000000000000000e+00
-4.928395693877974e-05 1.643935850406875e-13 0.000000000000000e+00
-4.922427020210307e-05 1.641944915175387e-13 0.000000000000000e+00
-4.916458346542640e-05 1.639953979943898e-13 0.000000000000000e+00
-4.910489672874974e-05 1.637963044712410e-13 0.000000000000000e+00
-4.904520999207307e-05 1.635972109480922e-13 0.000000000000000e+00
-4.898552325539640e-05 1.633981174249434e-13 0.000000000000000e+00
-4.892583651871973e-05 1.631990239017945e-13 3.170539245048599e-01
-4.886614978204307e-05 1.629999303786457e-13 0.000000000000000e+00
-4.880646304536640e-05 1.628008368554969e-13 0.000000000000000e+00
-4.874677630868973e-05 1.626017433323480e-13 0.000000000000000e+00
-4.868708957201307e-05 1.624026498091992e-13 0.000000000000000e+00
-4.862740283533640e-05 1.622035562860504e-13 3.170539245048599e-01
-4.856771609865973e-05 1.620044627629016e-13 0.000000000000000e+00
-4.850802936198306e-05 1.618053692397527e-13 0.000000000000000e+00
-4.844834262530640e-05 1.616062757166039e-13 3.170539245048599e-01
-4.838865588862973e-05 1.614071821934551e-13 5.284232075080998e-01
-4.832896915195306e-05 1.612080886703062e-13 0.000000000000000e+00
-4.826928241527639e-05 1.610089951471574e-13 5.284232075080998e-01
-4.820959567859973e-05 1.608099016240086e-13 3.170539245048599e-01
-4.814990894192306e-05 1.606108081008598e-13 0.000000000000000e+00
-4.809022220524639e-05 1.604117145777109e-13 7.397924905113397e-01
-4.803053546856973e-05 1.602126210545621e-13 4.227385660064798e-01
-4.797084873189306e-05 1.600135275314133e-13 4.227385660064798e-01
-4.791116199521639e-05 1.598144340082644e-13 4.227385660064798e-01
-4.785147525853972e-05 1.596153404851156e-13 6.341078490097197e-01
-4.779178852186306e-05 1.594162469619668e-13 8.454771320129596e-01
-4.773210178518639e-05 1.592171534388180e-13 1.268215698019439e+00
-4.767241504850972e-05 1.590180599156691e-13 1.479584981022679e+00
-4.761272831183305e-05 1.588189663925203e-13 6.341078490097197e-01
-4.755304157515639e-05 1.586198728693715e-13 1.162531056517820e+00
-4.749335483847972e-05 1.584207793462226e-13 1.056846415016200e+00
-4.743366810180305e-05 1.582216858230738e-13 1.479584981022679e+00
-4.737398136512638e-05 1.580225922999250e-13 1.479584981022679e+00
-4.731429462844972e-05 1.578234987767762e-13 8.454771320129596e-01
-4.725460789177305e-05 1.576244052536273e-13 1.585269622524299e+00
-4.719492115509638e-05 1.574253117304785e-13 1.479584981022679e+00
-4.713523441841972e-05 1.572262182073297e-13 2.536431396038879e+00
-4.707554768174305e-05 1.570271246841808e-13 8.454771320129596e-01
-4.701586094506638e-05 1.568280311610320e-13 1.796638905527539e+00
-4.695617420838971e-05 1.566289376378832e-13 2.430746754537259e+00
-4.689648747171305e-05 1.564298441147344e-13 1.056846415016200e+00
-4.683680073503638e-05 1.562307505915855e-13 1.902323547029159e+00
-4.677711399835971e-05 1.560316570684367e-13 2.430746754537259e+00
-4.671742726168304e-05 1.558325635452879e-13 2.536431396038879e+00
-4.665774052500638e-05 1.556334700221390e-13 3.064854603546979e+00
-4.659805378832971e-05 1.554343764989902e-13 2.430746754537259e+00
-4.653836705165304e-05 1.552352829758414e-13 2.008008188530779e+00
-4.647868031497638e-05 1.550361894526926e-13 2.325062113035639e+00
-4.641899357829971e-05 1.548370959295437e-13 1.902323547029159e+00
-4.635930684162304e-05 1.546380024063949e-13 2.219377471534019e+00
-4.629962010494637e-05 1.544389088832461e-13 2.325062113035639e+00
-4.623993336826971e-05 1.542398153600972e-13 3.064854603546979e+00
-4.618024663159304e-05 1.540407218369484e-13 3.064854603546979e+00
-4.612055989491637e-05 1.538416283137996e-13 2.536431396038879e+00
-4.606087315823970e-05 1.536425347906507e-13 3.804647094058319e+00
-4.600118642156304e-05 1.534434412675019e-13 4.016016377061558e+00
-4.594149968488637e-05 1.532443477443531e-13 2.747800679042119e+00
-4.588181294820970e-05 1.530452542212043e-13 3.910331735559939e+00
-4.582212621153303e-05 1.528461606980554e-13 3.381908528051838e+00
-4.576243947485637e-05 1.526470671749066e-13 2.747800679042119e+00
-4.570275273817969e-05 1.524479736517578e-13 4.333070301566418e+00
-4.564306600150303e-05 1.522488801286089e-13 3.910331735559939e+00
-4.558337926482636e-05 1.520497866054601e-13 2.747800679042119e+00
-4.552369252814970e-05 1.518506930823113e-13 3.804647094058319e+00
-4.546400579147302e-05 1.516515995591624e-13 4.650124226071278e+00
-4.540431905479636e-05 1.514525060360136e-13 3.698962452556699e+00
-4.534463231811969e-05 1.512534125128648e-13 4.861493509074518e+00
-4.528494558144303e-05 1.510543189897160e-13 5.178547433579378e+00
-4.522525884476636e-05 1.508552254665671e-13 3.698962452556699e+00
-4.516557210808969e-05 1.506561319434183e-13 4.438754943068038e+00
-4.510588537141302e-05 1.504570384202695e-13 3.910331735559939e+00
-4.504619863473635e-05 1.502579448971206e-13 4.333070301566418e+00
-4.498651189805969e-05 1.500588513739718e-13 4.755808867572898e+00
-4.492682516138302e-05 1.498597578508230e-13 4.650124226071278e+00
-4.486713842470635e-05 1.496606643276742e-13 4.861493509074518e+00
-4.480745168802968e-05 1.494615708045253e-13 4.438754943068038e+00
-4.474776495135302e-05 1.492624772813765e-13 4.016016377061558e+00
-4.468807821467635e-05 1.490633837582277e-13 3.487593169553458e+00
-4.462839147799968e-05 1.488642902350788e-13 5.918339924090717e+00
-4.456870474132302e-05 1.486651967119300e-13 5.389916716582618e+00
-4.450901800464635e-05 1.484661031887812e-13 4.755808867572898e+00
-4.444933126796968e-05 1.482670096656324e-13 5.284232075080998e+00
-4.438964453129301e-05 1.480679161424835e-13 5.178547433579378e+00
-4.432995779461635e-05 1.478688226193347e-13 6.024024565592337e+00
-4.427027105793968e-05 1.476697290961859e-13 5.601285999585857e+00
-4.421058432126301e-05 1.474706355730370e-13 5.284232075080998e+00
-4.415089758458634e-05 1.472715420498882e-13 6.024024565592337e+00
-4.409121084790968e-05 1.470724485267394e-13 5.072862792077758e+00
-4.403152411123301e-05 1.468733550035906e-13 6.235393848595577e+00
-4.397183737455634e-05 1.466742614804417e-13 5.812655282589097e+00
-4.391215063787967e-05 1.464751679572929e-13 6.235393848595577e+00
-4.385246390120301e-05 1.462760744341441e-13 6.235393848595577e+00
-4.379277716452634e-05 1.460769809109952e-13 6.869501697605297e+00
-4.373309042784967e-05 1.458778873878464e-13 6.446763131598817e+00
-4.367340369117301e-05 1.456787938646976e-13 6.658132414602057e+00
-4.361371695449634e-05 1.454797003415488e-13 6.869501697605297e+00
-4.355403021781967e-05 1.452806068183999e-13 6.658132414602057e+00
-4.349434348114300e-05 1.450815132952511e-13 6.552447773100437e+00
-4.343465674446634e-05 1.448824197721023e-13 7.820663471119877e+00
-4.337497000778967e-05 1.446833262489534e-13 7.186555622110157e+00
-4.331528327111300e-05 1.444842327258046e-13 5.601285999585857e+00
-4.325559653443633e-05 1.442851392026558e-13 6.552447773100437e+00
-4.319590979775967e-05 1.440860456795070e-13 6.658132414602057e+00
-4.313622306108300e-05 1.438869521563581e-13 8.454771320129597e+00
-4.307653632440633e-05 1.436878586332093e-13 7.609294188116637e+00
-4.301684958772967e-05 1.434887651100605e-13 5.918339924090717e+00
-4.295716285105300e-05 1.432896715869116e-13 5.918339924090717e+00
-4.289747611437633e-05 1.430905780637628e-13 8.137717395624737e+00
-4.283778937769966e-05 1.428914845406140e-13 7.714978829618257e+00
-4.277810264102300e-05 1.426923910174652e-13 7.397924905113397e+00
-4.271841590434633e-05 1.424932974943163e-13 7.926348112621497e+00
-4.265872916766966e-05 1.422942039711675e-13 6.869501697605297e+00
-4.259904243099299e-05 1.420951104480186e-13 7.926348112621497e+00
-4.253935569431633e-05 1.418960169248698e-13 8.032032754123117e+00
-4.247966895763966e-05 1.416969234017210e-13 7.714978829618257e+00
-4.241998222096299e-05 1.414978298785722e-13 8.454771320129597e+00
-4.236029548428633e-05 1.412987363554234e-13 9.194563810640936e+00
-4.230060874760966e-05 1.410996428322745e-13 9.300248452142556e+00
-4.224092201093299e-05 1.409005493091257e-13 7.080870980608537e+00
-4.218123527425632e-05 1.407014557859768e-13 6.975186339106917e+00
-4.212154853757966e-05 1.405023622628280e-13 8.983194527637696e+00
-4.206186180090299e-05 1.403032687396792e-13 8.983194527637696e+00
-4.200217506422632e-05 1.401041752165304e-13 8.243402037126357e+00
-4.194248832754965e-05 1.399050816933816e-13 8.877509886136076e+00
-4.188280159087299e-05 1.397059881702327e-13 9.088879169139316e+00
-4.182311485419632e-05 1.395068946470839e-13 1.109688735767010e+01
-4.176342811751965e-05 1.393078011239350e-13 8.666140603132837e+00
-4.170374138084298e-05 1.391087076007862e-13 1.004004094265390e+01
-4.164405464416632e-05 1.389096140776374e-13 1.130825664067333e+01
-4.158436790748965e-05 1.387105205544886e-13 8.771825244634456e+00
-4.152468117081298e-05 1.385114270313397e-13 1.035709486715876e+01
-4.146499443413632e-05 1.383123335081909e-13 7.714978829618257e+00
-4.140530769745965e-05 1.381132399850421e-13 9.828671659650656e+00
-4.134562096078298e-05 1.379141464618932e-13 8.560455961631217e+00
-4.128593422410631e-05 1.377150529387444e-13 7.609294188116637e+00
-4.122624748742965e-05 1.375159594155956e-13 1.046277950866038e+01
-4.116656075075298e-05 1.373168658924468e-13 9.934356301152276e+00
-4.110687401407631e-05 1.371177723692979e-13 1.004004094265390e+01
-4.104718727739964e-05 1.369186788461491e-13 8.983194527637696e+00
-4.098750054072298e-05 1.367195853230003e-13 1.173099520667981e+01
-4.092781380404631e-05 1.365204917998514e-13 9.511617735145796e+00
-4.086812706736964e-05 1.363213982767026e-13 1.268215698019439e+01
-4.080844033069298e-05 1.361223047535538e-13 1.215373377268629e+01
-4.074875359401631e-05 1.359232112304050e-13 1.067414879166362e+01
-4.068906685733964e-05 1.357241177072561e-13 1.035709486715876e+01
-4.062938012066297e-05 1.355250241841073e-13 1.225941841418791e+01
-4.056969338398631e-05 1.353259306609585e-13 9.617302376647416e+00
-4.051000664730964e-05 1.351268371378096e-13 1.204804913118467e+01
-4.045031991063297e-05 1.349277436146608e-13 9.722987018149036e+00
-4.039063317395630e-05 1.347286500915120e-13 1.130825664067333e+01
-4.033094643727964e-05 1.345295565683632e-13 1.035709486715876e+01
-4.027125970060297e-05 1.343304630452143e-13 1.120257199917171e+01
-4.021157296392630e-05 1.341313695220655e-13 1.077983343316524e+01
-4.015188622724964e-05 1.339322759989167e-13 1.067414879166362e+01
-4.009219949057297e-05 1.337331824757678e-13 1.088551807466686e+01
-4.003251275389630e-05 1.335340889526190e-13 1.331626482920411e+01
-3.997282601721963e-05 1.333349954294702e-13 1.352763411220735e+01
-3.991313928054297e-05 1.331359019063214e-13 1.225941841418791e+01
-3.985345254386630e-05 1.329368083831725e-13 1.437311124422031e+01
-3.979376580718963e-05 1.327377148600237e-13 1.046277950866038e+01
-3.973407907051296e-05 1.325386213368749e-13 1.331626482920411e+01
-3.967439233383630e-05 1.323395278137260e-13 1.215373377268629e+01
-3.961470559715963e-05 1.321404342905772e-13 1.109688735767010e+01
-3.955501886048296e-05 1.319413407674284e-13 1.384468803671221e+01
-3.949533212380629e-05 1.317422472442796e-13 1.173099520667981e+01
-3.943564538712963e-05 1.315431537211307e-13 1.151962592367657e+01
-3.937595865045296e-05 1.313440601979819e-13 1.257647233869277e+01
-3.931627191377629e-05 1.311449666748331e-13 1.257647233869277e+01
-3.925658517709963e-05 1.309458731516842e-13 1.099120271616848e+01
-3.919689844042296e-05 1.307467796285354e-13 1.511290373473165e+01
-3.913721170374629e-05 1.305476861053866e-13 1.204804913118467e+01
-3.907752496706962e-05 1.303485925822378e-13 1.310489554620087e+01
-3.901783823039296e-05 1.301494990590889e-13 1.500721909323003e+01
-3.895815149371628e-05 1.299504055359401e-13 1.225941841418791e+01
-3.889846475703962e-05 1.297513120127913e-13 1.384468803671221e+01
-3.883877802036295e-05 1.295522184896424e-13 1.299921090469925e+01
-3.877909128368629e-05 1.293531249664936e-13 1.416174196121707e+01
-3.871940454700961e-05 1.291540314433447e-13 1.447879588572193e+01
-3.865971781033295e-05 1.289549379201960e-13 1.405605731971545e+01
-3.860003107365628e-05 1.287558443970471e-13 1.574701158374137e+01
-3.854034433697962e-05 1.285567508738983e-13 1.342194947070573e+01
-3.848065760030294e-05 1.283576573507495e-13 1.627543479124947e+01
-3.842097086362628e-05 1.281585638276006e-13 1.373900339521059e+01
-3.836128412694961e-05 1.279594703044518e-13 1.257647233869277e+01
-3.830159739027295e-05 1.277603767813030e-13 1.310489554620087e+01
-3.824191065359627e-05 1.275612832581541e-13 1.257647233869277e+01
-3.818222391691961e-05 1.273621897350053e-13 1.437311124422031e+01
-3.812253718024294e-05 1.271630962118565e-13 1.500721909323003e+01
-3.806285044356628e-05 1.269640026887077e-13 1.553564230073813e+01
-3.800316370688961e-05 1.267649091655588e-13 1.426742660271869e+01
-3.794347697021295e-05 1.265658156424100e-13 1.638111943275109e+01
-3.788379023353627e-05 1.263667221192611e-13 1.511290373473165e+01
-3.782410349685961e-05 1.261676285961124e-13 1.627543479124947e+01
-3.776441676018294e-05 1.259685350729635e-13 1.838912762128187e+01
-3.770473002350628e-05 1.257694415498147e-13 1.416174196121707e+01
-3.764504328682960e-05 1.255703480266658e-13 1.490153445172841e+01
-3.758535655015294e-05 1.253712545035170e-13 1.627543479124947e+01
-3.752566981347627e-05 1.251721609803682e-13 1.299921090469925e+01
-3.746598307679961e-05 1.249730674572194e-13 1.521858837623327e+01
-3.740629634012293e-05 1.247739739340705e-13 1.764933513077053e+01
-3.734660960344627e-05 1.245748804109217e-13 1.648680407425271e+01
-3.728692286676960e-05 1.243757868877729e-13 1.564132694223975e+01
-3.722723613009294e-05 1.241766933646241e-13 1.542995765923651e+01
-3.716754939341626e-05 1.239775998414752e-13 1.627543479124947e+01
-3.710786265673960e-05 1.237785063183264e-13 1.553564230073813e+01
-3.704817592006293e-05 1.235794127951775e-13 1.564132694223975e+01
-3.698848918338626e-05 1.233803192720287e-13 1.923460475329483e+01
-3.692880244670959e-05 1.231812257488799e-13 1.690954264025919e+01
-3.686911571003293e-05 1.229821322257311e-13 1.479584981022679e+01
-3.680942897335626e-05 1.227830387025822e-13 1.817775833827863e+01
-3.674974223667959e-05 1.225839451794334e-13 1.574701158374137e+01
-3.669005550000293e-05 1.223848516562846e-13 1.648680407425271e+01
-3.663036876332626e-05 1.221857581331357e-13 1.786070441377377e+01
-3.657068202664959e-05 1.219866646099869e-13 1.690954264025919e+01
-3.651099528997292e-05 1.217875710868381e-13 1.479584981022679e+01
-3.645130855329626e-05 1.215884775636893e-13 1.923460475329483e+01
-3.639162181661959e-05 1.213893840405404e-13 1.648680407425271e+01
-3.633193507994292e-05 1.211902905173916e-13 1.786070441377377e+01
-3.627224834326625e-05 1.209911969942428e-13 1.701522728176081e+01
-3.621256160658959e-05 1.207921034710939e-13 1.902323547029159e+01
-3.615287486991292e-05 1.205930099479451e-13 1.912892011179321e+01
-3.609318813323625e-05 1.203939164247963e-13 1.775501977227215e+01
-3.603350139655958e-05 1.201948229016475e-13 1.764933513077053e+01
-3.597381465988292e-05 1.199957293784986e-13 1.807207369677701e+01
-3.591412792320625e-05 1.197966358553498e-13 1.828344297978025e+01
-3.585444118652958e-05 1.195975423322010e-13 1.690954264025919e+01
-3.579475444985292e-05 1.193984488090521e-13 1.828344297978025e+01
-3.573506771317625e-05 1.191993552859033e-13 1.595838086674461e+01
-3.567538097649958e-05 1.190002617627545e-13 1.986871260230455e+01
-3.561569423982291e-05 1.188011682396057e-13 1.849481226278349e+01
-3.555600750314625e-05 1.186020747164568e-13 1.955165867779969e+01
-3.549632076646958e-05 1.184029811933080e-13 1.934028939479645e+01
-3.543663402979291e-05 1.182038876701592e-13 2.092555901732075e+01
-3.537694729311624e-05 1.180047941470103e-13 1.701522728176081e+01
-3.531726055643958e-05 1.178057006238615e-13 1.891755082878997e+01
-3.525757381976291e-05 1.176066071007127e-13 2.008008188530779e+01
-3.519788708308624e-05 1.174075135775639e-13 1.786070441377377e+01
-3.513820034640958e-05 1.172084200544150e-13 2.060850509281589e+01
-3.507851360973291e-05 1.170093265312662e-13 2.008008188530779e+01
-3.501882687305624e-05 1.168102330081174e-13 1.817775833827863e+01
-3.495914013637957e-05 1.166111394849685e-13 2.018576652680941e+01
-3.489945339970291e-05 1.164120459618197e-13 2.039713580981265e+01
-3.483976666302624e-05 1.162129524386709e-13 1.976302796080293e+01
-3.478007992634957e-05 1.160138589155221e-13 2.050282045131427e+01
-3.472039318967290e-05 1.158147653923732e-13 2.071418973431751e+01
-3.466070645299624e-05 1.156156718692244e-13 2.124261294182561e+01
-3.460101971631957e-05 1.154165783460756e-13 1.944597403629807e+01
-3.454133297964290e-05 1.152174848229267e-13 1.891755082878997e+01
-3.448164624296624e-05 1.150183912997779e-13 2.081987437581913e+01
-3.442195950628957e-05 1.148192977766291e-13 1.976302796080293e+01
-3.436227276961290e-05 1.146202042534803e-13 2.303925184735315e+01
-3.430258603293623e-05 1.144211107303314e-13 2.092555901732075e+01
-3.424289929625957e-05 1.142220172071826e-13 2.240514399834343e+01
-3.418321255958290e-05 1.140229236840338e-13 2.103124365882237e+01
-3.412352582290623e-05 1.138238301608849e-13 2.325062113035639e+01
-3.406383908622956e-05 1.136247366377361e-13 1.881186618728835e+01
-3.400415234955290e-05 1.134256431145873e-13 1.986871260230455e+01
-3.394446561287623e-05 1.132265495914385e-13 2.335630577185801e+01
-3.388477887619956e-05 1.130274560682896e-13 2.071418973431751e+01
-3.382509213952289e-05 1.128283625451408e-13 2.240514399834343e+01
-3.376540540284623e-05 1.126292690219920e-13 2.399041362086773e+01
-3.370571866616956e-05 1.124301754988431e-13 2.039713580981265e+01
-3.364603192949289e-05 1.122310819756943e-13 2.240514399834343e+01
-3.358634519281623e-05 1.120319884525455e-13 2.155966686633047e+01
-3.352665845613956e-05 1.118328949293967e-13 2.494157539438231e+01
-3.346697171946289e-05 1.116338014062478e-13 2.134829758332723e+01
-3.340728498278622e-05 1.114347078830990e-13 2.377904433786449e+01
-3.334759824610956e-05 1.112356143599502e-13 2.092555901732075e+01
-3.328791150943289e-05 1.110365208368013e-13 2.420178290387097e+01
-3.322822477275622e-05 1.108374273136525e-13 2.187672079083533e+01
-3.316853803607955e-05 1.106383337905037e-13 2.325062113035639e+01
-3.310885129940289e-05 1.104392402673548e-13 2.451883682837583e+01
-3.304916456272622e-05 1.102401467442060e-13 2.008008188530779e+01
-3.298947782604955e-05 1.100410532210572e-13 2.473020611137907e+01
-3.292979108937289e-05 1.098419596979084e-13 2.187672079083533e+01
-3.287010435269622e-05 1.096428661747595e-13 2.642116037540499e+01
-3.281041761601955e-05 1.094437726516107e-13 2.261651328134667e+01
-3.275073087934288e-05 1.092446791284619e-13 2.673821429990985e+01
-3.269104414266622e-05 1.090455856053130e-13 2.050282045131427e+01
-3.263135740598955e-05 1.088464920821642e-13 2.642116037540499e+01
-3.257167066931288e-05 1.086473985590154e-13 2.441315218687421e+01
-3.251198393263621e-05 1.084483050358666e-13 2.853485320543739e+01
-3.245229719595955e-05 1.082492115127177e-13 2.293356720585153e+01
-3.239261045928288e-05 1.080501179895689e-13 2.325062113035639e+01
-3.233292372260621e-05 1.078510244664201e-13 2.272219792284829e+01
-3.227323698592955e-05 1.076519309432712e-13 2.451883682837583e+01
-3.221355024925287e-05 1.074528374201224e-13 2.705526822441471e+01
-3.215386351257621e-05 1.072537438969736e-13 2.557568324339203e+01
-3.209417677589954e-05 1.070546503738247e-13 2.684389894141147e+01
-3.203449003922288e-05 1.068555568506759e-13 2.441315218687421e+01
-3.197480330254620e-05 1.066564633275271e-13 2.272219792284829e+01
-3.191511656586954e-05 1.064573698043783e-13 2.515294467738555e+01
-3.185542982919287e-05 1.062582762812294e-13 2.652684501690661e+01
-3.179574309251621e-05 1.060591827580806e-13 2.726663750741795e+01
-3.173605635583953e-05 1.058600892349318e-13 2.399041362086773e+01
-3.167636961916287e-05 1.056609957117830e-13 2.811211463943091e+01
-3.161668288248620e-05 1.054619021886341e-13 2.779506071492605e+01
-3.155699614580954e-05 1.052628086654853e-13 2.758369143192281e+01
-3.149730940913286e-05 1.050637151423364e-13 2.525862931888717e+01
-3.143762267245620e-05 1.048646216191876e-13 2.599842180939851e+01
-3.137793593577953e-05 1.046655280960388e-13 2.821779928093253e+01
-3.131824919910287e-05 1.044664345728900e-13 2.494157539438231e+01
-3.125856246242619e-05 1.042673410497411e-13 2.885190712994225e+01
-3.119887572574953e-05 1.040682475265923e-13 2.768937607342443e+01
-3.113918898907286e-05 1.038691540034435e-13 2.853485320543739e+01
-3.107950225239620e-05 1.036700604802947e-13 2.800642999792929e+01
-3.101981551571953e-05 1.034709669571458e-13 2.737232214891957e+01
-3.096012877904286e-05 1.032718734339970e-13 2.938033033745035e+01
-3.090044204236619e-05 1.030727799108482e-13 2.610410645090013e+01
-3.084075530568953e-05 1.028736863876993e-13 2.832348392243415e+01
-3.078106856901286e-05 1.026745928645505e-13 2.716095286591633e+01
-3.072138183233620e-05 1.024754993414017e-13 2.959169962045359e+01
-3.066169509565952e-05 1.022764058182528e-13 2.864053784693901e+01
-3.060200835898286e-05 1.020773122951040e-13 2.959169962045359e+01
-3.054232162230619e-05 1.018782187719552e-13 2.885190712994225e+01
-3.048263488562952e-05 1.016791252488064e-13 3.181107709198761e+01
-3.042294814895286e-05 1.014800317256575e-13 3.022580746946331e+01
-3.036326141227619e-05 1.012809382025087e-13 3.360771599751514e+01
-3.030357467559952e-05 1.010818446793599e-13 2.652684501690661e+01
-3.024388793892285e-05 1.008827511562111e-13 2.874622248844063e+01
-3.018420120224619e-05 1.006836576330622e-13 2.758369143192281e+01
-3.012451446556952e-05 1.004845641099134e-13 3.255086958249895e+01
-3.006482772889285e-05 1.002854705867646e-13 3.138833852598113e+01
-3.000514099221618e-05 1.000863770636157e-13 2.811211463943091e+01
-2.994545425553952e-05 9.988728354046691e-14 3.360771599751514e+01
-2.988576751886285e-05 9.968819001731808e-14 3.233950029949570e+01
-2.982608078218618e-05 9.948909649416925e-14 3.001443818646007e+01
-2.976639404550952e-05 9.929000297102042e-14 2.853485320543739e+01
-2.970670730883285e-05 9.909090944787159e-14 3.202244637499085e+01
-2.964702057215618e-05 9.889181592472276e-14 3.360771599751514e+01
-2.958733383547951e-05 9.869272240157393e-14 3.159970780898437e+01
-2.952764709880285e-05 9.849362887842511e-14 3.582709346904917e+01
-2.946796036212618e-05 9.829453535527628e-14 3.233950029949570e+01
-2.940827362544951e-05 9.809544183212745e-14 3.244518494099733e+01
-2.934858688877284e-05 9.789634830897862e-14 3.455887777102973e+01
-2.928890015209618e-05 9.769725478582979e-14 3.107128460147627e+01
-2.922921341541951e-05 9.749816126268096e-14 3.033149211096493e+01
-2.916952667874284e-05 9.729906773953213e-14 3.403045456352162e+01
-2.910983994206618e-05 9.709997421638331e-14 3.360771599751514e+01
-2.905015320538951e-05 9.690088069323448e-14 3.360771599751514e+01
-2.899046646871284e-05 9.670178717008565e-14 3.614414739355402e+01
-2.893077973203617e-05 9.650269364693682e-14 3.434750848802648e+01
-2.887109299535951e-05 9.630360012378799e-14 3.593277811055079e+01
-2.881140625868284e-05 9.610450660063916e-14 3.403045456352162e+01
-2.875171952200617e-05 9.590541307749033e-14 3.371340063901677e+01
-2.869203278532950e-05 9.570631955434150e-14 3.445319312952810e+01
-2.863234604865284e-05 9.550722603119268e-14 3.350203135601352e+01
-2.857265931197617e-05 9.530813250804385e-14 3.931468663860262e+01
-2.851297257529950e-05 9.510903898489502e-14 3.846920950658966e+01
-2.845328583862283e-05 9.490994546174618e-14 3.529867026154106e+01
-2.839359910194616e-05 9.471085193859734e-14 3.487593169553458e+01
-2.833391236526950e-05 9.451175841544851e-14 3.762373237457670e+01
-2.827422562859283e-05 9.431266489229970e-14 3.794078629908157e+01
-2.821453889191616e-05 9.411357136915087e-14 3.624983203505565e+01
-2.815485215523949e-05 9.391447784600203e-14 3.889194807259614e+01
-2.809516541856283e-05 9.371538432285320e-14 3.540435490304269e+01
-2.803547868188616e-05 9.351629079970437e-14 3.403045456352162e+01
-2.797579194520949e-05 9.331719727655554e-14 3.751804773307509e+01
-2.791610520853283e-05 9.311810375340671e-14 4.185111803464150e+01
-2.785641847185616e-05 9.291901023025789e-14 3.942037128010424e+01
-2.779673173517949e-05 9.271991670710906e-14 3.593277811055079e+01
-2.773704499850282e-05 9.252082318396023e-14 3.783510165757995e+01
-2.767735826182616e-05 9.232172966081140e-14 4.016016377061558e+01
-2.761767152514949e-05 9.212263613766257e-14 3.582709346904917e+01
-2.755798478847282e-05 9.192354261451374e-14 4.174543339313988e+01
-2.749829805179615e-05 9.172444909136491e-14 3.994879448761235e+01
-2.743861131511949e-05 9.152535556821609e-14 4.174543339313988e+01
-2.737892457844282e-05 9.132626204506726e-14 3.963174056310748e+01
-2.731923784176615e-05 9.112716852191843e-14 4.354207229866742e+01
-2.725955110508949e-05 9.092807499876960e-14 3.942037128010424e+01
-2.719986436841282e-05 9.072898147562077e-14 3.794078629908157e+01
-2.714017763173615e-05 9.052988795247194e-14 4.438754943068038e+01
-2.708049089505948e-05 9.033079442932311e-14 4.100564090262854e+01
-2.702080415838282e-05 9.013170090617429e-14 4.544439584569658e+01
-2.696111742170615e-05 8.993260738302546e-14 3.931468663860262e+01
-2.690143068502948e-05 8.973351385987663e-14 4.163974875163827e+01
-2.684174394835281e-05 8.953442033672780e-14 4.565576512869982e+01
-2.678205721167615e-05 8.933532681357897e-14 4.269659516665446e+01
-2.672237047499948e-05 8.913623329043014e-14 4.861493509074518e+01
-2.666268373832281e-05 8.893713976728131e-14 4.005447912911396e+01
-2.660299700164615e-05 8.873804624413248e-14 4.047721769512044e+01
-2.654331026496948e-05 8.853895272098366e-14 4.660692690221440e+01
-2.648362352829281e-05 8.833985919783483e-14 4.481028799668686e+01
-2.642393679161614e-05 8.814076567468600e-14 4.428186478917876e+01
-2.636425005493948e-05 8.794167215153717e-14 4.163974875163827e+01
-2.630456331826281e-05 8.774257862838834e-14 4.491597263818848e+01
-2.624487658158614e-05 8.754348510523951e-14 4.724103475122412e+01
-2.618518984490947e-05 8.734439158209068e-14 5.083431256227920e+01
-2.612550310823281e-05 8.714529805894186e-14 4.322501837416256e+01
-2.606581637155614e-05 8.694620453579303e-14 4.354207229866742e+01
-2.600612963487947e-05 8.674711101264420e-14 4.586713441170306e+01
-2.594644289820280e-05 8.654801748949537e-14 4.861493509074518e+01
-2.588675616152614e-05 8.634892396634653e-14 4.681829618521764e+01
-2.582706942484947e-05 8.614983044319770e-14 4.766377331723060e+01
-2.576738268817280e-05 8.595073692004887e-14 4.745240403422736e+01
-2.570769595149614e-05 8.575164339690006e-14 4.924904293975490e+01
-2.564800921481947e-05 8.555254987375123e-14 4.565576512869982e+01
-2.558832247814280e-05 8.535345635060239e-14 5.136273576978730e+01
-2.552863574146613e-05 8.515436282745356e-14 5.072862792077758e+01
-2.546894900478947e-05 8.495526930430473e-14 4.650124226071278e+01
-2.540926226811280e-05 8.475617578115590e-14 4.798082724173546e+01
-2.534957553143613e-05 8.455708225800707e-14 5.020020471326948e+01
-2.528988879475946e-05 8.435798873485825e-14 4.988315078876462e+01
-2.523020205808280e-05 8.415889521170942e-14 5.358211324132132e+01
-2.517051532140613e-05 8.395980168856059e-14 5.072862792077758e+01
-2.511082858472946e-05 8.376070816541176e-14 4.967178150576138e+01
-2.505114184805280e-05 8.356161464226293e-14 5.263095146780674e+01
-2.499145511137613e-05 8.336252111911410e-14 4.840356580774194e+01
-2.493176837469946e-05 8.316342759596527e-14 5.284232075080998e+01
-2.487208163802279e-05 8.296433407281645e-14 5.537875214684885e+01
-2.481239490134613e-05 8.276524054966762e-14 5.136273576978730e+01
-2.475270816466946e-05 8.256614702651879e-14 5.326505931681645e+01
-2.469302142799279e-05 8.236705350336996e-14 5.400485180732780e+01
-2.463333469131612e-05 8.216795998022113e-14 5.220821290180026e+01
-2.457364795463945e-05 8.196886645707229e-14 5.294800539231160e+01
-2.451396121796279e-05 8.176977293392347e-14 5.358211324132132e+01
-2.445427448128612e-05 8.157067941077464e-14 5.516738286384562e+01
-2.439458774460945e-05 8.137158588762581e-14 5.865497603339907e+01
-2.433490100793278e-05 8.117249236447698e-14 5.093999720378082e+01
-2.427521427125612e-05 8.097339884132815e-14 5.273663610930836e+01
-2.421552753457945e-05 8.077430531817932e-14 6.013456101442176e+01
-2.415584079790278e-05 8.057521179503049e-14 5.738676033537963e+01
-2.409615406122612e-05 8.037611827188165e-14 5.643559856186506e+01
-2.403646732454945e-05 8.017702474873284e-14 5.780949890138611e+01
-2.397678058787278e-05 7.997793122558401e-14 5.411053644882941e+01
-2.391709385119611e-05 7.977883770243518e-14 5.559012142985210e+01
-2.385740711451945e-05 7.957974417928634e-14 6.171983063694606e+01
-2.379772037784278e-05 7.938065065613751e-14 5.337074395831808e+01
-2.373803364116611e-05 7.918155713298868e-14 5.907771459940555e+01
-2.367834690448944e-05 7.898246360983985e-14 6.140277671244120e+01
-2.361866016781278e-05 7.878337008669104e-14 5.854929139189746e+01
-2.355897343113611e-05 7.858427656354220e-14 6.087435350493310e+01
-2.349928669445944e-05 7.838518304039337e-14 5.833792210889422e+01
-2.343959995778278e-05 7.818608951724454e-14 5.854929139189746e+01
-2.337991322110611e-05 7.798699599409571e-14 6.055729958042824e+01
-2.332022648442944e-05 7.778790247094688e-14 5.992319173141851e+01
-2.326053974775277e-05 7.758880894779805e-14 6.710974735352868e+01
-2.320085301107611e-05 7.738971542464923e-14 6.425626203298494e+01
-2.314116627439944e-05 7.719062190150040e-14 6.362215418397521e+01
-2.308147953772277e-05 7.699152837835157e-14 5.981750708991689e+01
-2.302179280104610e-05 7.679243485520274e-14 6.341078490097198e+01
-2.296210606436944e-05 7.659334133205391e-14 6.140277671244120e+01
-2.290241932769277e-05 7.639424780890508e-14 6.013456101442176e+01
-2.284273259101610e-05 7.619515428575625e-14 6.647563950451895e+01
-2.278304585433943e-05 7.599606076260743e-14 6.298804633496550e+01
-2.272335911766277e-05 7.579696723945860e-14 6.425626203298494e+01
-2.266367238098610e-05 7.559787371630977e-14 6.489036988199466e+01
-2.260398564430943e-05 7.539878019316094e-14 6.383352346697846e+01
-2.254429890763277e-05 7.519968667001211e-14 6.795522448554163e+01
-2.248461217095610e-05 7.500059314686328e-14 6.594721629701085e+01
-2.242492543427943e-05 7.480149962371445e-14 6.563016237250599e+01
-2.236523869760276e-05 7.460240610056563e-14 6.658132414602058e+01
-2.230555196092610e-05 7.440331257741680e-14 6.890638625905621e+01
-2.224586522424943e-05 7.420421905426797e-14 6.954049410806593e+01
-2.218617848757276e-05 7.400512553111914e-14 6.943480946656432e+01
-2.212649175089609e-05 7.380603200797031e-14 6.584153165550923e+01
-2.206680501421943e-05 7.360693848482148e-14 7.133713301359347e+01
-2.200711827754276e-05 7.340784496167265e-14 6.858933233455136e+01
-2.194743154086609e-05 7.320875143852383e-14 6.890638625905621e+01
-2.188774480418943e-05 7.300965791537500e-14 7.514178010765178e+01
-2.182805806751276e-05 7.281056439222617e-14 6.954049410806593e+01
-2.176837133083609e-05 7.261147086907734e-14 7.102007908908861e+01
-2.170868459415942e-05 7.241237734592851e-14 6.858933233455136e+01
-2.164899785748276e-05 7.221328382277968e-14 7.292240263611777e+01
-2.158931112080609e-05 7.201419029963085e-14 7.419061833413721e+01
-2.152962438412942e-05 7.181509677648201e-14 7.609294188116637e+01
-2.146993764745275e-05 7.161600325333320e-14 7.218261014560643e+01
-2.141025091077609e-05 7.141690973018437e-14 7.218261014560643e+01
-2.135056417409942e-05 7.121781620703554e-14 6.954049410806593e+01
-2.129087743742275e-05 7.101872268388670e-14 7.852368863570362e+01
-2.123119070074609e-05 7.081962916073787e-14 7.493041082464855e+01
-2.117150396406942e-05 7.062053563758904e-14 7.588157259816313e+01
-2.111181722739275e-05 7.042144211444021e-14 7.619862652266799e+01
-2.105213049071608e-05 7.022234859129139e-14 7.662136508867447e+01
-2.099244375403942e-05 7.002325506814256e-14 8.032032754123117e+01
-2.093275701736275e-05 6.982416154499373e-14 7.947485040921821e+01
-2.087307028068608e-05 6.962506802184490e-14 8.053169682423440e+01
-2.081338354400941e-05 6.942597449869606e-14 7.693841901317933e+01
-2.075369680733274e-05 6.922688097554723e-14 8.032032754123117e+01
-2.069401007065608e-05 6.902778745239841e-14 8.127148931474575e+01
-2.063432333397941e-05 6.882869392924958e-14 7.693841901317933e+01
-2.057463659730274e-05 6.862960040610075e-14 8.158854323925061e+01
-2.051494986062607e-05 6.843050688295192e-14 8.380792071078463e+01
-2.045526312394941e-05 6.823141335980309e-14 8.253970501276518e+01
-2.039557638727274e-05 6.803231983665426e-14 8.507613640880406e+01
-2.033588965059607e-05 6.783322631350543e-14 8.549887497481055e+01
-2.027620291391940e-05 6.763413279035661e-14 8.179991252225385e+01
-2.021651617724274e-05 6.743503926720778e-14 8.380792071078463e+01
-2.015682944056607e-05 6.723594574405895e-14 8.634435210682351e+01
-2.009714270388940e-05 6.703685222091012e-14 8.253970501276518e+01
-2.003745596721274e-05 6.683775869776129e-14 9.036036848388507e+01
-1.997776923053607e-05 6.663866517461246e-14 8.465339784279759e+01
-1.991808249385940e-05 6.643957165146363e-14 8.866941421985915e+01
-1.985839575718273e-05 6.624047812831481e-14 8.814099101235104e+01
-1.979870902050607e-05 6.604138460516598e-14 9.088879169139317e+01
-1.973902228382940e-05 6.584229108201715e-14 8.687277531433161e+01
-1.967933554715273e-05 6.564319755886832e-14 8.983194527637696e+01
-1.961964881047606e-05 6.544410403571949e-14 9.374227701193691e+01
-1.955996207379940e-05 6.524501051257065e-14 9.479912342695310e+01
-1.950027533712273e-05 6.504591698942182e-14 9.067742240838992e+01
-1.944058860044606e-05 6.484682346627301e-14 9.427070021944500e+01
-1.938090186376940e-05 6.464772994312418e-14 9.374227701193691e+01
-1.932121512709273e-05 6.444863641997535e-14 9.585596984196930e+01
-1.926152839041606e-05 6.424954289682651e-14 9.342522308743204e+01
-1.920184165373939e-05 6.405044937367768e-14 9.522186199295957e+01
-1.914215491706273e-05 6.385135585052885e-14 9.902650908701790e+01
-1.908246818038606e-05 6.365226232738002e-14 9.448206950244824e+01
-1.902278144370939e-05 6.345316880423119e-14 1.006117787095422e+02
-1.896309470703272e-05 6.325407528108237e-14 9.870945516251304e+01
-1.890340797035606e-05 6.305498175793354e-14 1.004004094265390e+02
-1.884372123367939e-05 6.285588823478471e-14 9.923787837002114e+01
-1.878403449700272e-05 6.265679471163588e-14 1.065301186336329e+02
-1.872434776032606e-05 6.245770118848705e-14 1.017743097660600e+02
-1.866466102364939e-05 6.225860766533822e-14 1.014572558415552e+02
-1.860497428697272e-05 6.205951414218939e-14 1.013515712000535e+02
-1.854528755029605e-05 6.186042061904057e-14 1.066358032751345e+02
-1.848560081361939e-05 6.166132709589174e-14 1.042050565205973e+02
-1.842591407694272e-05 6.146223357274291e-14 1.048391643696070e+02
-1.836622734026605e-05 6.126314004959408e-14 1.069528571996394e+02
-1.830654060358938e-05 6.106404652644525e-14 1.104404503691929e+02
-1.824685386691272e-05 6.086495300329642e-14 1.093836039541766e+02
-1.818716713023605e-05 6.066585948014759e-14 1.163587902932836e+02
-1.812748039355938e-05 6.046676595699877e-14 1.060016954261248e+02
-1.806779365688271e-05 6.026767243384994e-14 1.107575042936977e+02
-1.800810692020605e-05 6.006857891070111e-14 1.124484585577236e+02
-1.794842018352938e-05 5.986948538755228e-14 1.068471725581378e+02
-1.788873344685271e-05 5.967039186440345e-14 1.179440599158079e+02
-1.782904671017605e-05 5.947129834125462e-14 1.137166742557431e+02
-1.776935997349938e-05 5.927220481810579e-14 1.156189978027722e+02
-1.770967323682271e-05 5.907311129495697e-14 1.214316530853613e+02
-1.764998650014604e-05 5.887401777180814e-14 1.162531056517820e+02
-1.759029976346938e-05 5.867492424865931e-14 1.170985827837949e+02
-1.753061302679271e-05 5.847583072551048e-14 1.202691220288435e+02
-1.747092629011604e-05 5.827673720236165e-14 1.223828148588759e+02
-1.741123955343937e-05 5.807764367921282e-14 1.168872135007917e+02
-1.735155281676271e-05 5.787855015606399e-14 1.251306155379180e+02
-1.729186608008604e-05 5.767945663291517e-14 1.218543916513678e+02
-1.723217934340937e-05 5.748036310976634e-14 1.232282919908889e+02
-1.717249260673271e-05 5.728126958661751e-14 1.277727315754585e+02
-1.711280587005604e-05 5.708217606346868e-14 1.293580011979828e+02
-1.705311913337937e-05 5.688308254031985e-14 1.250249308964164e+02
-1.699343239670270e-05 5.668398901717101e-14 1.328455943675363e+02
-1.693374566002604e-05 5.648489549402219e-14 1.244965076889083e+02
-1.687405892334937e-05 5.628580197087336e-14 1.272443083679504e+02
-1.681437218667270e-05 5.608670844772453e-14 1.321058018770249e+02
-1.675468544999603e-05 5.588761492457570e-14 1.362275028955881e+02
-1.669499871331937e-05 5.568852140142687e-14 1.286182087074715e+02
-1.663531197664270e-05 5.548942787827804e-14 1.302034783299958e+02
-1.657562523996603e-05 5.529033435512921e-14 1.386582496501254e+02
-1.651593850328937e-05 5.509124083198039e-14 1.327399097260347e+02
-1.645625176661270e-05 5.489214730883156e-14 1.402435192726497e+02
-1.639656502993603e-05 5.469305378568273e-14 1.402435192726497e+02
-1.633687829325936e-05 5.449396026253390e-14 1.393980421406367e+02
-1.627719155658270e-05 5.429486673938507e-14 1.397150960651416e+02
-1.621750481990603e-05 5.409577321623624e-14 1.395037267821383e+02
-1.615781808322936e-05 5.389667969308741e-14 1.472187056117566e+02
-1.609813134655269e-05 5.369758616993859e-14 1.489096598757825e+02
-1.603844460987603e-05 5.349849264678976e-14 1.410889964046627e+02
-1.597875787319936e-05 5.329939912364093e-14 1.426742660271869e+02
-1.591907113652269e-05 5.310030560049210e-14 1.403492039141513e+02
-1.585938439984602e-05 5.290121207734327e-14 1.511290373473165e+02
-1.579969766316936e-05 5.270211855419444e-14 1.491210291587857e+02
-1.574001092649269e-05 5.250302503104561e-14 1.490153445172841e+02
-1.568032418981602e-05 5.230393150789679e-14 1.503892448568052e+02
-1.562063745313936e-05 5.210483798474796e-14 1.540882073093619e+02
-1.556095071646269e-05 5.190574446159912e-14 1.564132694223975e+02
-1.550126397978602e-05 5.170665093845029e-14 1.622259247049866e+02
-1.544157724310935e-05 5.150755741530147e-14 1.545109458753684e+02
-1.538189050643269e-05 5.130846389215264e-14 1.571530619129089e+02
-1.532220376975602e-05 5.110937036900381e-14 1.613804475729737e+02
-1.526251703307935e-05 5.091027684585498e-14 1.641282482520158e+02
-1.520283029640268e-05 5.071118332270615e-14 1.593724393844429e+02
-1.514314355972602e-05 5.051208979955732e-14 1.679328953460741e+02
-1.508345682304935e-05 5.031299627640849e-14 1.646566714595239e+02
-1.502377008637268e-05 5.011390275325964e-14 1.678272107045725e+02
-1.496408334969601e-05 4.991480923011081e-14 1.684613185535822e+02
-1.490439661301934e-05 4.971571570696199e-14 1.647623561010255e+02
-1.484470987634267e-05 4.951662218381316e-14 1.754365048926891e+02
-1.478502313966601e-05 4.931752866066433e-14 1.749080816851810e+02
-1.472533640298934e-05 4.911843513751550e-14 1.734284967041583e+02
-1.466564966631267e-05 4.891934161436667e-14 1.799809444772588e+02
-1.460596292963600e-05 4.872024809121784e-14 1.716318577986308e+02
-1.454627619295934e-05 4.852115456806901e-14 1.764933513077053e+02
-1.448658945628267e-05 4.832206104492019e-14 1.779729362887280e+02
-1.442690271960600e-05 4.812296752177136e-14 1.816718987412847e+02
-1.436721598292934e-05 4.792387399862252e-14 1.849481226278349e+02
-1.430752924625267e-05 4.772478047547369e-14 1.852651765523398e+02
-1.424784250957600e-05 4.752568695232487e-14 1.898096161369095e+02
-1.418815577289933e-05 4.732659342917604e-14 1.882243465143851e+02
-1.412846903622267e-05 4.712749990602721e-14 1.841026454958220e+02
-1.406878229954600e-05 4.692840638287838e-14 1.941426864384759e+02
-1.400909556286933e-05 4.672931285972955e-14 1.883300311558868e+02
-1.394940882619266e-05 4.653021933658072e-14 2.021747191925990e+02
-1.388972208951600e-05 4.633112581343189e-14 2.029145116831103e+02
-1.383003535283933e-05 4.613203229028307e-14 1.980530181740358e+02
-1.377034861616266e-05 4.593293876713424e-14 1.991098645890520e+02
-1.371066187948600e-05 4.573384524398541e-14 2.009065034945795e+02
-1.365097514280933e-05 4.553475172083658e-14 2.120033908522496e+02
-1.359128840613266e-05 4.533565819768775e-14 2.093612748147091e+02
-1.353160166945599e-05 4.513656467453892e-14 2.030201963246119e+02
-1.347191493277933e-05 4.493747115139009e-14 2.097840133807156e+02
-1.341222819610266e-05 4.473837762824127e-14 2.164421457953177e+02
-1.335254145942599e-05 4.453928410509244e-14 2.149625608142950e+02
-1.329285472274932e-05 4.434019058194361e-14 2.111579137202367e+02
-1.323316798607266e-05 4.414109705879478e-14 2.190842618328582e+02
-1.317348124939599e-05 4.394200353564595e-14 2.166535150783209e+02
-1.311379451271932e-05 4.374291001249712e-14 2.237343860589295e+02
-1.305410777604266e-05 4.354381648934829e-14 2.283845102850007e+02
-1.299442103936599e-05 4.334472296619947e-14 2.267992406624764e+02
-1.293473430268932e-05 4.314562944305063e-14 2.347255887750979e+02
-1.287504756601265e-05 4.294653591990180e-14 2.282788256434991e+02
-1.281536082933599e-05 4.274744239675297e-14 2.332460037940752e+02
-1.275567409265932e-05 4.254834887360415e-14 2.324005266620623e+02
-1.269598735598265e-05 4.234925535045532e-14 2.353596966241076e+02
-1.263630061930598e-05 4.215016182730649e-14 2.389529744351627e+02
-1.257661388262932e-05 4.195106830415766e-14 2.468793225477842e+02
-1.251692714595265e-05 4.175197478100883e-14 2.450826836422567e+02
-1.245724040927598e-05 4.155288125786000e-14 2.433917293782308e+02
-1.239755367259931e-05 4.135378773471117e-14 2.503669157173377e+02
-1.233786693592265e-05 4.115469421156235e-14 2.535374549623863e+02
-1.227818019924598e-05 4.095560068841352e-14 2.574477866979462e+02
-1.221849346256931e-05 4.075650716526469e-14 2.533260856793830e+02
-1.215880672589265e-05 4.055741364211586e-14 2.567079942074349e+02
-1.209911998921598e-05 4.035832011896703e-14 2.587160023959656e+02
-1.203943325253931e-05 4.015922659581820e-14 2.641059191125483e+02
-1.197974651586264e-05 3.996013307266937e-14 2.697072051121341e+02
-1.192005977918598e-05 3.976103954952055e-14 2.648457116030596e+02
-1.186037304250931e-05 3.956194602637172e-14 2.640002344710467e+02
-1.180068630583264e-05 3.936285250322288e-14 2.742516446967038e+02
-1.174099956915597e-05 3.916375898007406e-14 2.721379518666714e+02
-1.168131283247931e-05 3.896466545692523e-14 2.778449225077588e+02
-1.162162609580264e-05 3.876557193377640e-14 2.809097771113059e+02
-1.156193935912597e-05 3.856647841062757e-14 2.823893620923285e+02
-1.150225262244931e-05 3.836738488747874e-14 2.892588637899338e+02
-1.144256588577264e-05 3.816829136432991e-14 2.848201088468658e+02
-1.138287914909597e-05 3.796919784118108e-14 2.853485320543739e+02
-1.132319241241930e-05 3.777010431803225e-14 2.981363736760699e+02
-1.126350567574264e-05 3.757101079488343e-14 2.979250043930667e+02
-1.120381893906597e-05 3.737191727173460e-14 2.958113115630343e+02
-1.114413220238930e-05 3.717282374858577e-14 3.004614357891055e+02
-1.108444546571263e-05 3.697373022543694e-14 3.002500665061023e+02
-1.102475872903597e-05 3.677463670228811e-14 3.147288623918242e+02
-1.096507199235930e-05 3.657554317913928e-14 3.068025142792027e+02
-1.090538525568263e-05 3.637644965599045e-14 3.116640077882773e+02
-1.084569851900597e-05 3.617735613284163e-14 3.122981156372870e+02
-1.078601178232930e-05 3.597826260969280e-14 3.263541729570024e+02
-1.072632504565263e-05 3.577916908654397e-14 3.238177415609636e+02
-1.066663830897596e-05 3.558007556339514e-14 3.247689033344781e+02
-1.060695157229930e-05 3.538098204024631e-14 3.298417661265559e+02
-1.054726483562263e-05 3.518188851709748e-14 3.286792350700381e+02
-1.048757809894596e-05 3.498279499394865e-14 3.395647531447049e+02
-1.042789136226929e-05 3.478370147079982e-14 3.418898152577406e+02
-1.036820462559263e-05 3.458460794765099e-14 3.489706862383491e+02
-1.030851788891596e-05 3.438551442450216e-14 3.441091927292746e+02
-1.024883115223929e-05 3.418642090135334e-14 3.470683626913199e+02
-1.018914441556262e-05 3.398732737820451e-14 3.609130507280321e+02
-1.012945767888596e-05 3.378823385505568e-14 3.554174493699479e+02
-1.006977094220929e-05 3.358914033190685e-14 3.645063285390872e+02
-1.001008420553262e-05 3.339004680875802e-14 3.650347517465953e+02
-9.950397468855956e-06 3.319095328560919e-14 3.758145851797606e+02
-9.890710732179288e-06 3.299185976246036e-14 3.656688595956051e+02
-9.831023995502621e-06 3.279276623931153e-14 3.898706424994760e+02
-9.771337258825954e-06 3.259367271616271e-14 3.794078629908157e+02
-9.711650522149287e-06 3.239457919301388e-14 3.788794397833075e+02
-9.651963785472619e-06 3.219548566986505e-14 3.916672814050036e+02
-9.592277048795952e-06 3.199639214671622e-14 4.038210151776898e+02
-9.532590312119285e-06 3.179729862356739e-14 4.026584841211720e+02
-9.472903575442617e-06 3.159820510041856e-14 4.059347080077222e+02
-9.413216838765950e-06 3.139911157726973e-14 3.967401441970813e+02
-9.353530102089283e-06 3.120001805412091e-14 4.176657032144021e+02
-9.293843365412616e-06 3.100092453097208e-14 4.172429646483956e+02
-9.234156628735948e-06 3.080183100782324e-14 4.285512212890689e+02
-9.174469892059281e-06 3.060273748467442e-14 4.265432131005381e+02
-9.114783155382614e-06 3.040364396152559e-14 4.392253700807325e+02
-9.055096418705946e-06 3.020455043837676e-14 4.348922997791661e+02
-8.995409682029279e-06 3.000545691522793e-14 4.515904731364221e+02
-8.935722945352612e-06 2.980636339207910e-14 4.335183994396451e+02
-8.876036208675944e-06 2.960726986893027e-14 4.392253700807325e+02
-8.816349471999277e-06 2.940817634578144e-14 4.591997673245387e+02
-8.756662735322610e-06 2.920908282263262e-14 4.445096021558135e+02
-8.696975998645943e-06 2.900998929948379e-14 4.719876089462347e+02
-8.637289261969275e-06 2.881089577633496e-14 4.586713441170306e+02
-8.577602525292608e-06 2.861180225318613e-14 4.738899324932639e+02
-8.517915788615941e-06 2.841270873003730e-14 4.714591857387266e+02
-8.458229051939273e-06 2.821361520688847e-14 4.860436662659502e+02
-8.398542315262606e-06 2.801452168373964e-14 4.877346205299761e+02
-8.338855578585939e-06 2.781542816059081e-14 5.053839556607466e+02
-8.279168841909271e-06 2.761633463744199e-14 4.861493509074518e+02
-8.219482105232604e-06 2.741724111429316e-14 4.965064457746105e+02
-8.159795368555937e-06 2.721814759114433e-14 5.127818805658600e+02
-8.100108631879270e-06 2.701905406799550e-14 5.125705112828568e+02
-8.040421895202602e-06 2.681996054484667e-14 5.227162368670123e+02
-7.980735158525935e-06 2.662086702169784e-14 5.160581044524102e+02
-7.921048421849268e-06 2.642177349854901e-14 5.266265686025722e+02
-7.861361685172600e-06 2.622267997540018e-14 5.289516307156078e+02
-7.801674948495933e-06 2.602358645225135e-14 5.479748661858995e+02
-7.741988211819266e-06 2.582449292910253e-14 5.473407583368897e+02
-7.682301475142598e-06 2.562539940595370e-14 5.621366081471166e+02
-7.622614738465931e-06 2.542630588280487e-14 5.637218777696409e+02
-7.562928001789264e-06 2.522721235965604e-14 5.676322095052008e+02
-7.503241265112597e-06 2.502811883650721e-14 5.844360675039584e+02
-7.443554528435923e-06 2.482902531335836e-14 5.751358190518158e+02
-7.383867791759255e-06 2.462993179020953e-14 5.866554449754924e+02
-7.324181055082588e-06 2.443083826706070e-14 5.971182244841527e+02
-7.264494318405921e-06 2.423174474391187e-14 6.085321657663277e+02
-7.204807581729253e-06 2.403265122076304e-14 6.213200073880237e+02
-7.145120845052586e-06 2.383355769761421e-14 6.245962312745739e+02
-7.085434108375919e-06 2.363446417446539e-14 6.290349862176420e+02
-7.025747371699251e-06 2.343537065131656e-14 6.335794258022116e+02
-6.966060635022584e-06 2.323627712816773e-14 6.516514994989886e+02
-6.906373898345917e-06 2.303718360501890e-14 6.498548605934611e+02
-6.846687161669250e-06 2.283809008187007e-14 6.629597561396620e+02
-6.787000424992582e-06 2.263899655872124e-14 6.788124523649050e+02
-6.727313688315915e-06 2.243990303557241e-14 6.794465602139147e+02
-6.667626951639248e-06 2.224080951242358e-14 6.968845260616820e+02
-6.607940214962580e-06 2.204171598927475e-14 6.933969328921286e+02
-6.548253478285913e-06 2.184262246612593e-14 7.082984673438569e+02
-6.488566741609246e-06 2.164352894297710e-14 7.177044004375011e+02
-6.428880004932578e-06 2.144443541982827e-14 7.302808727761939e+02
-6.369193268255911e-06 2.124534189667944e-14 7.411663908508607e+02
-6.309506531579244e-06 2.104624837353061e-14 7.359878434172814e+02
-6.249819794902577e-06 2.084715485038178e-14 7.558565560195859e+02
-6.190133058225909e-06 2.064806132723295e-14 7.605066802456572e+02
-6.130446321549242e-06 2.044896780408413e-14 7.772048536029132e+02
-6.070759584872575e-06 2.024987428093530e-14 7.906268030736189e+02
-6.011072848195907e-06 2.005078075778647e-14 8.010895825822793e+02
-5.951386111519240e-06 1.985168723463764e-14 8.043658064688295e+02
-5.891699374842573e-06 1.965259371148881e-14 8.164138556000141e+02
-5.832012638165906e-06 1.945350018833998e-14 8.233890419391211e+02
-5.772325901489238e-06 1.925440666519115e-14 8.474851402014905e+02
-5.712639164812571e-06 1.905531314204232e-14 8.375507839003382e+02
-5.652952428135904e-06 1.885621961889349e-14 8.609070896721962e+02
-5.593265691459236e-06 1.865712609574467e-14 8.734835620108889e+02
-5.533578954782569e-06 1.845803257259584e-14 8.867998268400930e+02
-5.473892218105902e-06 1.825893904944701e-14 8.844747647270574e+02
-5.414205481429234e-06 1.805984552629818e-14 8.976853449147599e+02
-5.354518744752567e-06 1.786075200314935e-14 9.236837667241584e+02
-5.294832008075900e-06 1.766165848000052e-14 9.338294923083139e+02
-5.235145271399233e-06 1.746256495685169e-14 9.455604875149937e+02
-5.175458534722565e-06 1.726347143370286e-14 9.539095741936217e+02
-5.115771798045898e-06 1.706437791055403e-14 9.819160041915510e+02
-5.056085061369231e-06 1.686528438740521e-14 9.776886185314862e+02
-4.996398324692563e-06 1.666619086425638e-14 9.948095304547486e+02
-4.936711588015896e-06 1.646709734110755e-14 1.027360400037248e+03
-4.877024851339229e-06 1.626800381795872e-14 1.003792724982386e+03
-4.817338114662561e-06 1.606891029480989e-14 1.036449279206387e+03
-4.757651377985894e-06 1.586981677166106e-14 1.064138655279811e+03
-4.697964641309227e-06 1.567072324851223e-14 1.064561393845818e+03
-4.638277904632560e-06 1.547162972536340e-14 1.071642264826426e+03
-4.578591167955892e-06 1.527253620221457e-14 1.107786412219980e+03
-4.518904431279225e-06 1.507344267906575e-14 1.106306827238958e+03
-4.459217694602558e-06 1.487434915591692e-14 1.127126701614777e+03
-4.399530957925890e-06 1.467525563276809e-14 1.152173961650661e+03
-4.339844221249223e-06 1.447616210961926e-14 1.146995414217081e+03
-4.280157484572556e-06 1.427706858647043e-14 1.175530267422519e+03
-4.220470747895888e-06 1.407797506332160e-14 1.194447818251309e+03
-4.160784011219221e-06 1.387888154017277e-14 1.214633584778118e+03
-4.101097274542554e-06 1.367978801702394e-14 1.224462256437769e+03
-4.041410537865887e-06 1.348069449387511e-14 1.245599184738093e+03
-3.981723801189219e-06 1.328160097072629e-14 1.235136405229433e+03
-3.922037064512552e-06 1.308250744757746e-14 1.259866611340811e+03
-3.862350327835885e-06 1.288341392442863e-14 1.293474327338327e+03
-3.802663591159217e-06 1.268432040127980e-14 1.284702502093692e+03
-3.742976854482550e-06 1.248522687813097e-14 1.312391878167117e+03
-3.683290117805883e-06 1.228613335498214e-14 1.330358267222392e+03
-3.623603381129216e-06 1.208703983183331e-14 1.338390299976515e+03
-3.563916644452548e-06 1.188794630868448e-14 1.354982788692269e+03
-3.504229907775881e-06 1.168885278553565e-14 1.380769841218665e+03
-3.444543171099214e-06 1.148975926238683e-14 1.366925153181953e+03
-3.384856434422546e-06 1.129066573923800e-14 1.415857142197203e+03
-3.325169697745879e-06 1.109157221608917e-14 1.424946021366342e+03
-3.265482961069212e-06 1.089247869294034e-14 1.424100544234329e+03
-3.205796224392544e-06 1.069338516979151e-14 1.436359962648517e+03
-3.146109487715877e-06 1.049429164664268e-14 1.447139796081682e+03
-3.086422751039210e-06 1.029519812349385e-14 1.467853985816000e+03
-3.026736014362543e-06 1.009610460034502e-14 1.481275935286705e+03
-2.967049277685875e-06 9.897011077196195e-15 1.488779544833320e+03
-2.907362541009208e-06 9.697917554047366e-15 1.498502531851469e+03
-2.847675804332541e-06 9.498824030898539e-15 1.521436099057321e+03
-2.787989067655873e-06 9.299730507749710e-15 1.519956514076298e+03
-2.728302330979206e-06 9.100636984600881e-15 1.516997344114253e+03
-2.668615594302539e-06 8.901543461452052e-15 1.529890870377450e+03
-2.608928857625871e-06 8.702449938303223e-15 1.564344063506979e+03
-2.549242120949204e-06 8.503356415154394e-15 1.548808421206240e+03
-2.489555384272537e-06 8.304262892005565e-15 1.550816429394771e+03
-2.429868647595870e-06 8.105169368856735e-15 1.560645101054422e+03
-2.370181910919202e-06 7.906075845707908e-15 1.582416137203756e+03
-2.310495174242535e-06 7.706982322559079e-15 1.583895722184778e+03
-2.250808437565868e-06 7.507888799410250e-15 1.579245597958707e+03
-2.191121700889200e-06 7.308795276261421e-15 1.598374518070500e+03
-2.131434964212533e-06 7.109701753112592e-15 1.627543479124947e+03
-2.071748227535866e-06 6.910608229963763e-15 1.588757215693853e+03
-2.012061490859198e-06 6.711514706814934e-15 1.607463397239640e+03
-1.952374754182531e-06 6.512421183666106e-15 1.607146343315135e+03
-1.892688017505864e-06 6.313327660517277e-15 1.607780451164144e+03
-1.833001280829197e-06 6.114234137368448e-15 1.616129537842772e+03
-1.773314544152529e-06 5.915140614219619e-15 1.626486632709931e+03
-1.713627807475862e-06 5.716047091070790e-15 1.623104724181879e+03
-1.653941070799195e-06 5.516953567921961e-15 1.616235222484274e+03
-1.594254334122527e-06 5.317860044773132e-15 1.621836508483860e+03
-1.534567597445860e-06 5.118766521624303e-15 1.643818913916197e+03
-1.474880860769193e-06 4.919672998475475e-15 1.623421778106384e+03
-1.415194124092526e-06 4.720579475326646e-15 1.645087129614216e+03
-1.355507387415858e-06 4.521485952177817e-15 1.651745262028818e+03
-1.295820650739191e-06 4.322392429028988e-15 1.631982234068015e+03
-1.236133914062524e-06 4.123298905880160e-15 1.655972647688883e+03
-1.176447177385856e-06 3.924205382731331e-15 1.648574722783770e+03
-1.116760440709189e-06 3.725111859582502e-15 1.643079121425685e+03
-1.057073704032522e-06 3.526018336433673e-15 1.645721237463226e+03
-9.973869673558544e-07 3.326924813284844e-15 1.656606755537893e+03
-9.377002306791871e-07 3.127831290136015e-15 1.647940614934760e+03
-8.780134940025199e-07 2.928737766987186e-15 1.666858165763550e+03
-8.183267573258526e-07 2.729644243838358e-15 1.659143186933932e+03
-7.586400206491853e-07 2.530550720689529e-15 1.653647585575847e+03
-6.989532839725180e-07 2.331457197540700e-15 1.631348126219006e+03
-6.392665472958507e-07 2.132363674391871e-15 1.665907003990035e+03
-5.795798106191834e-07 1.933270151243042e-15 1.657663601952909e+03
-5.198930739425161e-07 1.734176628094213e-15 1.658086340518915e+03
-4.602063372658488e-07 1.535083104945385e-15 1.660834141197958e+03
-4.005196005891815e-07 1.335989581796556e-15 1.657452232669906e+03
-3.408328639125142e-07 1.136896058647727e-15 1.648680407425271e+03
-2.811461272358469e-07 9.378025354988980e-16 1.629023064105970e+03
-2.214593905591796e-07 7.387090123500691e-16 1.627015055917439e+03
-1.617726538825123e-07 5.396154892012403e-16 1.639274474331627e+03
-1.020859172058450e-07 3.405219660524114e-16 1.626275263426928e+03
-4.239918052917769e-08 1.414284429035826e-16 1.639274474331627e+03
1.728755614748961e-08 -5.766508024524621e-17 1.608625928296157e+03
7.697429282415690e-08 -2.567586033940750e-16 1.577448959053179e+03
1.366610295008242e-07 -4.558521265429039e-16 1.608731612937659e+03
1.963477661774915e-07 -6.549456496917327e-16 1.574806843015639e+03
2.560345028541656e-07 -8.540391728405842e-16 1.596577879164973e+03
3.157212395308329e-07 -1.053132695989413e-15 1.580196759732222e+03
3.754079762075002e-07 -1.252226219138242e-15 1.570685141997076e+03
4.350947128841675e-07 -1.451319742287071e-15 1.565612279204998e+03
4.947814495608348e-07 -1.650413265435899e-15 1.552190329734292e+03
5.544681862375021e-07 -1.849506788584728e-15 1.535280787094033e+03
6.141549229141694e-07 -2.048600311733557e-15 1.540142280603108e+03
6.738416595908366e-07 -2.247693834882386e-15 1.555572238262344e+03
7.335283962675039e-07 -2.446787358031215e-15 1.533061409622499e+03
7.932151329441712e-07 -2.645880881180044e-15 1.523549791887353e+03
8.529018696208385e-07 -2.844974404328872e-15 1.527882862188920e+03
9.125886062975058e-07 -3.044067927477701e-15 1.505160664266071e+03
9.722753429741731e-07 -3.243161450626530e-15 1.511290373473165e+03
1.031962079650840e-06 -3.442254973775359e-15 1.525874854000389e+03
1.091648816327508e-06 -3.641348496924188e-15 1.522809999396842e+03
1.151335553004175e-06 -3.840442020073016e-15 1.503575394643547e+03
1.211022289680842e-06 -4.039535543221845e-15 1.498185477926964e+03
1.270709026357510e-06 -4.238629066370674e-15 1.494169461549903e+03
1.330395763034177e-06 -4.437722589519503e-15 1.505794772115081e+03
1.390082499710844e-06 -4.636816112668332e-15 1.491950084078369e+03
1.449769236387512e-06 -4.835909635817161e-15 1.488462490908815e+03
1.509455973064179e-06 -5.035003158965990e-15 1.499136639700479e+03
1.569142709740846e-06 -5.234096682114819e-15 1.491844399436867e+03
1.628829446417513e-06 -5.433190205263648e-15 1.477048549626641e+03
1.688516183094181e-06 -5.632283728412476e-15 1.496177469738434e+03
1.748202919770848e-06 -5.831377251561305e-15 1.495649046530926e+03
1.807889656447515e-06 -6.030470774710134e-15 1.475674649287119e+03
1.867576393124183e-06 -6.229564297858963e-15 1.497657054719456e+03
1.927263129800850e-06 -6.428657821007791e-15 1.484974897739262e+03
1.986949866477517e-06 -6.627751344156620e-15 1.490681868380349e+03
2.046636603154184e-06 -6.826844867305449e-15 1.473666641098589e+03
2.106323339830852e-06 -7.025938390454278e-15 1.510022157775146e+03
2.166010076507519e-06 -7.225031913603107e-15 1.463943654080440e+03
2.225696813184186e-06 -7.424125436751936e-15 1.505054979624570e+03
2.285383549860854e-06 -7.623218959900764e-15 1.490470499097346e+03
2.345070286537521e-06 -7.822312483049593e-15 1.500721909323003e+03
2.404757023214188e-06 -8.021406006198422e-15 1.481381619928207e+03
2.464443759890856e-06 -8.220499529347251e-15 1.496071785096932e+03
2.524130496567523e-06 -8.419593052496080e-15 1.500510540040000e+03
2.583817233244190e-06 -8.618686575644909e-15 1.490153445172841e+03
2.643503969920857e-06 -8.817780098793738e-15 1.509282365284635e+03
2.703190706597525e-06 -9.016873621942567e-15 1.490893237663353e+03
2.762877443274192e-06 -9.215967145091396e-15 1.476837180343637e+03
2.822564179950859e-06 -9.415060668240224e-15 1.511713112039172e+03
2.882250916627527e-06 -9.614154191389053e-15 1.493112615134887e+03
2.941937653304194e-06 -9.813247714537882e-15 1.480430458154692e+03
3.001624389980861e-06 -1.001234123768671e-14 1.512981327737191e+03
3.061311126657529e-06 -1.021143476083554e-14 1.477365603551145e+03
3.120997863334196e-06 -1.041052828398437e-14 1.513509750944699e+03
3.180684600010863e-06 -1.060962180713320e-14 1.492584191927379e+03
3.240371336687530e-06 -1.080871533028203e-14 1.497128631511948e+03
3.300058073364198e-06 -1.100780885343085e-14 1.493852407625398e+03
3.359744810040865e-06 -1.120690237657968e-14 1.517631451963263e+03
3.419431546717532e-06 -1.140599589972851e-14 1.507168672454602e+03
3.479118283394200e-06 -1.160508942287734e-14 1.493006930493385e+03
3.538805020070867e-06 -1.180418294602617e-14 1.503892448568052e+03
3.598491756747534e-06 -1.200327646917500e-14 1.497445685436453e+03
3.658178493424202e-06 -1.220236999232383e-14 1.483918051324246e+03
3.717865230100869e-06 -1.240146351547266e-14 1.518159875170771e+03
3.777551966777536e-06 -1.260055703862148e-14 1.491315976229359e+03
3.837238703454203e-06 -1.279965056177031e-14 1.476942864985139e+03
3.896925440130871e-06 -1.299874408491914e-14 1.486665852003288e+03
3.956612176807538e-06 -1.319783760806797e-14 1.509070996001631e+03
4.016298913484205e-06 -1.339693113121680e-14 1.506217510681088e+03
4.075985650160873e-06 -1.359602465436563e-14 1.493218299776388e+03
4.135672386837540e-06 -1.379511817751446e-14 1.488356806267314e+03
4.195359123514207e-06 -1.399421170066329e-14 1.491315976229359e+03
4.255045860190874e-06 -1.419330522381212e-14 1.526403277207897e+03
4.314732596867542e-06 -1.439239874696095e-14 1.505689087473580e+03
4.374419333544209e-06 -1.459149227010977e-14 1.523021368679845e+03
4.434106070220876e-06 -1.479058579325860e-14 1.520484937283806e+03
4.493792806897544e-06 -1.498967931640743e-14 1.503575394643547e+03
4.553479543574211e-06 -1.518877283955626e-14 1.536443318150551e+03
4.613166280250878e-06 -1.538786636270509e-14 1.502201494304026e+03
4.672853016927546e-06 -1.558695988585392e-14 1.499770747549489e+03
4.732539753604213e-06 -1.578605340900275e-14 1.511501742756169e+03
4.792226490280880e-06 -1.598514693215158e-14 1.518899667661282e+03
4.851913226957547e-06 -1.618424045530041e-14 1.512664273812686e+03
4.911599963634215e-06 -1.638333397844923e-14 1.512347219888182e+03
4.971286700310882e-06 -1.658242750159806e-14 1.523444107245852e+03
5.030973436987549e-06 -1.678152102474689e-14 1.516151866982240e+03
5.090660173664217e-06 -1.698061454789572e-14 1.507908464945114e+03
5.150346910340884e-06 -1.717970807104455e-14 1.520696306566810e+03
5.210033647017551e-06 -1.737880159419338e-14 1.546589043734706e+03
5.269720383694219e-06 -1.757789511734221e-14 1.532955724980998e+03
5.329407120370886e-06 -1.777698864049103e-14 1.543101450565153e+03
5.389093857047553e-06 -1.797608216363987e-14 1.562970163167457e+03
5.448780593724220e-06 -1.817517568678869e-14 1.562019001393943e+03
5.508467330400888e-06 -1.837426920993752e-14 1.547540205508221e+03
5.568154067077555e-06 -1.857336273308635e-14 1.590976593165387e+03
5.627840803754222e-06 -1.877245625623518e-14 1.592561862787911e+03
5.687527540430890e-06 -1.897154977938401e-14 1.594358501693439e+03
5.747214277107557e-06 -1.917064330253284e-14 1.610316882560183e+03
5.806901013784224e-06 -1.936973682568167e-14 1.622259247049866e+03
5.866587750460891e-06 -1.956883034883049e-14 1.646038291387731e+03
5.926274487137559e-06 -1.976792387197933e-14 1.661785302971472e+03
5.985961223814226e-06 -1.996701739512815e-14 1.683450654479304e+03
6.045647960490893e-06 -2.016611091827698e-14 1.710188868779214e+03
6.105334697167561e-06 -2.036520444142581e-14 1.743690900135228e+03
6.165021433844228e-06 -2.056429796457464e-14 1.772331437982167e+03
6.224708170520895e-06 -2.076339148772347e-14 1.784379487113351e+03
6.284394907197563e-06 -2.096248501087230e-14 1.843351517071255e+03
6.344081643874230e-06 -2.116157853402113e-14 1.885308319747398e+03
6.403768380550897e-06 -2.136067205716995e-14 1.901583754538648e+03
6.463455117227564e-06 -2.155976558031878e-14 1.955271552421471e+03
6.523141853904232e-06 -2.175885910346761e-14 2.020373291586469e+03
6.582828590580899e-06 -2.195795262661644e-14 2.101644780901214e+03
6.642515327257566e-06 -2.215704614976527e-14 2.155861001991545e+03
6.702202063934234e-06 -2.235613967291410e-14 2.232905105646226e+03
6.761888800610901e-06 -2.255523319606293e-14 2.313331117828959e+03
6.821575537287568e-06 -2.275432671921176e-14 2.416690697217543e+03
6.881262273964236e-06 -2.295342024236059e-14 2.521952600153157e+03
6.940949010640903e-06 -2.315251376550941e-14 2.661244957652292e+03
7.000635747317570e-06 -2.335160728865824e-14 2.815016111037149e+03
7.060322483994237e-06 -2.355070081180707e-14 2.989607138797825e+03
7.120009220670905e-06 -2.374979433495590e-14 3.192838704405441e+03
7.179695957347572e-06 -2.394888785810473e-14 3.426613131407024e+03
7.239382694024239e-06 -2.414798138125356e-14 3.668313906521229e+03
7.299069430700907e-06 -2.434707490440239e-14 4.003017166156859e+03
7.358756167377574e-06 -2.454616842755122e-14 4.298088685229382e+03
7.418442904054241e-06 -2.474526195070005e-14 4.546130538833684e+03
7.478129640730909e-06 -2.494435547384887e-14 4.746825673045260e+03
7.537816377407576e-06 -2.514344899699770e-14 4.813406997191281e+03
7.597503114084243e-06 -2.534254252014653e-14 4.857794546621962e+03
7.657189850760910e-06 -2.554163604329536e-14 4.746931357686762e+03
7.716876587437578e-06 -2.574072956644419e-14 4.633320368072520e+03
7.776563324114245e-06 -2.593982308959302e-14 4.389188846203779e+03
7.836250060790919e-06 -2.613891661274187e-14 4.097710604942311e+03
7.895936797467586e-06 -2.633801013589070e-14 3.777803195116907e+03
7.955623534144254e-06 -2.653710365903953e-14 3.491503501289018e+03
8.015310270820921e-06 -2.673619718218836e-14 3.154580864181854e+03
8.074997007497588e-06 -2.693529070533719e-14 2.842494117827570e+03
8.134683744174256e-06 -2.713438422848601e-14 2.548690814453067e+03
8.194370480850923e-06 -2.733347775163484e-14 2.295470413415185e+03
8.254057217527590e-06 -2.753257127478367e-14 2.040030634905770e+03
8.313743954204257e-06 -2.773166479793250e-14 1.847261848806815e+03
8.373430690880925e-06 -2.793075832108133e-14 1.635681196520572e+03
8.433117427557592e-06 -2.812985184423016e-14 1.482861204909230e+03
8.492804164234259e-06 -2.832894536737899e-14 1.312814616733123e+03
8.552490900910927e-06 -2.852803889052781e-14 1.174367736366001e+03
8.612177637587594e-06 -2.872713241367665e-14 1.050611021167604e+03
8.671864374264261e-06 -2.892622593682548e-14 9.346749694403269e+02
8.731551110940929e-06 -2.912531945997430e-14 8.350143525042993e+02
8.791237847617596e-06 -2.932441298312313e-14 7.456051457939288e+02
8.850924584294263e-06 -2.952350650627196e-14 6.520742380649951e+02
8.910611320970930e-06 -2.972260002942079e-14 5.839076442964503e+02
8.970298057647598e-06 -2.992169355256962e-14 5.154239966034005e+02
9.029984794324265e-06 -3.012078707571845e-14 4.535984813249528e+02
9.089671531000932e-06 -3.031988059886728e-14 4.020243762721623e+02
9.149358267677600e-06 -3.051897412201610e-14 3.422068691822454e+02
9.209045004354267e-06 -3.071806764516493e-14 3.055342985811833e+02
9.268731741030934e-06 -3.091716116831376e-14 2.615694877165094e+02
9.328418477707601e-06 -3.111625469146259e-14 2.303925184735315e+02
9.388105214384269e-06 -3.131534821461142e-14 1.921346782499451e+02
9.447791951060936e-06 -3.151444173776025e-14 1.642339328935174e+02
9.507478687737603e-06 -3.171353526090908e-14 1.336910714995493e+02
9.567165424414271e-06 -3.191262878405790e-14 1.235453459153937e+02
9.626852161090938e-06 -3.211172230720673e-14 9.131153025739964e+01
9.686538897767605e-06 -3.231081583035556e-14 8.401928999378787e+01
9.746225634444273e-06 -3.250990935350439e-14 6.203688456145091e+01
9.805912371120940e-06 -3.270900287665322e-14 5.083431256227920e+01
9.865599107797607e-06 -3.290809639980205e-14 4.417618014767714e+01
9.925285844474274e-06 -3.310718992295088e-14 2.980306890345683e+01
9.984972581150942e-06 -3.330628344609971e-14 2.293356720585153e+01
1.004465931782761e-05 -3.350537696924854e-14 1.627543479124947e+01
1.010434605450428e-05 -3.370447049239737e-14 7.503609546615017e+00
1.016403279118094e-05 -3.390356401554620e-14 1.373900339521059e+00
