	100
-3.082802373434788e-02 9.992321806923224e-02 1.853203108839862e-01 1.550147465802218e+01 1.252726954789177e-04
-2.890017295911390e-02 1.274765351260665e-01 1.821062416085333e-01 1.530064583654173e+02 1.478651736473932e-04
-2.689660806890472e-02 1.596806499035339e-01 1.840789768547743e-01 1.499281290861623e+03 1.852094454866144e-04
-2.503705733386800e-02 2.052151403795462e-01 1.910812253777085e-01 8.133002438897784e+03 3.295334588938705e-04
-2.332852996716551e-02 1.953090428665769e-01 1.934624463642754e-01 9.531210349448698e+03 3.641952457633918e-04
-2.127613017099790e-02 1.652292239320802e-01 1.912093615336936e-01 4.922157516969031e+03 2.083674478597214e-04
-1.920875685728884e-02 1.540934472491338e-01 1.903461596034115e-01 3.821395918732675e+03 1.589518404331234e-04
-1.717649909411078e-02 1.575823569791449e-01 1.915926501037047e-01 3.700678969320910e+03 1.236811252872119e-04
-1.516125411444564e-02 1.673729366348563e-01 1.929888681068211e-01 3.836489459847064e+03 1.107763598426663e-04
-1.315446354610151e-02 1.770968375620266e-01 1.931003730739698e-01 3.982247252937172e+03 1.063395782473865e-04
-1.114206014760126e-02 1.827049484221107e-01 1.921933335055814e-01 4.042715555904801e+03 1.049963672294222e-04
-9.133620890185384e-03 1.857225590041331e-01 1.921125312063578e-01 4.096217609127328e+03 1.049657444259797e-04
-7.121444645626460e-03 1.888449640376234e-01 1.904651316742612e-01 4.122576391946635e+03 1.050036643844536e-04
-5.108079469881296e-03 1.903341688543394e-01 1.897090416130571e-01 4.146675850524290e+03 1.063355842911554e-04
-3.093362135148132e-03 1.905930331834979e-01 1.883223527150595e-01 4.183201592431046e+03 1.100004516784266e-04
-1.081187854335258e-03 1.903553510085667e-01 1.868351669375103e-01 4.277873554057065e+03 1.150661399922165e-04
9.320608723949242e-04 1.866686798533426e-01 1.855469729145185e-01 4.442082495120689e+03 1.216295453155555e-04
2.937236582924101e-03 1.844986078749591e-01 1.838850662360128e-01 4.554452496639671e+03 1.285631076488172e-04
4.945567699214849e-03 1.809256174484248e-01 1.819789018274319e-01 4.536377902706430e+03 1.350130418920605e-04
6.954389972358545e-03 1.768240984940497e-01 1.802628433515343e-01 4.434896588852092e+03 1.403967311058755e-04
8.961971983212911e-03 1.744406505871411e-01 1.779640147599818e-01 4.291837433050627e+03 1.434051291786820e-04
1.096857466824683e-02 1.703718281988909e-01 1.753124587619144e-01 4.031073760159606e+03 1.445762562024870e-04
1.297433848820713e-02 1.659522515075914e-01 1.724833358957787e-01 3.649498999346753e+03 1.437556051820471e-04
1.498384289478824e-02 1.604628678361167e-01 1.696009534381351e-01 3.190573762760569e+03 1.393982046080619e-04
1.699090035112756e-02 1.554931008397457e-01 1.662480658530227e-01 2.745800682188087e+03 1.333818296616961e-04
1.900292734855753e-02 1.497181898695229e-01 1.626603635776975e-01 2.346151327441993e+03 1.262889585322752e-04
2.101777723566126e-02 1.449235523086045e-01 1.603067907277592e-01 2.020934154657090e+03 1.183885872968435e-04
2.303028464674834e-02 1.408582067828359e-01 1.572357938790430e-01 1.745171079161748e+03 1.105746784078246e-04
2.504062132230854e-02 1.364045267050528e-01 1.538214427474091e-01 1.519709347546587e+03 1.038413093185332e-04
2.705378689778194e-02 1.299920380278501e-01 1.510488819227858e-01 1.320229844710460e+03 9.762958914534801e-05
2.906971693086956e-02 1.271808008620576e-01 1.487475825766452e-01 1.167474422371893e+03 9.142116092030429e-05
3.108327103786148e-02 1.244678765384277e-01 1.459981719124842e-01 1.035241195228360e+03 8.744290250081896e-05
3.308615624159907e-02 1.196759602884280e-01 1.462751183820870e-01 9.127669936286421e+02 8.325263712244544e-05
3.509374208592540e-02 1.169444594444360e-01 1.454111879832012e-01 7.848013789415684e+02 8.042773347634550e-05
3.710513681313413e-02 1.130492903840133e-01 1.457085251822268e-01 6.811234998522864e+02 7.741699044904504e-05
3.911858742292899e-02 1.082126652508536e-01 1.425836533274869e-01 5.829370338503605e+02 7.444758576288403e-05
4.113037020831060e-02 1.064571505395693e-01 1.437864791403931e-01 5.068731177146402e+02 7.240307611072645e-05
4.314634539781263e-02 1.048228905075457e-01 1.445784336374082e-01 4.526179564115626e+02 6.986094255786657e-05
4.515225307262717e-02 1.041784930891605e-01 1.462936793226234e-01 3.881016975109683e+02 6.833321710298843e-05
4.716976111254038e-02 1.051371225969508e-01 1.478774880052460e-01 3.336896386911091e+02 6.721000562894797e-05
4.917777202294044e-02 1.044803653712509e-01 1.452393860421209e-01 2.838589873612726e+02 6.532189303439231e-05
5.119541451032086e-02 1.021295268186413e-01 1.456851881119078e-01 2.469880709175964e+02 6.290610881764521e-05
5.320800575333431e-02 1.037604099925001e-01 1.419483846485152e-01 2.139768333867475e+02 6.170288796228671e-05
5.523222622481228e-02 1.065868323335339e-01 1.451332218625615e-01 1.913522114668406e+02 5.869610129789999e-05
5.722961829860293e-02 1.079648340663722e-01 1.396321002039724e-01 1.750348697215541e+02 5.864177720812189e-05
5.924253520048554e-02 1.112355587249386e-01 1.385862884857266e-01 1.603492621507962e+02 5.729676497505696e-05
6.125305822585093e-02 1.125887338336191e-01 1.396224029287200e-01 1.449105464994867e+02 5.651569156323473e-05
6.326644869881123e-02 1.144836009202391e-01 1.377580145186134e-01 1.301621799220162e+02 5.616724525560075e-05
6.527994674642311e-02 1.160868774504083e-01 1.420289169715805e-01 1.141900127136492e+02 5.473968933107407e-05
6.729330839310184e-02 1.195860328213062e-01 1.374930512917769e-01 1.010733803107074e+02 5.441585992747906e-05
6.931437854051478e-02 1.227626983207067e-01 1.381323588765445e-01 9.423264857902959e+01 5.357113917350966e-05
7.133771869236337e-02 1.220518849440883e-01 1.361665254157269e-01 8.921192804201834e+01 5.125905974869029e-05
7.333997949477808e-02 1.256634903844675e-01 1.361687863939052e-01 8.117877518280036e+01 5.044195203081688e-05
7.534550931101383e-02 1.309132868791413e-01 1.258192078500965e-01 7.791530683374306e+01 4.982689014233648e-05
7.735475038441933e-02 1.296325642611495e-01 1.250551908462852e-01 7.167078566583535e+01 4.944122478483712e-05
7.937011840579779e-02 1.320066093155551e-01 1.226014633255065e-01 6.715213718252524e+01 4.847020752002223e-05
8.137736017874525e-02 1.339100258345152e-01 1.198013417620150e-01 6.257072969250248e+01 4.889552978265195e-05
8.338976357026405e-02 1.352819313827410e-01 1.175389295675215e-01 5.764414766556022e+01 4.881439538254460e-05
8.539558887043676e-02 1.305326542433789e-01 1.105447125063063e-01 5.488275137020404e+01 4.749618548049235e-05
8.743927561905986e-02 1.286062398327222e-01 1.095264804149186e-01 4.995616934326177e+01 4.700871044183451e-05
8.944815263237510e-02 1.385864157315437e-01 1.100307645424355e-01 4.857547119558368e+01 4.481339544786716e-05
9.145609889847689e-02 1.275617588149491e-01 1.050729408751171e-01 4.493544880625053e+01 4.563097208780655e-05
9.343036021067148e-02 1.449411440800961e-01 1.069033678253438e-01 4.063645684643467e+01 4.521480220255618e-05
9.544148205042423e-02 1.373864950213552e-01 9.729067101452951e-02 3.919299969204394e+01 4.594736453684961e-05
9.747530789418901e-02 1.311534594118695e-01 9.742708995255603e-02 3.674539843025096e+01 4.427970353082046e-05
9.946929822086120e-02 1.341920068384438e-01 9.370694057268449e-02 3.467435120873383e+01 4.578972703154333e-05
1.015050339724991e-01 1.298342228878839e-01 8.796876285215498e-02 3.134812385296389e+01 4.379079755682156e-05
1.035150936203880e-01 1.295367852005519e-01 8.542719759274287e-02 2.987328719521684e+01 4.158989912577155e-05
1.055452121938850e-01 1.340716802466286e-01 9.011715462505636e-02 2.858672755760771e+01 4.476948032475125e-05
1.075402638548770e-01 1.361344549521300e-01 8.607673447293361e-02 2.751982444349282e+01 4.227997992123229e-05
1.095537090348942e-01 1.330615245523731e-01 8.635460088021937e-02 2.579395175889521e+01 4.083508261018730e-05
1.115500235490583e-01 1.216373482719627e-01 8.158640080080271e-02 2.500946417498720e+01 4.181599782114052e-05
1.135540037505151e-01 1.264775637153705e-01 7.357718130267936e-02 2.391118155751600e+01 4.248514539811714e-05
1.155888974344575e-01 1.197627008541235e-01 6.933283405179606e-02 2.331497099374591e+01 4.170639373342887e-05
1.175796333462872e-01 1.092663504850056e-01 5.970764559197252e-02 2.165185731586094e+01 4.239716091965468e-05
1.196101945282766e-01 1.104223401704170e-01 5.587315887896170e-02 2.114978526215982e+01 4.010510186108953e-05
1.216302869862725e-01 1.052310701920147e-01 5.362930464873650e-02 1.907873804064268e+01 3.966536411687050e-05
1.236087237141346e-01 1.042472530007504e-01 5.434588350755918e-02 1.722734734261979e+01 3.988728105681338e-05
1.256409164372444e-01 1.020450214305423e-01 5.006546885420662e-02 1.634872124864282e+01 3.786651662607247e-05
1.276285757140656e-01 1.027690527775945e-01 5.506150989978428e-02 1.625458273857387e+01 3.939729741639525e-05
1.296383071192124e-01 9.701206788340157e-02 5.445647829634268e-02 1.440319204055097e+01 3.703379809128706e-05
1.316620489231922e-01 1.049930354447045e-01 5.620154229247748e-02 1.518767962445898e+01 3.649707656889404e-05
1.336706634322733e-01 1.068629962062965e-01 5.512042641055084e-02 1.245766283245912e+01 3.633312874145756e-05
1.356347498823372e-01 1.096981023261090e-01 5.302989030662949e-02 1.277145786602232e+01 3.774833879879015e-05
1.377383048823565e-01 1.088517903464292e-01 5.253259925434254e-02 1.079454915457415e+01 3.893919971795054e-05
1.397094113455395e-01 9.910686276782171e-02 5.505777102779462e-02 1.001006157066615e+01 3.901098701134385e-05
1.417267321010562e-01 1.155248732572713e-01 5.949727871776710e-02 9.319712496827101e+00 3.572273653948618e-05
1.437044962265465e-01 9.262145319687076e-02 5.379186977213378e-02 8.409706899493814e+00 3.629496074389035e-05
1.457925152021079e-01 1.147290305233537e-01 5.297408185964486e-02 7.468321798804210e+00 3.419620019531185e-05
1.477493367445615e-01 9.912756158690986e-02 4.699708830556835e-02 6.464177691401962e+00 3.362634431733805e-05
1.497921354043066e-01 9.617193578592974e-02 4.939187386777822e-02 6.119003154482440e+00 3.600111120769709e-05
1.518562545516137e-01 1.075364114965387e-01 5.459060628710622e-02 3.985196926252666e+00 3.366734896510902e-05
1.536961784746659e-01 1.005244734459181e-01 4.832589043025617e-02 3.608642885976823e+00 3.299662300688016e-05
1.558151087586287e-01 1.070770538947497e-01 5.381011453380172e-02 2.730016791999858e+00 3.235898644797326e-05
1.577465604955786e-01 9.397990796573934e-02 5.037764890852475e-02 2.604498778574577e+00 3.589982130431688e-05
1.597034268615752e-01 1.054280665035904e-01 4.303487123935055e-02 1.192421127540168e+00 3.466716991421733e-05
1.615562431606093e-01 9.077137536358112e-02 4.793946010574282e-02 6.275900671264041e-01 3.023799610093376e-05
1.634451808854467e-01 8.220651197373910e-02 6.472728855062135e-02 2.824155302068819e-01 2.639623588645294e-05
1.649146653113533e-01 0.000000000000000e+00 0.000000000000000e+00 3.137950335632021e-02 0.000000000000000e+00
1.668827260355079e-01 0.000000000000000e+00 0.000000000000000e+00 3.137950335632021e-02 0.000000000000000e+00
	99
-3.135804292975426e-02 1.103870844834284e-01 1.879520124904056e-01 2.224806787963102e+01 1.244661895787390e-04
-2.942090159810565e-02 1.395343493866739e-01 1.945784512766173e-01 2.277838148635283e+02 1.478052853596360e-04
-2.744149896184465e-02 1.779355668252031e-01 1.971106972690525e-01 1.952652355353737e+03 1.864720859282622e-04
-2.556961224575624e-02 2.370424821326127e-01 2.047932039973110e-01 9.124720262970926e+03 3.326440118070092e-04
-2.383373058452506e-02 2.274887098234382e-01 2.078754434672374e-01 1.103821099813597e+04 3.643292573663228e-04
-2.178970945152453e-02 2.001074847780897e-01 2.033302520965438e-01 6.117999010375037e+03 2.092053967260561e-04
-1.973341923233418e-02 1.932014578632618e-01 2.001552826168037e-01 4.772853839999659e+03 1.594974493765105e-04
-1.770510949505258e-02 1.958489738648189e-01 1.994113515378727e-01 4.415347158261103e+03 1.237228250026700e-04
-1.568874116844963e-02 2.025049378859400e-01 1.994455711033440e-01 4.352023320488048e+03 1.108634057066110e-04
-1.367834667861383e-02 2.077703183838700e-01 1.991693219548602e-01 4.367148241105795e+03 1.064764399577728e-04
-1.166393352284428e-02 2.106368734256076e-01 1.977420762311231e-01 4.359366124273427e+03 1.049506041111407e-04
-9.654507488317150e-03 2.113886102636205e-01 1.974947015402380e-01 4.374898978434806e+03 1.048527587678716e-04
-7.642150420679582e-03 2.129836450023769e-01 1.959488291395125e-01 4.374647942407955e+03 1.049525513931668e-04
-5.629119655495883e-03 2.131294388946517e-01 1.943297065653138e-01 4.377785892743587e+03 1.063241639856091e-04
-3.613502111954577e-03 2.128439465525787e-01 1.930012242537155e-01 4.407627800435447e+03 1.099976484903917e-04
-1.600787525248454e-03 2.128055195572852e-01 1.917324163451353e-01 4.512309823632132e+03 1.150428293986150e-04
4.121961143398902e-04 2.096554958292486e-01 1.894250133824562e-01 4.694844394655847e+03 1.216043267226446e-04
2.417784282473300e-03 2.079524240817258e-01 1.875146921241478e-01 4.829870397598092e+03 1.285418898118988e-04
4.425896317887044e-03 2.039005021838172e-01 1.854282751324368e-01 4.820582064604621e+03 1.349750438727358e-04
6.435243080607357e-03 1.986520262039738e-01 1.834000866229237e-01 4.720010756347615e+03 1.405114442582493e-04
8.442640316705476e-03 1.937382023369754e-01 1.801095479280550e-01 4.569640176264129e+03 1.433851395347661e-04
1.044921846493126e-02 1.876565227611116e-01 1.772593831173455e-01 4.304263716379729e+03 1.446453646020427e-04
1.245491573205876e-02 1.813535383310246e-01 1.741096737521857e-01 3.910043015714279e+03 1.438351467878572e-04
1.446448648995795e-02 1.755253590123213e-01 1.709928535069657e-01 3.445406709517245e+03 1.396358541806977e-04
1.647211867369584e-02 1.700412513611223e-01 1.677213296152864e-01 2.985100774783384e+03 1.334197513257100e-04
1.848391837194445e-02 1.642793055909842e-01 1.641041375004577e-01 2.567973036667820e+03 1.262610776209365e-04
2.049771077226192e-02 1.592190265504619e-01 1.619001581979056e-01 2.227128871211470e+03 1.185317515257329e-04
2.251089960399848e-02 1.550342743793734e-01 1.593211005500600e-01 1.932475334695623e+03 1.105293875797011e-04
2.452143399062510e-02 1.517362889842152e-01 1.562880065568925e-01 1.695465945845337e+03 1.037427947828344e-04
2.653458912114822e-02 1.461285516688553e-01 1.544398488000508e-01 1.483748436700244e+03 9.775886210580007e-05
2.855110789775853e-02 1.439320356237015e-01 1.520087934295689e-01 1.320323983220529e+03 9.157356912925394e-05
3.056556985425720e-02 1.436869371916432e-01 1.504357176650139e-01 1.187525925016582e+03 8.743422927043473e-05
3.256880220650144e-02 1.420929863725927e-01 1.517280269130158e-01 1.063702404772542e+03 8.347485608300847e-05
3.457954909793163e-02 1.431657287109262e-01 1.523302540686588e-01 9.410713056560428e+02 8.039183629048251e-05
3.659230537168160e-02 1.416484917856102e-01 1.545016510216052e-01 8.404686178956803e+02 7.751917110245203e-05
3.860788423657109e-02 1.395114168431690e-01 1.524093199536642e-01 7.464242463367885e+02 7.431727693182995e-05
4.061700283084427e-02 1.412821080286659e-01 1.536305804620945e-01 6.693248065903098e+02 7.225305946634834e-05
4.262977707842357e-02 1.399842033942512e-01 1.559938325918904e-01 6.091389191528876e+02 6.998015701427604e-05
4.463867410522141e-02 1.410108287559138e-01 1.573862906767247e-01 5.418298844535809e+02 6.811678576980720e-05
4.665171930059069e-02 1.410987963067882e-01 1.617171492500125e-01 4.833698697007563e+02 6.655083398248681e-05
4.866492266479145e-02 1.415573432544213e-01 1.590365833160725e-01 4.217719046122998e+02 6.536726567944462e-05
5.067344235326422e-02 1.395120638136793e-01 1.605096942371628e-01 3.763343837523481e+02 6.278239465204544e-05
5.268611463926026e-02 1.423291659250768e-01 1.571780632015805e-01 3.341917107448101e+02 6.121795538528584e-05
5.470836620184909e-02 1.433654122812888e-01 1.572685932515313e-01 2.985445949320304e+02 5.905448526268884e-05
5.671103365697684e-02 1.429061424948435e-01 1.537029895812549e-01 2.694557953207216e+02 5.907643059504611e-05
5.871978666429074e-02 1.451210079314304e-01 1.548940248774211e-01 2.479608355216422e+02 5.734183660987286e-05
6.073394556292809e-02 1.472633704269330e-01 1.532675769525919e-01 2.251165570782411e+02 5.653782762050839e-05
6.274422282315661e-02 1.464151734519858e-01 1.525411285252285e-01 2.025860736684032e+02 5.623893461437180e-05
6.475922629167936e-02 1.495163404734156e-01 1.571533886788537e-01 1.794280001914389e+02 5.508896354831066e-05
6.677085403362340e-02 1.499600093281472e-01 1.533731355043866e-01 1.613534062581985e+02 5.392577110876698e-05
6.879005270551002e-02 1.524601601494089e-01 1.543882294304892e-01 1.466991781907969e+02 5.333307705263305e-05
7.081421770421936e-02 1.497729873894758e-01 1.539487380172046e-01 1.356849725127285e+02 5.171992637996306e-05
7.280677680058766e-02 1.539439269598782e-01 1.511793870412676e-01 1.240117972641774e+02 5.148243876633770e-05
7.481783988947487e-02 1.567399537317280e-01 1.445150777839990e-01 1.181752096399019e+02 5.021945705104421e-05
7.682991811301675e-02 1.573759940522716e-01 1.397015132541416e-01 1.075689375054656e+02 4.949261623541498e-05
7.884769736137516e-02 1.569678177086316e-01 1.364500793721709e-01 1.010420008073510e+02 4.875571872075656e-05
8.086103907740393e-02 1.592741548606376e-01 1.352756328374893e-01 9.504851566629388e+01 4.809936978913873e-05
8.286693587639661e-02 1.602768200342508e-01 1.299313881638045e-01 8.748605535742070e+01 4.807240692970599e-05
8.488505674077940e-02 1.521610643244270e-01 1.242926051453858e-01 8.070808263245556e+01 4.745946920956401e-05
8.691767552913106e-02 1.539982170708623e-01 1.224650381040915e-01 7.556184408201904e+01 4.693160297340540e-05
8.892808347944975e-02 1.586886410069891e-01 1.228271000780697e-01 7.104319559870892e+01 4.568647019677029e-05
9.093478809009987e-02 1.494793289874321e-01 1.202829767491062e-01 6.734041420266314e+01 4.536478806035720e-05
9.291316260057730e-02 1.664412523435284e-01 1.170495856129434e-01 6.002898992064055e+01 4.472422530636739e-05
9.491769499415845e-02 1.560999798747262e-01 1.100572924605430e-01 5.867967127631877e+01 4.537125775684292e-05
9.696166867075330e-02 1.517227046675941e-01 1.069046632581970e-01 5.463171534335346e+01 4.490510714584193e-05
9.895722123024744e-02 1.515087108571653e-01 1.040422929720955e-01 5.048962090031920e+01 4.477925083268353e-05
1.009763414417387e-01 1.518986571619258e-01 9.971668814193749e-02 4.732029106133086e+01 4.339813224921862e-05
1.029972632625691e-01 1.490991990968108e-01 9.929577708058919e-02 4.433923824248044e+01 4.192623536313364e-05
1.050251010434012e-01 1.547884965443145e-01 1.021426854146034e-01 4.129542641691739e+01 4.430732584856187e-05
1.070041263827400e-01 1.530098577820880e-01 9.739532398444498e-02 3.941265621553816e+01 4.270842062451477e-05
1.090455158610502e-01 1.562578710623744e-01 9.925573994282647e-02 3.850265061820488e+01 4.174102335567863e-05
1.110209176830081e-01 1.422463199732994e-01 9.023010306826171e-02 3.696505495374520e+01 4.118960173596719e-05
1.130268342478297e-01 1.417828987777171e-01 8.191371912497135e-02 3.545883879264183e+01 4.225899542628618e-05
1.150832581242918e-01 1.374040278223227e-01 7.628023705832861e-02 3.423503816174534e+01 4.098979616514225e-05
1.170722163145827e-01 1.248655657761045e-01 6.685002062138021e-02 3.348193008119365e+01 4.127143836467804e-05
1.190992385271031e-01 1.276150764502752e-01 6.037347803986122e-02 3.144226236303284e+01 4.063515919274790e-05
1.211107691851859e-01 1.241963977692491e-01 5.911161274625239e-02 2.927707663144675e+01 3.959979030854306e-05
1.230931881842842e-01 1.192103411619473e-01 5.976287354646898e-02 2.742568593342385e+01 3.918577081153856e-05
1.251365471179868e-01 1.231211998143633e-01 5.941931951470437e-02 2.673533685958481e+01 3.865420501423963e-05
1.271326440031612e-01 1.228810989988626e-01 5.934184687143827e-02 2.444463311457343e+01 3.923716226908493e-05
1.291268984506411e-01 1.160762964155805e-01 6.222151318108375e-02 2.284427844340111e+01 3.823506917611136e-05
1.311518919933569e-01 1.214106915630848e-01 6.095774544038694e-02 2.162047781250461e+01 3.649174905961645e-05
1.331472542469875e-01 1.254414600586315e-01 6.041935703048282e-02 1.885908151714844e+01 3.705729133871059e-05
1.351118306087011e-01 1.274952816791489e-01 5.988370116369896e-02 1.929839456413692e+01 3.791614926154986e-05
1.371974218163879e-01 1.248115470585252e-01 5.832740164774879e-02 1.638010075199914e+01 3.899685573376470e-05
1.391899551851847e-01 1.132229968190193e-01 5.939303814104331e-02 1.481112558418313e+01 3.741413379914259e-05
1.411770960771745e-01 1.286538411667154e-01 5.890289047456189e-02 1.418353551705673e+01 3.635259146299989e-05
1.432013663318501e-01 1.126753635728812e-01 6.069425844956121e-02 1.167317524855111e+01 3.585233286554386e-05
1.452310476638904e-01 1.278565150606898e-01 6.005960464871342e-02 1.098282617471207e+01 3.454948005390245e-05
1.472383092726555e-01 1.176933648647398e-01 5.219226709132654e-02 9.633507530390302e+00 3.397933798631991e-05
1.493058645304790e-01 1.152374229214527e-01 5.511927153000199e-02 8.849019946482297e+00 3.588349023732777e-05
1.513048482432091e-01 1.193324037532147e-01 5.930075589666967e-02 6.370039181333000e+00 3.515525011027010e-05
1.532316221200139e-01 1.165609017660129e-01 5.556715619311031e-02 5.742449114206597e+00 3.307397635644270e-05
1.552510379153881e-01 1.178748135101469e-01 6.252398035071340e-02 4.267612456459547e+00 3.225079860393362e-05
1.572034658438082e-01 1.051320814667411e-01 5.556022068002196e-02 3.420365865838902e+00 3.547668374436933e-05
1.592393190787373e-01 1.208619153455384e-01 5.282283205633301e-02 1.820011194666571e+00 3.101589316293801e-05
1.610310724360198e-01 1.070055318104735e-01 5.634989434672647e-02 9.100055973332857e-01 2.957691524498534e-05
1.628943677265283e-01 8.781706137850613e-02 5.861547413339002e-02 3.137950335632020e-01 3.359228620501241e-05
1.650689870910465e-01 1.693774411193793e-02 3.258385932590437e-02 9.413851006896060e-02 5.681794188853574e-06
	99
-3.184441372038543e-02 1.239021105633819e-01 2.005608719429711e-01 3.172467789323972e+01 1.263379936702513e-04
-2.990077609047063e-02 1.513675672159947e-01 2.017497697471468e-01 3.198198982076154e+02 1.496504217901175e-04
-2.793941651042237e-02 1.950614026417464e-01 2.056020116034924e-01 2.371757002180749e+03 1.880351883831969e-04
-2.605340876236492e-02 2.603551671758865e-01 2.127279665881386e-01 9.698808276874801e+03 3.348375317638977e-04
-2.430037293817726e-02 2.488550632658017e-01 2.163377539785066e-01 1.185834569785676e+04 3.648709894716357e-04
-2.226271882892861e-02 2.234560058101559e-01 2.084220434739150e-01 6.708121950493994e+03 2.106495294812808e-04
-2.020964699886543e-02 2.188647465772165e-01 2.037547346474878e-01 5.168204202785936e+03 1.604929259181416e-04
-1.818216226720866e-02 2.203115693578835e-01 2.015165203945688e-01 4.672219772735939e+03 1.239743824653135e-04
-1.616422312755804e-02 2.212631782592817e-01 2.007992999919865e-01 4.510929125484453e+03 1.108451054844070e-04
-1.415267917148265e-02 2.226202168250349e-01 2.002362288862581e-01 4.483974132101373e+03 1.064363782136555e-04
-1.213784967565869e-02 2.231276436732132e-01 1.987089060525440e-01 4.453379116328962e+03 1.048797383504088e-04
-1.012822334415410e-02 2.229225756513277e-01 1.983945428265384e-01 4.458525354879399e+03 1.047945261284848e-04
-8.115449298985705e-03 2.237840444962275e-01 1.968175139992590e-01 4.450335304503399e+03 1.048989894028666e-04
-6.102728393078269e-03 2.232645396372000e-01 1.951680540907629e-01 4.446538384597284e+03 1.063277667098183e-04
-4.086914540461980e-03 2.225593047697999e-01 1.937275797118551e-01 4.473273721456869e+03 1.099732171780683e-04
-2.074000375127819e-03 2.223154836857834e-01 1.924637367985506e-01 4.578018503660265e+03 1.150130921368780e-04
-6.067726105012402e-05 2.195715835284669e-01 1.900990247030613e-01 4.768492089033130e+03 1.216113877190539e-04
1.944679004595205e-03 2.181091822873639e-01 1.881786632240562e-01 4.911645383344661e+03 1.285109872352718e-04
3.952569267778644e-03 2.140297510478961e-01 1.861797009727255e-01 4.910358823707053e+03 1.349741506892369e-04
5.962483463080497e-03 2.085128937143754e-01 1.838799375326896e-01 4.814745476980345e+03 1.405840844381536e-04
7.970212067830496e-03 2.033928918458683e-01 1.805162520080380e-01 4.676267728668904e+03 1.434989697112219e-04
9.976746092426002e-03 1.976497256831815e-01 1.776189269553117e-01 4.423694106153883e+03 1.447365793446571e-04
1.198291821194706e-02 1.913637240506071e-01 1.744988945414138e-01 4.033866535958317e+03 1.439121627397852e-04
1.399157933721366e-02 1.858051178084952e-01 1.714048846028677e-01 3.571646451519721e+03 1.397280163058205e-04
1.600013868100681e-02 1.807674807428100e-01 1.677930211457491e-01 3.110524649698595e+03 1.334137498659973e-04
1.801204055958287e-02 1.752915274222090e-01 1.644922306302867e-01 2.691576900388365e+03 1.263298799538441e-04
2.002485886104642e-02 1.706813740812613e-01 1.623853611030167e-01 2.347375128072888e+03 1.185348407141636e-04
2.203783186758657e-02 1.663223993145945e-01 1.599897725004974e-01 2.045567064791801e+03 1.105144174571220e-04
2.404886673984403e-02 1.628804470944104e-01 1.567873639705928e-01 1.797072777713101e+03 1.037409818740312e-04
2.606165481110059e-02 1.578032921416411e-01 1.548965828710598e-01 1.576631766634952e+03 9.782425007566631e-05
2.807877651845518e-02 1.561852134939977e-01 1.525817987944947e-01 1.409159357222271e+03 9.144130607693117e-05
3.009196171899462e-02 1.562292792425393e-01 1.513938173727194e-01 1.269332290266508e+03 8.748311417288027e-05
3.209650792948018e-02 1.563289432857445e-01 1.529808294393206e-01 1.143469102304308e+03 8.335027590619017e-05
3.410725436417965e-02 1.590966435071420e-01 1.541592180251682e-01 1.018641437952866e+03 8.034334769620108e-05
3.612013403579863e-02 1.588586690903574e-01 1.569572414665778e-01 9.171915036018829e+02 7.737817861285887e-05
3.813665918199257e-02 1.586043322138689e-01 1.552526184038091e-01 8.252181792645084e+02 7.418347483525786e-05
4.014575155016235e-02 1.615275539426403e-01 1.575580642763212e-01 7.462987283233631e+02 7.227840576645093e-05
4.215692447073613e-02 1.627476102394156e-01 1.597943176944704e-01 6.858304253557342e+02 7.004444113083071e-05
4.417083156755565e-02 1.652249451910006e-01 1.615640630030100e-01 6.169837949919676e+02 6.865034169768402e-05
4.618230035988646e-02 1.668732373747374e-01 1.665135005802915e-01 5.602182734203844e+02 6.659254370756716e-05
4.819123926318890e-02 1.701982763324970e-01 1.649426262764374e-01 4.986830673386405e+02 6.513856574815248e-05
5.020171542318295e-02 1.669918684441752e-01 1.670614820710660e-01 4.496682830960684e+02 6.271147489924625e-05
5.221480002769921e-02 1.724049767017820e-01 1.652041864752676e-01 4.078707846254499e+02 6.128200409581142e-05
5.423543739774184e-02 1.734083401532492e-01 1.650480434416460e-01 3.693053750005323e+02 5.935723888343285e-05
5.623753168694182e-02 1.720365023859231e-01 1.614285421540581e-01 3.367334505166720e+02 5.887707347241071e-05
5.824856421085649e-02 1.728032295246457e-01 1.647306479390682e-01 3.104688062074320e+02 5.733719276270591e-05
6.026145847194500e-02 1.750212560299607e-01 1.625567117091648e-01 2.822900121934564e+02 5.669634712120599e-05
6.227093039150915e-02 1.725768904867792e-01 1.621812849654032e-01 2.561822654009981e+02 5.629297552144310e-05
6.428912987270288e-02 1.754646102851239e-01 1.695686274183219e-01 2.303255546353902e+02 5.508061948454821e-05
6.629881051838160e-02 1.765720866581803e-01 1.662383283423005e-01 2.088305948363109e+02 5.384978846483692e-05
6.831654833949534e-02 1.773414321897631e-01 1.655557269739423e-01 1.911011754399900e+02 5.287237191181456e-05
7.033073594503267e-02 1.784205236335420e-01 1.659291339265193e-01 1.776393685001286e+02 5.175019169859764e-05
7.233091711573954e-02 1.805660405227149e-01 1.614548038384114e-01 1.642403205669799e+02 5.151334223930893e-05
7.435137113969867e-02 1.812108468358535e-01 1.563405487251414e-01 1.525043863117162e+02 5.022146671633164e-05
7.635662585054054e-02 1.819662363606842e-01 1.528754579358612e-01 1.406743135463834e+02 4.933204872625165e-05
7.837315016765926e-02 1.824945041693742e-01 1.465211505577463e-01 1.322018476401770e+02 4.896778548485561e-05
8.038140989575419e-02 1.835982595454002e-01 1.476052790848253e-01 1.225369606064304e+02 4.852165768608858e-05
8.239643520862960e-02 1.809803498291043e-01 1.410206529539935e-01 1.138762176800860e+02 4.745623515159438e-05
8.441432205300571e-02 1.755074296784780e-01 1.356886680671712e-01 1.060627213443622e+02 4.749417779040350e-05
8.643410268472955e-02 1.759849146574127e-01 1.337347831263864e-01 9.972406166638557e+01 4.714648190848906e-05
8.845178239906909e-02 1.797715263750400e-01 1.301932865301146e-01 9.241263738436297e+01 4.580597823656480e-05
9.046043498343145e-02 1.730298160269877e-01 1.288990972718937e-01 8.779985039098389e+01 4.568034431451766e-05
9.244416943688941e-02 1.885157361973300e-01 1.250442444526660e-01 7.957842051162801e+01 4.526592718448373e-05
9.446115025588263e-02 1.758439518452965e-01 1.205067141883504e-01 7.596977762565119e+01 4.523304346209723e-05
9.649022762250328e-02 1.723700068130529e-01 1.131980259781651e-01 7.022732851144460e+01 4.511989580719569e-05
9.849439191617089e-02 1.708156256018580e-01 1.117777059926021e-01 6.504971045765177e+01 4.457738133115277e-05
1.005035369915457e-01 1.731693492356537e-01 1.085783272198990e-01 6.153520608174390e+01 4.367890435141507e-05
1.025211602142031e-01 1.678776585636754e-01 1.088278597439381e-01 5.846001475282451e+01 4.279764058926227e-05
1.045605287221673e-01 1.755340019661972e-01 1.116689364312595e-01 5.372170974602017e+01 4.414235946555058e-05
1.065288263006989e-01 1.732781475866500e-01 1.052690232777082e-01 5.121134947751456e+01 4.322296949125309e-05
1.085554619179761e-01 1.759875944548332e-01 1.088041788881050e-01 5.026996437682495e+01 4.227421243106833e-05
1.105452210411231e-01 1.613150870079668e-01 1.002191193187376e-01 4.757132708818141e+01 4.174424814020338e-05
1.125591838886929e-01 1.598672513962671e-01 9.005350070478453e-02 4.672408049756076e+01 4.262748697437441e-05
1.146021851854406e-01 1.557040676681852e-01 8.007793925302181e-02 4.484131029618155e+01 4.101721494315712e-05
1.165985765331570e-01 1.441344364395303e-01 7.183322358044215e-02 4.402544320891723e+01 4.100113717375107e-05
1.186161842680316e-01 1.481048050808263e-01 6.538109645815025e-02 4.123266741020473e+01 4.073383099184081e-05
1.206388763266137e-01 1.428578786467734e-01 6.448217196952311e-02 3.862816863163016e+01 3.994412369191529e-05
1.226230277593217e-01 1.354304132777196e-01 6.487286826017094e-02 3.624332637654982e+01 3.944111756547501e-05
1.246570555666307e-01 1.383000559022246e-01 6.411206552260612e-02 3.442331518188325e+01 3.970077146937194e-05
1.266645385115557e-01 1.425653625929906e-01 6.453684093623782e-02 3.216399094022820e+01 3.916737961123948e-05
1.286603829078455e-01 1.342724991493955e-01 6.701790656829383e-02 3.031260024220531e+01 3.890011912568140e-05
1.306680202040691e-01 1.427120675805661e-01 6.611585375064023e-02 2.921431762473410e+01 3.675079446156150e-05
1.326807646352892e-01 1.418632115338700e-01 6.444012054938221e-02 2.513498218841248e+01 3.675773962038955e-05
1.346512041914023e-01 1.504464604016894e-01 6.333576105395158e-02 2.588809026896416e+01 3.820634432178129e-05
1.367180554867123e-01 1.454582675377798e-01 6.401713559979064e-02 2.281289894004478e+01 3.945906137256163e-05
1.387307889425066e-01 1.346513252970817e-01 6.388677533533109e-02 1.932977406749324e+01 3.776110969833624e-05
1.406882182480733e-01 1.457624237778079e-01 6.626545683789582e-02 1.885908151714844e+01 3.674941013765252e-05
1.427256057597605e-01 1.354595998059456e-01 6.562700443355034e-02 1.612906472514858e+01 3.600925871563487e-05
1.447572147818385e-01 1.469497088913463e-01 6.504817798316571e-02 1.468560757075785e+01 3.477187978207273e-05
1.467668396703183e-01 1.352934152662185e-01 5.950739491997097e-02 1.349318644321768e+01 3.568752831993394e-05
1.488044904906101e-01 1.341341018281914e-01 5.992862000143775e-02 1.132800071163159e+01 3.565142184710820e-05
1.508138923204814e-01 1.309878461847846e-01 6.193199353834981e-02 8.441086402850132e+00 3.600101197756268e-05
1.527948610678499e-01 1.347975654636986e-01 5.913791197922864e-02 8.158670872643251e+00 3.398968363888489e-05
1.547429886180781e-01 1.348823303315874e-01 6.617291043988180e-02 6.213141664551398e+00 3.276611206260483e-05
1.567493428279615e-01 1.192019951911599e-01 6.437959695199172e-02 4.330371463172187e+00 3.452628284908175e-05
1.587545407291829e-01 1.306602798087295e-01 5.796529413449581e-02 2.635878281930896e+00 2.786153038514777e-05
1.605152852445296e-01 1.291599981200239e-01 6.168101565021539e-02 1.161041624183847e+00 3.026373479019539e-05
1.624369517802715e-01 9.595047266267365e-02 6.737999486110499e-02 3.765540402758423e-01 3.105853523709860e-05
1.644423169648004e-01 1.478420059864108e-01 2.778572182049722e-02 1.255180134252808e-01 6.222135897159301e-06
	100
-3.256962863733270e-02 2.771838990686312e-01 2.106669185239856e-01 1.300208590115244e+02 1.223466147001930e-04
-3.073711717021414e-02 2.801371722756206e-01 2.129097872751511e-01 8.482074360780736e+02 1.518655879664345e-04
-2.877072914989473e-02 2.831946648783287e-01 2.141426793942020e-01 3.099248412224074e+03 1.837455243246603e-04
-2.678908318290197e-02 2.959519897306513e-01 2.186719952535991e-01 9.359433050205174e+03 3.164590495904821e-04
-2.500201225156318e-02 2.836018979858320e-01 2.250861190776769e-01 1.309126366004535e+04 3.796234202179108e-04
-2.300066446082991e-02 2.556036389568003e-01 2.134053826214947e-01 7.494128981242351e+03 2.234657364216048e-04
-2.094155148536118e-02 2.390636175522594e-01 2.062685005084239e-01 5.453729319599109e+03 1.657467642982676e-04
-1.890785399718461e-02 2.334355316473211e-01 2.020040458719068e-01 4.778454641275755e+03 1.277199166835545e-04
-1.688569059222158e-02 2.289763759291650e-01 2.012523999896071e-01 4.561669621766666e+03 1.115156871741911e-04
-1.487036468628649e-02 2.292968640879276e-01 2.001581641592378e-01 4.519760776902054e+03 1.067242648879131e-04
-1.285445091943004e-02 2.287745932468355e-01 1.989907541653539e-01 4.482020874720311e+03 1.049542107458221e-04
-1.084264426336347e-02 2.279802432552502e-01 1.989011362312697e-01 4.481331275178783e+03 1.047551747742690e-04
-8.827937441988754e-03 2.285209444563199e-01 1.970792090850184e-01 4.475406988208393e+03 1.047364468216648e-04
-6.813564385191821e-03 2.271953329752076e-01 1.954722876673219e-01 4.461207506739681e+03 1.063119298267723e-04
-4.797092481657382e-03 2.262528330324794e-01 1.937892670353459e-01 4.483212001201130e+03 1.094532484044769e-04
-2.781499731371304e-03 2.261352935048801e-01 1.929127405715862e-01 4.586526550695340e+03 1.146508627492582e-04
-7.643888587214596e-04 2.234114902666269e-01 1.905408590286105e-01 4.767734502948383e+03 1.208753358303324e-04
1.244673030868114e-03 2.223123907066223e-01 1.884035023286436e-01 4.933081665746306e+03 1.279712471752812e-04
3.254217852711671e-03 2.187446454470441e-01 1.865703109013065e-01 4.935589300442769e+03 1.343432414209051e-04
5.265611824247484e-03 2.142136035907196e-01 1.839658759443457e-01 4.861896185800509e+03 1.401755366864955e-04
7.276878826562381e-03 2.101715655564515e-01 1.808419778668050e-01 4.740652048226599e+03 1.434151248694281e-04
9.286464369760357e-03 2.057413807535803e-01 1.781544978152554e-01 4.508821220538742e+03 1.446936292900957e-04
1.129409638150036e-02 2.011341112619266e-01 1.750338498354004e-01 4.136813613318690e+03 1.444344186416444e-04
1.330467634662235e-02 1.971339475565072e-01 1.717460296975816e-01 3.692648817707963e+03 1.401617779089033e-04
1.531448059231619e-02 1.933999444724618e-01 1.683128663977874e-01 3.229488689271539e+03 1.342010208171779e-04
1.732823134167309e-02 1.899536567827080e-01 1.647821999787775e-01 2.820054634206802e+03 1.269129705069697e-04
1.934507846432172e-02 1.863188138166031e-01 1.626274018163426e-01 2.470521702953787e+03 1.191770536259108e-04
2.135910598242381e-02 1.837718826696835e-01 1.603472949660211e-01 2.165938123634841e+03 1.109262215789291e-04
2.337306661406700e-02 1.804210659368690e-01 1.572056606499241e-01 1.907526368164493e+03 1.038951675972252e-04
2.538797075048999e-02 1.761368774423058e-01 1.552446590794292e-01 1.676510521752985e+03 9.806503126334279e-05
2.740587788500986e-02 1.741665543858547e-01 1.531932430515396e-01 1.497653477027874e+03 9.218740052382690e-05
2.942162054580508e-02 1.741015278345169e-01 1.513706883457569e-01 1.348856703226595e+03 8.766814692320864e-05
3.143022212823934e-02 1.755567651935674e-01 1.533233643841738e-01 1.221030024574475e+03 8.380420673666644e-05
3.344389013865834e-02 1.796707452985128e-01 1.549299445510934e-01 1.092795855284179e+03 8.053117667974362e-05
3.545816192736478e-02 1.816217587353915e-01 1.572654432018415e-01 9.860333080823342e+02 7.745979742525050e-05
3.747286162876037e-02 1.820091359486661e-01 1.567891578365842e-01 8.884863183899851e+02 7.425651059315668e-05
3.948838621310522e-02 1.855571611630852e-01 1.590256758967047e-01 8.152320398196061e+02 7.260763588358744e-05
4.150542687643741e-02 1.879937434123638e-01 1.604788247749286e-01 7.411000891054655e+02 7.001419276033635e-05
4.351409186378642e-02 1.925157488084647e-01 1.633393252772347e-01 6.753060237570591e+02 6.873070724077273e-05
4.552892241351146e-02 1.973548835252990e-01 1.685603584423271e-01 6.176931166058581e+02 6.701443801203882e-05
4.754243994279756e-02 2.040778583579749e-01 1.672999154818912e-01 5.625878441511184e+02 6.501196650931115e-05
4.956184215232626e-02 2.072254013700643e-01 1.712367852074642e-01 5.136889675701209e+02 6.276442413903913e-05
5.157435181633443e-02 2.138547481647111e-01 1.700967187953232e-01 4.746639026064401e+02 6.149136719556825e-05
5.359003417206651e-02 2.177966675766814e-01 1.688591760199675e-01 4.315639312610095e+02 5.935327573951932e-05
5.559592355101947e-02 2.176081503569230e-01 1.685447409631576e-01 4.023813324809399e+02 5.879201959240236e-05
5.761209040665522e-02 2.220463039140534e-01 1.711490436096974e-01 3.723837524245201e+02 5.759382283803883e-05
5.962422704961270e-02 2.254982951369937e-01 1.697829134579757e-01 3.441415166556235e+02 5.680070140879296e-05
6.163890719885039e-02 2.295527558692824e-01 1.733585843480233e-01 3.192532422932439e+02 5.632922288839234e-05
6.365505390009869e-02 2.330598737361956e-01 1.781720529540828e-01 2.944903496656874e+02 5.511025651356915e-05
6.567033299445391e-02 2.403558403169387e-01 1.801180685347613e-01 2.733635273480000e+02 5.376504490286579e-05
6.768741815838746e-02 2.412013618773504e-01 1.818241995989485e-01 2.534591769448375e+02 5.311885849525542e-05
6.970168155837274e-02 2.449402368553223e-01 1.799297554906476e-01 2.373162785863672e+02 5.198297990666593e-05
7.171495661926658e-02 2.469936477576067e-01 1.786671213773629e-01 2.205151261200757e+02 5.169490998183767e-05
7.373460908355416e-02 2.538772265587559e-01 1.746420941831406e-01 2.089800065163532e+02 5.016480247619320e-05
7.574374170231182e-02 2.547977877796355e-01 1.685518003659845e-01 1.939655437712904e+02 4.968364064202743e-05
7.775743095686263e-02 2.588307071542660e-01 1.638982486766898e-01 1.846872953943832e+02 4.930900328039065e-05
7.977024102427686e-02 2.570635520716701e-01 1.646038838004652e-01 1.730267940558377e+02 4.825636906933620e-05
8.178228123221214e-02 2.545293152764206e-01 1.612259272429387e-01 1.634037459081670e+02 4.732474214602983e-05
8.380128347011524e-02 2.533591541994806e-01 1.552539155782233e-01 1.545329881694347e+02 4.738032845981245e-05
8.581827786832535e-02 2.504916287799558e-01 1.522368101620951e-01 1.446278311184121e+02 4.706152343004667e-05
8.783337912061263e-02 2.586129146442440e-01 1.507046213000144e-01 1.358511096807972e+02 4.637399900485421e-05
8.985026144170422e-02 2.463908751567023e-01 1.486840875072716e-01 1.286730053621764e+02 4.605091631190716e-05
9.185367939196905e-02 2.638681420624270e-01 1.452991987217573e-01 1.190499572145057e+02 4.576866411297174e-05
9.386937094662472e-02 2.516902597202528e-01 1.423165385514494e-01 1.120912709318252e+02 4.498628102012671e-05
9.587414369546948e-02 2.479683364954847e-01 1.348019001406970e-01 1.059789113592006e+02 4.516339398825001e-05
9.789299773236002e-02 2.505469004547939e-01 1.295746914604012e-01 9.970982461804701e+01 4.430937968827590e-05
9.990412083962394e-02 2.496073712488577e-01 1.302993635682552e-01 9.362881047912809e+01 4.450427981329514e-05
1.019314321512680e-01 2.450503819529347e-01 1.277712241367391e-01 8.870757738732256e+01 4.273054335474744e-05
1.039446400838468e-01 2.534977059252040e-01 1.294642225393001e-01 8.278329041693247e+01 4.378720607758471e-05
1.059438380403552e-01 2.541001257921840e-01 1.246996524406637e-01 7.852031143294806e+01 4.294916851199172e-05
1.079713087805456e-01 2.489168174890295e-01 1.271655550700160e-01 7.485289568937324e+01 4.279273691550483e-05
1.099711954305149e-01 2.340630911346266e-01 1.180078639628467e-01 7.102875277726959e+01 4.203846772057105e-05
1.119980993775550e-01 2.261706951090758e-01 1.063659178035492e-01 6.767479137075244e+01 4.259304512160601e-05
1.140164714997743e-01 2.182382300312024e-01 9.047929502355791e-02 6.441486626535261e+01 4.172943847015704e-05
1.160302084757426e-01 1.970867395007305e-01 7.896731052416935e-02 6.043399618472011e+01 4.079126523478820e-05
1.180385966640818e-01 2.074824649555437e-01 7.278657889443908e-02 5.726810738043757e+01 4.100205499808584e-05
1.200593422213177e-01 1.980429009064179e-01 7.026544419483838e-02 5.479181811768192e+01 4.005799704879435e-05
1.220648923108920e-01 1.916215230760722e-01 7.082949538741386e-02 5.109305694040133e+01 3.953690428397201e-05
1.240792272763171e-01 2.002898298771964e-01 7.088772442412178e-02 4.899291288211490e+01 3.972256094186349e-05
1.261021391499938e-01 2.035424441155860e-01 7.164765014378927e-02 4.635989645083041e+01 3.956004245741953e-05
1.281106188134158e-01 1.937353220341998e-01 7.160004316252370e-02 4.275517157466712e+01 3.890045603910045e-05
1.301214510109879e-01 1.983108294121190e-01 7.112419829913559e-02 4.121924532308451e+01 3.679940851553803e-05
1.321461117018067e-01 2.058753873132819e-01 7.039566812326516e-02 3.598455789422131e+01 3.694113393538103e-05
1.341026369877480e-01 1.989217691990974e-01 7.113904502696117e-02 3.538899465381172e+01 3.894530688708860e-05
1.361682920411754e-01 2.049953657530466e-01 7.211494526418692e-02 3.281866908993877e+01 3.935264999743999e-05
1.381736345470644e-01 1.966688804500044e-01 7.081096027090183e-02 2.814819946777939e+01 3.773881119725966e-05
1.401303979065346e-01 2.019773150570640e-01 7.179740333950843e-02 2.692572755325444e+01 3.672133626098868e-05
1.421690836988611e-01 2.076057289548527e-01 7.194406964950108e-02 2.401060221861805e+01 3.645932002706674e-05
1.442120603180275e-01 2.021969211403955e-01 7.331508010123433e-02 2.106413145027589e+01 3.550249370579960e-05
1.462177088955471e-01 2.012788159828207e-01 6.703678767237266e-02 1.943416889757597e+01 3.543575957823154e-05
1.482511306331100e-01 1.960438173571714e-01 6.797588169476466e-02 1.633097096070496e+01 3.514406187064464e-05
1.502645033725024e-01 1.933318831068675e-01 7.237757824278430e-02 1.269490065083591e+01 3.656013812788976e-05
1.522212323632887e-01 1.949562386915154e-01 6.750643807085360e-02 1.206799197672056e+01 3.362129882579884e-05
1.542126220884582e-01 1.870630960856474e-01 7.689859420156768e-02 8.494612534263043e+00 3.292236364589913e-05
1.562172496311945e-01 1.941908564191547e-01 6.826405291441742e-02 6.363123042270840e+00 3.452756819569370e-05
1.582358872013655e-01 1.822740669171942e-01 6.721219012175973e-02 4.106251815455567e+00 2.803831058876832e-05
1.600727870325165e-01 1.556878884463604e-01 7.475645537094781e-02 1.661307986405688e+00 2.982536080077559e-05
1.619312371267206e-01 1.770665309858369e-01 5.572813355155284e-02 5.955632404095861e-01 3.040914755269310e-05
1.634370380753804e-01 1.574444258693553e-01 2.688773307770036e-02 9.403630111730307e-02 3.967040463425959e-06
1.653665480713510e-01 0.000000000000000e+00 0.000000000000000e+00 3.134543370576769e-02 0.000000000000000e+00
