0.000000000000000e+00 0.000000000000000e+00
0.000000000000000e+00 0.000000000000000e+00
0.000000000000000e+00 0.000000000000000e+00
0.000000000000000e+00 0.000000000000000e+00
0.000000000000000e+00 1.000000000000000e+00
1.000000000000000e-01 1.000000000000000e+00
1.000000000000000e-01 0.000000000000000e+00
0.000000000000000e+00 0.000000000000000e+00
1.000000000000000e-01 0.000000000000000e+00
1.000000000000000e-01 0.000000000000000e+00
1.000000000000000e-01 1.000000000000000e+00
2.000000000000000e-01 1.000000000000000e+00
2.000000000000000e-01 0.000000000000000e+00
1.000000000000000e-01 0.000000000000000e+00
2.000000000000000e-01 0.000000000000000e+00
2.000000000000000e-01 0.000000000000000e+00
7.000000000000000e-01 0.000000000000000e+00
7.000000000000000e-01 0.000000000000000e+00
1.200000000000000e+00 0.000000000000000e+00
1.200000000000000e+00 0.000000000000000e+00
1.700000000000000e+00 0.000000000000000e+00
1.700000000000000e+00 0.000000000000000e+00
2.200000000000000e+00 0.000000000000000e+00
2.200000000000000e+00 0.000000000000000e+00
2.700000000000000e+00 0.000000000000000e+00
2.700000000000000e+00 0.000000000000000e+00
3.200000000000000e+00 0.000000000000000e+00
3.200000000000000e+00 0.000000000000000e+00
3.700000000000000e+00 0.000000000000000e+00
3.700000000000000e+00 0.000000000000000e+00
4.200000000000000e+00 0.000000000000000e+00
4.200000000000000e+00 0.000000000000000e+00
4.700000000000000e+00 0.000000000000000e+00
4.700000000000000e+00 0.000000000000000e+00
5.200000000000000e+00 0.000000000000000e+00
5.200000000000000e+00 0.000000000000000e+00
5.700000000000000e+00 0.000000000000000e+00
5.700000000000000e+00 0.000000000000000e+00
6.200000000000000e+00 0.000000000000000e+00
6.200000000000000e+00 0.000000000000000e+00
6.700000000000000e+00 0.000000000000000e+00
6.700000000000000e+00 0.000000000000000e+00
7.200000000000000e+00 0.000000000000000e+00
7.200000000000000e+00 0.000000000000000e+00
7.700000000000000e+00 0.000000000000000e+00
7.700000000000000e+00 0.000000000000000e+00
7.800000000000000e+00 0.000000000000000e+00
7.800000000000000e+00 0.000000000000000e+00
7.900000000000000e+00 0.000000000000000e+00
7.900000000000000e+00 0.000000000000000e+00
8.000000000000000e+00 0.000000000000000e+00
8.000000000000000e+00 0.000000000000000e+00
8.000000000000000e+00 -1.000000000000000e+00
8.100000000000000e+00 -1.000000000000000e+00
8.100000000000000e+00 0.000000000000000e+00
8.000000000000000e+00 0.000000000000000e+00
8.100000000000000e+00 0.000000000000000e+00
8.100000000000000e+00 0.000000000000000e+00
8.100000000000000e+00 -1.000000000000000e+00
8.199999999999999e+00 -1.000000000000000e+00
8.199999999999999e+00 0.000000000000000e+00
8.100000000000000e+00 0.000000000000000e+00
8.199999999999999e+00 0.000000000000000e+00
8.199999999999999e+00 0.000000000000000e+00
8.699999999999999e+00 0.000000000000000e+00
8.699999999999999e+00 0.000000000000000e+00
9.199999999999999e+00 0.000000000000000e+00
9.199999999999999e+00 0.000000000000000e+00
9.699999999999999e+00 0.000000000000000e+00
9.699999999999999e+00 0.000000000000000e+00
1.020000000000000e+01 0.000000000000000e+00
1.020000000000000e+01 0.000000000000000e+00
1.070000000000000e+01 0.000000000000000e+00
1.070000000000000e+01 0.000000000000000e+00
1.120000000000000e+01 0.000000000000000e+00
1.120000000000000e+01 0.000000000000000e+00
1.170000000000000e+01 0.000000000000000e+00
1.170000000000000e+01 0.000000000000000e+00
1.220000000000000e+01 0.000000000000000e+00
1.220000000000000e+01 0.000000000000000e+00
1.270000000000000e+01 0.000000000000000e+00
1.270000000000000e+01 0.000000000000000e+00
1.320000000000000e+01 0.000000000000000e+00
1.320000000000000e+01 0.000000000000000e+00
1.370000000000000e+01 0.000000000000000e+00
1.370000000000000e+01 0.000000000000000e+00
1.420000000000000e+01 0.000000000000000e+00
1.420000000000000e+01 0.000000000000000e+00
1.470000000000000e+01 0.000000000000000e+00
1.470000000000000e+01 0.000000000000000e+00
1.520000000000000e+01 0.000000000000000e+00
1.520000000000000e+01 0.000000000000000e+00
1.570000000000000e+01 0.000000000000000e+00
1.570000000000000e+01 0.000000000000000e+00
1.580000000000000e+01 0.000000000000000e+00
1.580000000000000e+01 0.000000000000000e+00
1.590000000000000e+01 0.000000000000000e+00
1.590000000000000e+01 0.000000000000000e+00
1.600000000000000e+01 0.000000000000000e+00
1.600000000000000e+01 0.000000000000000e+00
1.600000000000000e+01 1.000000000000000e+00
1.610000000000000e+01 1.000000000000000e+00
1.610000000000000e+01 0.000000000000000e+00
1.600000000000000e+01 0.000000000000000e+00
1.610000000000000e+01 0.000000000000000e+00
1.610000000000000e+01 0.000000000000000e+00
1.610000000000000e+01 1.000000000000000e+00
1.620000000000000e+01 1.000000000000000e+00
1.620000000000000e+01 0.000000000000000e+00
1.610000000000000e+01 0.000000000000000e+00
1.620000000000000e+01 0.000000000000000e+00
1.620000000000000e+01 0.000000000000000e+00
1.670000000000000e+01 0.000000000000000e+00
1.670000000000000e+01 0.000000000000000e+00
1.720000000000000e+01 0.000000000000000e+00
1.720000000000000e+01 0.000000000000000e+00
1.770000000000000e+01 0.000000000000000e+00
1.770000000000000e+01 0.000000000000000e+00
1.820000000000000e+01 0.000000000000000e+00
1.820000000000000e+01 0.000000000000000e+00
1.870000000000000e+01 0.000000000000000e+00
1.870000000000000e+01 0.000000000000000e+00
1.920000000000000e+01 0.000000000000000e+00
1.920000000000000e+01 0.000000000000000e+00
1.970000000000000e+01 0.000000000000000e+00
1.970000000000000e+01 0.000000000000000e+00
2.020000000000000e+01 0.000000000000000e+00
2.020000000000000e+01 0.000000000000000e+00
2.070000000000000e+01 0.000000000000000e+00
2.070000000000000e+01 0.000000000000000e+00
2.120000000000000e+01 0.000000000000000e+00
2.120000000000000e+01 0.000000000000000e+00
2.170000000000000e+01 0.000000000000000e+00
2.170000000000000e+01 0.000000000000000e+00
2.220000000000000e+01 0.000000000000000e+00
2.220000000000000e+01 0.000000000000000e+00
2.270000000000000e+01 0.000000000000000e+00
2.270000000000000e+01 0.000000000000000e+00
2.320000000000000e+01 0.000000000000000e+00
2.320000000000000e+01 0.000000000000000e+00
2.370000000000000e+01 0.000000000000000e+00
2.370000000000000e+01 0.000000000000000e+00
2.380000000000000e+01 0.000000000000000e+00
2.380000000000000e+01 0.000000000000000e+00
2.390000000000000e+01 0.000000000000000e+00
2.390000000000000e+01 0.000000000000000e+00
2.400000000000000e+01 0.000000000000000e+00
2.400000000000000e+01 0.000000000000000e+00
2.400000000000000e+01 -1.000000000000000e+00
2.410000000000000e+01 -1.000000000000000e+00
2.410000000000000e+01 0.000000000000000e+00
2.400000000000000e+01 0.000000000000000e+00
2.410000000000000e+01 0.000000000000000e+00
2.410000000000000e+01 0.000000000000000e+00
2.410000000000000e+01 -1.000000000000000e+00
2.420000000000000e+01 -1.000000000000000e+00
2.420000000000000e+01 0.000000000000000e+00
2.410000000000000e+01 0.000000000000000e+00
2.420000000000000e+01 0.000000000000000e+00
2.420000000000000e+01 0.000000000000000e+00
2.470000000000000e+01 0.000000000000000e+00
2.470000000000000e+01 0.000000000000000e+00
2.520000000000000e+01 0.000000000000000e+00
2.520000000000000e+01 0.000000000000000e+00
2.570000000000000e+01 0.000000000000000e+00
2.570000000000000e+01 0.000000000000000e+00
2.620000000000000e+01 0.000000000000000e+00
2.620000000000000e+01 0.000000000000000e+00
2.670000000000000e+01 0.000000000000000e+00
2.670000000000000e+01 0.000000000000000e+00
2.720000000000000e+01 0.000000000000000e+00
2.720000000000000e+01 0.000000000000000e+00
2.770000000000000e+01 0.000000000000000e+00
2.770000000000000e+01 0.000000000000000e+00
2.820000000000000e+01 0.000000000000000e+00
2.820000000000000e+01 0.000000000000000e+00
2.870000000000000e+01 0.000000000000000e+00
2.870000000000000e+01 0.000000000000000e+00
2.920000000000000e+01 0.000000000000000e+00
2.920000000000000e+01 0.000000000000000e+00
2.970000000000000e+01 0.000000000000000e+00
2.970000000000000e+01 0.000000000000000e+00
3.020000000000000e+01 0.000000000000000e+00
3.020000000000000e+01 0.000000000000000e+00
3.070000000000000e+01 0.000000000000000e+00
3.070000000000000e+01 0.000000000000000e+00
3.120000000000000e+01 0.000000000000000e+00
3.120000000000000e+01 0.000000000000000e+00
3.170000000000000e+01 0.000000000000000e+00
3.170000000000000e+01 0.000000000000000e+00
3.180000000000000e+01 0.000000000000000e+00
3.180000000000000e+01 0.000000000000000e+00
3.190000000000000e+01 0.000000000000000e+00
3.190000000000000e+01 0.000000000000000e+00
3.200000000000000e+01 0.000000000000000e+00
3.200000000000000e+01 0.000000000000000e+00
3.200000000000000e+01 1.000000000000000e+00
3.210000000000000e+01 1.000000000000000e+00
3.210000000000000e+01 0.000000000000000e+00
3.200000000000000e+01 0.000000000000000e+00
3.210000000000000e+01 0.000000000000000e+00
3.210000000000000e+01 0.000000000000000e+00
3.210000000000000e+01 1.000000000000000e+00
3.220000000000000e+01 1.000000000000000e+00
3.220000000000000e+01 0.000000000000000e+00
3.210000000000000e+01 0.000000000000000e+00
3.220000000000000e+01 0.000000000000000e+00
3.220000000000000e+01 0.000000000000000e+00
3.270000000000000e+01 0.000000000000000e+00
3.270000000000000e+01 0.000000000000000e+00
3.320000000000000e+01 0.000000000000000e+00
3.320000000000000e+01 0.000000000000000e+00
3.370000000000000e+01 0.000000000000000e+00
3.370000000000000e+01 0.000000000000000e+00
3.420000000000000e+01 0.000000000000000e+00
3.420000000000000e+01 0.000000000000000e+00
3.470000000000000e+01 0.000000000000000e+00
3.470000000000000e+01 0.000000000000000e+00
3.520000000000000e+01 0.000000000000000e+00
3.520000000000000e+01 0.000000000000000e+00
3.570000000000000e+01 0.000000000000000e+00
3.570000000000000e+01 0.000000000000000e+00
3.620000000000000e+01 0.000000000000000e+00
3.620000000000000e+01 0.000000000000000e+00
3.670000000000000e+01 0.000000000000000e+00
3.670000000000000e+01 0.000000000000000e+00
3.720000000000000e+01 0.000000000000000e+00
3.720000000000000e+01 0.000000000000000e+00
3.770000000000000e+01 0.000000000000000e+00
3.770000000000000e+01 0.000000000000000e+00
3.820000000000000e+01 0.000000000000000e+00
3.820000000000000e+01 0.000000000000000e+00
3.870000000000000e+01 0.000000000000000e+00
3.870000000000000e+01 0.000000000000000e+00
3.920000000000000e+01 0.000000000000000e+00
3.920000000000000e+01 0.000000000000000e+00
3.970000000000000e+01 0.000000000000000e+00
3.970000000000000e+01 0.000000000000000e+00
3.980000000000000e+01 0.000000000000000e+00
3.980000000000000e+01 0.000000000000000e+00
3.990000000000000e+01 0.000000000000000e+00
3.990000000000000e+01 0.000000000000000e+00
4.000000000000000e+01 0.000000000000000e+00
4.000000000000000e+01 0.000000000000000e+00
4.000000000000000e+01 -1.000000000000000e+00
4.010000000000000e+01 -1.000000000000000e+00
4.010000000000000e+01 0.000000000000000e+00
4.000000000000000e+01 0.000000000000000e+00
4.010000000000000e+01 0.000000000000000e+00
4.010000000000000e+01 0.000000000000000e+00
4.010000000000000e+01 -1.000000000000000e+00
4.020000000000000e+01 -1.000000000000000e+00
4.020000000000000e+01 0.000000000000000e+00
4.010000000000000e+01 0.000000000000000e+00
4.020000000000000e+01 0.000000000000000e+00
4.020000000000000e+01 0.000000000000000e+00
4.070000000000000e+01 0.000000000000000e+00
4.070000000000000e+01 0.000000000000000e+00
4.120000000000000e+01 0.000000000000000e+00
4.120000000000000e+01 0.000000000000000e+00
4.170000000000000e+01 0.000000000000000e+00
4.170000000000000e+01 0.000000000000000e+00
4.220000000000000e+01 0.000000000000000e+00
4.220000000000000e+01 0.000000000000000e+00
4.270000000000000e+01 0.000000000000000e+00
4.270000000000000e+01 0.000000000000000e+00
4.320000000000000e+01 0.000000000000000e+00
4.320000000000000e+01 0.000000000000000e+00
4.370000000000000e+01 0.000000000000000e+00
4.370000000000000e+01 0.000000000000000e+00
4.420000000000000e+01 0.000000000000000e+00
4.420000000000000e+01 0.000000000000000e+00
4.470000000000000e+01 0.000000000000000e+00
4.470000000000000e+01 0.000000000000000e+00
4.520000000000000e+01 0.000000000000000e+00
4.520000000000000e+01 0.000000000000000e+00
4.570000000000000e+01 0.000000000000000e+00
4.570000000000000e+01 0.000000000000000e+00
4.620000000000000e+01 0.000000000000000e+00
4.620000000000000e+01 0.000000000000000e+00
4.670000000000000e+01 0.000000000000000e+00
4.670000000000000e+01 0.000000000000000e+00
4.720000000000000e+01 0.000000000000000e+00
4.720000000000000e+01 0.000000000000000e+00
4.770000000000000e+01 0.000000000000000e+00
4.770000000000000e+01 0.000000000000000e+00
4.780000000000000e+01 0.000000000000000e+00
4.780000000000000e+01 0.000000000000000e+00
4.790000000000000e+01 0.000000000000000e+00
4.790000000000000e+01 0.000000000000000e+00
4.800000000000000e+01 0.000000000000000e+00
4.800000000000000e+01 0.000000000000000e+00
4.800000000000000e+01 1.000000000000000e+00
4.810000000000000e+01 1.000000000000000e+00
4.810000000000000e+01 0.000000000000000e+00
4.800000000000000e+01 0.000000000000000e+00
4.810000000000000e+01 0.000000000000000e+00
4.810000000000000e+01 0.000000000000000e+00
4.810000000000000e+01 1.000000000000000e+00
4.820000000000000e+01 1.000000000000000e+00
4.820000000000000e+01 0.000000000000000e+00
4.810000000000000e+01 0.000000000000000e+00
4.820000000000000e+01 0.000000000000000e+00
4.820000000000000e+01 0.000000000000000e+00
4.870000000000000e+01 0.000000000000000e+00
4.870000000000000e+01 0.000000000000000e+00
4.920000000000000e+01 0.000000000000000e+00
4.920000000000000e+01 0.000000000000000e+00
4.970000000000000e+01 0.000000000000000e+00
4.970000000000000e+01 0.000000000000000e+00
5.020000000000000e+01 0.000000000000000e+00
5.020000000000000e+01 0.000000000000000e+00
5.070000000000000e+01 0.000000000000000e+00
5.070000000000000e+01 0.000000000000000e+00
5.120000000000000e+01 0.000000000000000e+00
5.120000000000000e+01 0.000000000000000e+00
5.170000000000000e+01 0.000000000000000e+00
5.170000000000000e+01 0.000000000000000e+00
5.220000000000000e+01 0.000000000000000e+00
5.220000000000000e+01 0.000000000000000e+00
5.270000000000000e+01 0.000000000000000e+00
5.270000000000000e+01 0.000000000000000e+00
5.320000000000000e+01 0.000000000000000e+00
5.320000000000000e+01 0.000000000000000e+00
5.370000000000000e+01 0.000000000000000e+00
5.370000000000000e+01 0.000000000000000e+00
5.420000000000000e+01 0.000000000000000e+00
5.420000000000000e+01 0.000000000000000e+00
5.470000000000000e+01 0.000000000000000e+00
5.470000000000000e+01 0.000000000000000e+00
5.520000000000000e+01 0.000000000000000e+00
5.520000000000000e+01 0.000000000000000e+00
5.570000000000000e+01 0.000000000000000e+00
5.570000000000000e+01 0.000000000000000e+00
5.580000000000000e+01 0.000000000000000e+00
5.580000000000000e+01 0.000000000000000e+00
5.590000000000000e+01 0.000000000000000e+00
5.590000000000000e+01 0.000000000000000e+00
5.600000000000000e+01 0.000000000000000e+00
5.600000000000000e+01 0.000000000000000e+00
5.600000000000000e+01 -1.000000000000000e+00
5.610000000000000e+01 -1.000000000000000e+00
5.610000000000000e+01 0.000000000000000e+00
5.600000000000000e+01 0.000000000000000e+00
5.610000000000000e+01 0.000000000000000e+00
5.610000000000000e+01 0.000000000000000e+00
5.610000000000000e+01 -1.000000000000000e+00
5.620000000000000e+01 -1.000000000000000e+00
5.620000000000000e+01 0.000000000000000e+00
5.610000000000000e+01 0.000000000000000e+00
5.620000000000000e+01 0.000000000000000e+00
5.620000000000000e+01 0.000000000000000e+00
5.670000000000000e+01 0.000000000000000e+00
5.670000000000000e+01 0.000000000000000e+00
5.720000000000000e+01 0.000000000000000e+00
5.720000000000000e+01 0.000000000000000e+00
5.770000000000000e+01 0.000000000000000e+00
5.770000000000000e+01 0.000000000000000e+00
5.820000000000000e+01 0.000000000000000e+00
5.820000000000000e+01 0.000000000000000e+00
5.870000000000000e+01 0.000000000000000e+00
5.870000000000000e+01 0.000000000000000e+00
5.920000000000000e+01 0.000000000000000e+00
5.920000000000000e+01 0.000000000000000e+00
5.970000000000000e+01 0.000000000000000e+00
5.970000000000000e+01 0.000000000000000e+00
6.020000000000000e+01 0.000000000000000e+00
6.020000000000000e+01 0.000000000000000e+00
6.070000000000000e+01 0.000000000000000e+00
6.070000000000000e+01 0.000000000000000e+00
6.120000000000000e+01 0.000000000000000e+00
6.120000000000000e+01 0.000000000000000e+00
6.170000000000000e+01 0.000000000000000e+00
6.170000000000000e+01 0.000000000000000e+00
6.220000000000000e+01 0.000000000000000e+00
6.220000000000000e+01 0.000000000000000e+00
6.270000000000000e+01 0.000000000000000e+00
6.270000000000000e+01 0.000000000000000e+00
6.320000000000000e+01 0.000000000000000e+00
6.320000000000000e+01 0.000000000000000e+00
6.370000000000000e+01 0.000000000000000e+00
6.370000000000000e+01 0.000000000000000e+00
6.380000000000000e+01 0.000000000000000e+00
6.380000000000000e+01 0.000000000000000e+00
6.390000000000000e+01 0.000000000000000e+00
6.390000000000000e+01 0.000000000000000e+00
6.400000000000000e+01 0.000000000000000e+00
6.400000000000000e+01 0.000000000000000e+00
6.400000000000000e+01 1.000000000000000e+00
6.409999999999999e+01 1.000000000000000e+00
6.409999999999999e+01 0.000000000000000e+00
6.400000000000000e+01 0.000000000000000e+00
6.409999999999999e+01 0.000000000000000e+00
6.409999999999999e+01 0.000000000000000e+00
6.409999999999999e+01 1.000000000000000e+00
6.420000000000000e+01 1.000000000000000e+00
6.420000000000000e+01 0.000000000000000e+00
6.409999999999999e+01 0.000000000000000e+00
6.420000000000000e+01 0.000000000000000e+00
6.420000000000000e+01 0.000000000000000e+00
6.470000000000000e+01 0.000000000000000e+00
6.470000000000000e+01 0.000000000000000e+00
6.520000000000000e+01 0.000000000000000e+00
6.520000000000000e+01 0.000000000000000e+00
6.570000000000000e+01 0.000000000000000e+00
6.570000000000000e+01 0.000000000000000e+00
6.620000000000000e+01 0.000000000000000e+00
6.620000000000000e+01 0.000000000000000e+00
6.670000000000000e+01 0.000000000000000e+00
6.670000000000000e+01 0.000000000000000e+00
6.720000000000000e+01 0.000000000000000e+00
6.720000000000000e+01 0.000000000000000e+00
6.770000000000000e+01 0.000000000000000e+00
6.770000000000000e+01 0.000000000000000e+00
6.820000000000000e+01 0.000000000000000e+00
6.820000000000000e+01 0.000000000000000e+00
6.870000000000000e+01 0.000000000000000e+00
6.870000000000000e+01 0.000000000000000e+00
6.920000000000000e+01 0.000000000000000e+00
6.920000000000000e+01 0.000000000000000e+00
6.970000000000000e+01 0.000000000000000e+00
6.970000000000000e+01 0.000000000000000e+00
7.020000000000000e+01 0.000000000000000e+00
7.020000000000000e+01 0.000000000000000e+00
7.070000000000000e+01 0.000000000000000e+00
7.070000000000000e+01 0.000000000000000e+00
7.120000000000000e+01 0.000000000000000e+00
7.120000000000000e+01 0.000000000000000e+00
7.170000000000000e+01 0.000000000000000e+00
7.170000000000000e+01 0.000000000000000e+00
7.180000000000000e+01 0.000000000000000e+00
7.180000000000000e+01 0.000000000000000e+00
7.190000000000001e+01 0.000000000000000e+00
7.190000000000001e+01 0.000000000000000e+00
7.200000000000000e+01 0.000000000000000e+00
7.200000000000000e+01 0.000000000000000e+00
7.200000000000000e+01 -1.000000000000000e+00
7.209999999999999e+01 -1.000000000000000e+00
7.209999999999999e+01 0.000000000000000e+00
7.200000000000000e+01 0.000000000000000e+00
7.209999999999999e+01 0.000000000000000e+00
7.209999999999999e+01 0.000000000000000e+00
7.209999999999999e+01 -1.000000000000000e+00
7.220000000000000e+01 -1.000000000000000e+00
7.220000000000000e+01 0.000000000000000e+00
7.209999999999999e+01 0.000000000000000e+00
7.220000000000000e+01 0.000000000000000e+00
7.220000000000000e+01 0.000000000000000e+00
7.270000000000000e+01 0.000000000000000e+00
7.270000000000000e+01 0.000000000000000e+00
7.320000000000000e+01 0.000000000000000e+00
7.320000000000000e+01 0.000000000000000e+00
7.370000000000000e+01 0.000000000000000e+00
7.370000000000000e+01 0.000000000000000e+00
7.420000000000000e+01 0.000000000000000e+00
7.420000000000000e+01 0.000000000000000e+00
7.470000000000000e+01 0.000000000000000e+00
7.470000000000000e+01 0.000000000000000e+00
7.480000000000000e+01 0.000000000000000e+00
7.480000000000000e+01 0.000000000000000e+00
7.490000000000001e+01 0.000000000000000e+00
7.490000000000001e+01 0.000000000000000e+00
7.500000000000000e+01 0.000000000000000e+00
7.500000000000000e+01 0.000000000000000e+00
7.500000000000000e+01 3.333333300000000e-01
7.525000000000000e+01 3.333333300000000e-01
7.525000000000000e+01 0.000000000000000e+00
7.500000000000000e+01 0.000000000000000e+00
7.500000000000000e+01 0.000000000000000e+00
7.525000000000000e+01 0.000000000000000e+00
7.525000000000000e+01 0.000000000000000e+00
7.525000000000000e+01 0.000000000000000e+00
7.525000000000000e+01 3.333333300000000e-01
7.550000000000000e+01 3.333333300000000e-01
7.550000000000000e+01 0.000000000000000e+00
7.525000000000000e+01 0.000000000000000e+00
7.525000000000000e+01 0.000000000000000e+00
7.550000000000000e+01 0.000000000000000e+00
7.550000000000000e+01 0.000000000000000e+00
7.600000000000000e+01 0.000000000000000e+00
7.600000000000000e+01 0.000000000000000e+00
7.650000000000000e+01 0.000000000000000e+00
7.650000000000000e+01 0.000000000000000e+00
7.700000000000000e+01 0.000000000000000e+00
7.700000000000000e+01 0.000000000000000e+00
7.750000000000000e+01 0.000000000000000e+00
7.750000000000000e+01 0.000000000000000e+00
7.800000000000000e+01 0.000000000000000e+00
7.800000000000000e+01 0.000000000000000e+00
7.850000000000000e+01 0.000000000000000e+00
7.850000000000000e+01 0.000000000000000e+00
7.900000000000000e+01 0.000000000000000e+00
7.900000000000000e+01 0.000000000000000e+00
7.950000000000000e+01 0.000000000000000e+00
7.950000000000000e+01 0.000000000000000e+00
8.000000000000000e+01 0.000000000000000e+00
8.000000000000000e+01 0.000000000000000e+00
8.050000000000000e+01 0.000000000000000e+00
8.050000000000000e+01 0.000000000000000e+00
8.100000000000000e+01 0.000000000000000e+00
8.100000000000000e+01 0.000000000000000e+00
8.109999999999999e+01 0.000000000000000e+00
8.109999999999999e+01 0.000000000000000e+00
8.109999999999999e+01 1.000000000000000e+00
8.120000000000000e+01 1.000000000000000e+00
8.120000000000000e+01 0.000000000000000e+00
8.109999999999999e+01 0.000000000000000e+00
8.120000000000000e+01 0.000000000000000e+00
8.120000000000000e+01 0.000000000000000e+00
8.120000000000000e+01 1.000000000000000e+00
8.130000000000000e+01 1.000000000000000e+00
8.130000000000000e+01 0.000000000000000e+00
8.120000000000000e+01 0.000000000000000e+00
8.130000000000000e+01 0.000000000000000e+00
8.130000000000000e+01 0.000000000000000e+00
8.180000000000000e+01 0.000000000000000e+00
8.180000000000000e+01 0.000000000000000e+00
8.230000000000000e+01 0.000000000000000e+00
8.230000000000000e+01 0.000000000000000e+00
8.280000000000000e+01 0.000000000000000e+00
8.280000000000000e+01 0.000000000000000e+00
8.330000000000000e+01 0.000000000000000e+00
8.330000000000000e+01 0.000000000000000e+00
8.380000000000000e+01 0.000000000000000e+00
8.380000000000000e+01 0.000000000000000e+00
8.430000000000000e+01 0.000000000000000e+00
8.430000000000000e+01 0.000000000000000e+00
8.480000000000000e+01 0.000000000000000e+00
8.480000000000000e+01 0.000000000000000e+00
8.490000000000001e+01 0.000000000000000e+00
8.490000000000001e+01 0.000000000000000e+00
8.490000000000001e+01 -1.000000000000000e+00
8.500000000000000e+01 -1.000000000000000e+00
8.500000000000000e+01 0.000000000000000e+00
8.490000000000001e+01 0.000000000000000e+00
8.500000000000000e+01 0.000000000000000e+00
8.500000000000000e+01 0.000000000000000e+00
8.500000000000000e+01 0.000000000000000e+00
8.500000000000000e+01 -1.000000000000000e+00
8.509999999999999e+01 -1.000000000000000e+00
8.509999999999999e+01 0.000000000000000e+00
8.500000000000000e+01 0.000000000000000e+00
8.509999999999999e+01 0.000000000000000e+00
8.509999999999999e+01 0.000000000000000e+00
8.559999999999999e+01 0.000000000000000e+00
8.559999999999999e+01 0.000000000000000e+00
8.609999999999999e+01 0.000000000000000e+00
8.609999999999999e+01 0.000000000000000e+00
8.659999999999999e+01 0.000000000000000e+00
8.659999999999999e+01 0.000000000000000e+00
8.709999999999999e+01 0.000000000000000e+00
8.709999999999999e+01 0.000000000000000e+00
8.759999999999999e+01 0.000000000000000e+00
8.759999999999999e+01 0.000000000000000e+00
8.809999999999999e+01 0.000000000000000e+00
8.809999999999999e+01 0.000000000000000e+00
8.859999999999999e+01 0.000000000000000e+00
8.859999999999999e+01 0.000000000000000e+00
8.870000000000000e+01 0.000000000000000e+00
8.870000000000000e+01 0.000000000000000e+00
8.870000000000000e+01 1.000000000000000e+00
8.880000000000000e+01 1.000000000000000e+00
8.880000000000000e+01 0.000000000000000e+00
8.870000000000000e+01 0.000000000000000e+00
8.880000000000000e+01 0.000000000000000e+00
8.880000000000000e+01 0.000000000000000e+00
8.880000000000000e+01 1.000000000000000e+00
8.890000000000001e+01 1.000000000000000e+00
8.890000000000001e+01 0.000000000000000e+00
8.880000000000000e+01 0.000000000000000e+00
8.890000000000001e+01 0.000000000000000e+00
8.890000000000001e+01 0.000000000000000e+00
8.940000000000001e+01 0.000000000000000e+00
8.940000000000001e+01 0.000000000000000e+00
8.990000000000001e+01 0.000000000000000e+00
8.990000000000001e+01 0.000000000000000e+00
9.040000000000001e+01 0.000000000000000e+00
9.040000000000001e+01 0.000000000000000e+00
9.090000000000001e+01 0.000000000000000e+00
9.090000000000001e+01 0.000000000000000e+00
9.140000000000001e+01 0.000000000000000e+00
9.140000000000001e+01 0.000000000000000e+00
9.190000000000001e+01 0.000000000000000e+00
9.190000000000001e+01 0.000000000000000e+00
9.240000000000001e+01 0.000000000000000e+00
9.240000000000001e+01 0.000000000000000e+00
9.290000000000001e+01 0.000000000000000e+00
9.290000000000001e+01 0.000000000000000e+00
9.340000000000001e+01 0.000000000000000e+00
9.340000000000001e+01 0.000000000000000e+00
9.390000000000001e+01 0.000000000000000e+00
9.390000000000001e+01 0.000000000000000e+00
9.440000000000001e+01 0.000000000000000e+00
9.440000000000001e+01 0.000000000000000e+00
9.450000000000000e+01 0.000000000000000e+00
9.450000000000000e+01 0.000000000000000e+00
9.450000000000000e+01 3.333333300000000e-01
9.475000000000000e+01 3.333333300000000e-01
9.475000000000000e+01 0.000000000000000e+00
9.450000000000000e+01 0.000000000000000e+00
9.450000000000000e+01 0.000000000000000e+00
9.475000000000000e+01 0.000000000000000e+00
9.475000000000000e+01 0.000000000000000e+00
9.475000000000000e+01 0.000000000000000e+00
9.475000000000000e+01 3.333333300000000e-01
9.500000000000000e+01 3.333333300000000e-01
9.500000000000000e+01 0.000000000000000e+00
9.475000000000000e+01 0.000000000000000e+00
9.475000000000000e+01 0.000000000000000e+00
9.500000000000000e+01 0.000000000000000e+00
9.500000000000000e+01 0.000000000000000e+00
9.500000000000000e+01 0.000000000000000e+00
9.550000000000000e+01 0.000000000000000e+00
9.550000000000000e+01 0.000000000000000e+00
9.600000000000000e+01 0.000000000000000e+00
9.600000000000000e+01 0.000000000000000e+00
9.650000000000000e+01 0.000000000000000e+00
9.650000000000000e+01 0.000000000000000e+00
9.700000000000000e+01 0.000000000000000e+00
9.700000000000000e+01 0.000000000000000e+00
9.750000000000000e+01 0.000000000000000e+00
9.750000000000000e+01 0.000000000000000e+00
9.800000000000000e+01 0.000000000000000e+00
9.800000000000000e+01 0.000000000000000e+00
9.850000000000000e+01 0.000000000000000e+00
9.850000000000000e+01 0.000000000000000e+00
9.900000000000000e+01 0.000000000000000e+00
9.900000000000000e+01 0.000000000000000e+00
9.950000000000000e+01 0.000000000000000e+00
9.950000000000000e+01 0.000000000000000e+00
1.000000000000000e+02 0.000000000000000e+00
1.000000000000000e+02 0.000000000000000e+00
1.005000000000000e+02 0.000000000000000e+00
1.005000000000000e+02 0.000000000000000e+00
1.006000000000000e+02 0.000000000000000e+00
1.006000000000000e+02 0.000000000000000e+00
1.007000000000000e+02 0.000000000000000e+00
1.007000000000000e+02 0.000000000000000e+00
1.007657000000000e+02 0.000000000000000e+00
1.007657000000000e+02 0.000000000000000e+00
1.007657000000000e+02 -1.000000000000000e+00
1.009657000000000e+02 -1.000000000000000e+00
1.009657000000000e+02 0.000000000000000e+00
1.007657000000000e+02 0.000000000000000e+00
1.009657000000000e+02 0.000000000000000e+00
1.009657000000000e+02 0.000000000000000e+00
1.014657000000000e+02 0.000000000000000e+00
1.014657000000000e+02 0.000000000000000e+00
1.019657000000000e+02 0.000000000000000e+00
1.019657000000000e+02 0.000000000000000e+00
1.024657000000000e+02 0.000000000000000e+00
1.024657000000000e+02 0.000000000000000e+00
1.029657000000000e+02 0.000000000000000e+00
1.029657000000000e+02 0.000000000000000e+00
1.034657000000000e+02 0.000000000000000e+00
1.034657000000000e+02 0.000000000000000e+00
1.039657000000000e+02 0.000000000000000e+00
1.039657000000000e+02 0.000000000000000e+00
1.044657000000000e+02 0.000000000000000e+00
1.044657000000000e+02 0.000000000000000e+00
1.049657000000000e+02 0.000000000000000e+00
1.049657000000000e+02 0.000000000000000e+00
1.054657000000000e+02 0.000000000000000e+00
1.054657000000000e+02 0.000000000000000e+00
1.055657000000000e+02 0.000000000000000e+00
1.055657000000000e+02 0.000000000000000e+00
1.056657000000000e+02 0.000000000000000e+00
1.056657000000000e+02 0.000000000000000e+00
1.057657000000000e+02 0.000000000000000e+00
1.057657000000000e+02 0.000000000000000e+00
1.057657000000000e+02 -1.000000000000000e+00
1.059657000000000e+02 -1.000000000000000e+00
1.059657000000000e+02 0.000000000000000e+00
1.057657000000000e+02 0.000000000000000e+00
1.059657000000000e+02 0.000000000000000e+00
1.059657000000000e+02 0.000000000000000e+00
1.064657000000000e+02 0.000000000000000e+00
1.064657000000000e+02 0.000000000000000e+00
1.069657000000000e+02 0.000000000000000e+00
1.069657000000000e+02 0.000000000000000e+00
1.074657000000000e+02 0.000000000000000e+00
1.074657000000000e+02 0.000000000000000e+00
1.079657000000000e+02 0.000000000000000e+00
1.079657000000000e+02 0.000000000000000e+00
1.084657000000000e+02 0.000000000000000e+00
1.084657000000000e+02 0.000000000000000e+00
1.089657000000000e+02 0.000000000000000e+00
1.089657000000000e+02 0.000000000000000e+00
1.094657000000000e+02 0.000000000000000e+00
1.094657000000000e+02 0.000000000000000e+00
1.099657000000000e+02 0.000000000000000e+00
1.099657000000000e+02 0.000000000000000e+00
1.104657000000000e+02 0.000000000000000e+00
1.104657000000000e+02 0.000000000000000e+00
1.105657000000000e+02 0.000000000000000e+00
1.105657000000000e+02 0.000000000000000e+00
1.106657000000000e+02 0.000000000000000e+00
1.106657000000000e+02 0.000000000000000e+00
1.107657000000000e+02 0.000000000000000e+00
1.107657000000000e+02 0.000000000000000e+00
1.107657000000000e+02 1.000000000000000e+00
1.109657000000000e+02 1.000000000000000e+00
1.109657000000000e+02 0.000000000000000e+00
1.107657000000000e+02 0.000000000000000e+00
1.109657000000000e+02 0.000000000000000e+00
1.109657000000000e+02 0.000000000000000e+00
1.114657000000000e+02 0.000000000000000e+00
1.114657000000000e+02 0.000000000000000e+00
1.119657000000000e+02 0.000000000000000e+00
1.119657000000000e+02 0.000000000000000e+00
1.124657000000000e+02 0.000000000000000e+00
1.124657000000000e+02 0.000000000000000e+00
1.129657000000000e+02 0.000000000000000e+00
1.129657000000000e+02 0.000000000000000e+00
1.134657000000000e+02 0.000000000000000e+00
1.134657000000000e+02 0.000000000000000e+00
1.139657000000000e+02 0.000000000000000e+00
1.139657000000000e+02 0.000000000000000e+00
1.144657000000000e+02 0.000000000000000e+00
1.144657000000000e+02 0.000000000000000e+00
1.149657000000000e+02 0.000000000000000e+00
1.149657000000000e+02 0.000000000000000e+00
1.154657000000000e+02 0.000000000000000e+00
1.154657000000000e+02 0.000000000000000e+00
1.155657000000000e+02 0.000000000000000e+00
1.155657000000000e+02 0.000000000000000e+00
1.156657000000000e+02 0.000000000000000e+00
1.156657000000000e+02 0.000000000000000e+00
1.157657000000000e+02 0.000000000000000e+00
1.157657000000000e+02 0.000000000000000e+00
1.157657000000000e+02 -1.000000000000000e+00
1.159657000000000e+02 -1.000000000000000e+00
1.159657000000000e+02 0.000000000000000e+00
1.157657000000000e+02 0.000000000000000e+00
1.159657000000000e+02 0.000000000000000e+00
1.159657000000000e+02 0.000000000000000e+00
1.164657000000000e+02 0.000000000000000e+00
1.164657000000000e+02 0.000000000000000e+00
1.169657000000000e+02 0.000000000000000e+00
1.169657000000000e+02 0.000000000000000e+00
1.174657000000000e+02 0.000000000000000e+00
1.174657000000000e+02 0.000000000000000e+00
1.179657000000000e+02 0.000000000000000e+00
1.179657000000000e+02 0.000000000000000e+00
1.184657000000000e+02 0.000000000000000e+00
1.184657000000000e+02 0.000000000000000e+00
1.189657000000000e+02 0.000000000000000e+00
1.189657000000000e+02 0.000000000000000e+00
1.194657000000000e+02 0.000000000000000e+00
1.194657000000000e+02 0.000000000000000e+00
1.199657000000000e+02 0.000000000000000e+00
1.199657000000000e+02 0.000000000000000e+00
1.204657000000000e+02 0.000000000000000e+00
1.204657000000000e+02 0.000000000000000e+00
1.205657000000000e+02 0.000000000000000e+00
1.205657000000000e+02 0.000000000000000e+00
1.206657000000000e+02 0.000000000000000e+00
1.206657000000000e+02 0.000000000000000e+00
1.207657000000000e+02 0.000000000000000e+00
1.207657000000000e+02 0.000000000000000e+00
1.207657000000000e+02 -1.000000000000000e+00
1.209657000000000e+02 -1.000000000000000e+00
1.209657000000000e+02 0.000000000000000e+00
1.207657000000000e+02 0.000000000000000e+00
1.209657000000000e+02 0.000000000000000e+00
1.209657000000000e+02 0.000000000000000e+00
1.214657000000000e+02 0.000000000000000e+00
1.214657000000000e+02 0.000000000000000e+00
1.219657000000000e+02 0.000000000000000e+00
1.219657000000000e+02 0.000000000000000e+00
1.224657000000000e+02 0.000000000000000e+00
1.224657000000000e+02 0.000000000000000e+00
1.229657000000000e+02 0.000000000000000e+00
1.229657000000000e+02 0.000000000000000e+00
1.234657000000000e+02 0.000000000000000e+00
1.234657000000000e+02 0.000000000000000e+00
1.239657000000000e+02 0.000000000000000e+00
1.239657000000000e+02 0.000000000000000e+00
1.244657000000000e+02 0.000000000000000e+00
1.244657000000000e+02 0.000000000000000e+00
1.249657000000000e+02 0.000000000000000e+00
1.249657000000000e+02 0.000000000000000e+00
1.254657000000000e+02 0.000000000000000e+00
1.254657000000000e+02 0.000000000000000e+00
1.255657000000000e+02 0.000000000000000e+00
1.255657000000000e+02 0.000000000000000e+00
1.256657000000000e+02 0.000000000000000e+00
1.256657000000000e+02 0.000000000000000e+00
1.257657000000000e+02 0.000000000000000e+00
1.257657000000000e+02 0.000000000000000e+00
1.257657000000000e+02 0.000000000000000e+00
1.257657000000000e+02 1.000000000000000e+00
1.258657000000000e+02 1.000000000000000e+00
1.258657000000000e+02 0.000000000000000e+00
1.257657000000000e+02 0.000000000000000e+00
1.258657000000000e+02 0.000000000000000e+00
1.258657000000000e+02 0.000000000000000e+00
1.258657000000000e+02 1.000000000000000e+00
1.259657000000000e+02 1.000000000000000e+00
1.259657000000000e+02 0.000000000000000e+00
1.258657000000000e+02 0.000000000000000e+00
1.259657000000000e+02 0.000000000000000e+00
1.259657000000000e+02 0.000000000000000e+00
1.264657000000000e+02 0.000000000000000e+00
1.264657000000000e+02 0.000000000000000e+00
1.269657000000000e+02 0.000000000000000e+00
1.269657000000000e+02 0.000000000000000e+00
1.274657000000000e+02 0.000000000000000e+00
1.274657000000000e+02 0.000000000000000e+00
1.279657000000000e+02 0.000000000000000e+00
1.279657000000000e+02 0.000000000000000e+00
1.284657000000000e+02 0.000000000000000e+00
1.284657000000000e+02 0.000000000000000e+00
1.289657000000000e+02 0.000000000000000e+00
1.289657000000000e+02 0.000000000000000e+00
1.294657000000000e+02 0.000000000000000e+00
1.294657000000000e+02 0.000000000000000e+00
1.299657000000000e+02 0.000000000000000e+00
1.299657000000000e+02 0.000000000000000e+00
1.304657000000000e+02 0.000000000000000e+00
1.304657000000000e+02 0.000000000000000e+00
1.305657000000000e+02 0.000000000000000e+00
1.305657000000000e+02 0.000000000000000e+00
1.306657000000000e+02 0.000000000000000e+00
1.306657000000000e+02 0.000000000000000e+00
1.307657000000000e+02 0.000000000000000e+00
1.307657000000000e+02 0.000000000000000e+00
1.307657000000000e+02 -1.000000000000000e+00
1.308657000000000e+02 -1.000000000000000e+00
1.308657000000000e+02 0.000000000000000e+00
1.307657000000000e+02 0.000000000000000e+00
1.308657000000000e+02 0.000000000000000e+00
1.308657000000000e+02 0.000000000000000e+00
1.308657000000000e+02 -1.000000000000000e+00
1.309657000000000e+02 -1.000000000000000e+00
1.309657000000000e+02 0.000000000000000e+00
1.308657000000000e+02 0.000000000000000e+00
1.309657000000000e+02 0.000000000000000e+00
1.309657000000000e+02 0.000000000000000e+00
1.314657000000000e+02 0.000000000000000e+00
1.314657000000000e+02 0.000000000000000e+00
1.319657000000000e+02 0.000000000000000e+00
1.319657000000000e+02 0.000000000000000e+00
1.324657000000000e+02 0.000000000000000e+00
1.324657000000000e+02 0.000000000000000e+00
1.329657000000000e+02 0.000000000000000e+00
1.329657000000000e+02 0.000000000000000e+00
1.334657000000000e+02 0.000000000000000e+00
1.334657000000000e+02 0.000000000000000e+00
1.339657000000000e+02 0.000000000000000e+00
1.339657000000000e+02 0.000000000000000e+00
1.344657000000000e+02 0.000000000000000e+00
1.344657000000000e+02 0.000000000000000e+00
1.349657000000000e+02 0.000000000000000e+00
1.349657000000000e+02 0.000000000000000e+00
1.354657000000000e+02 0.000000000000000e+00
1.354657000000000e+02 0.000000000000000e+00
1.355657000000000e+02 0.000000000000000e+00
1.355657000000000e+02 0.000000000000000e+00
1.356657000000000e+02 0.000000000000000e+00
1.356657000000000e+02 0.000000000000000e+00
1.357657000000000e+02 0.000000000000000e+00
1.357657000000000e+02 0.000000000000000e+00
1.357657000000000e+02 1.000000000000000e+00
1.358657000000000e+02 1.000000000000000e+00
1.358657000000000e+02 0.000000000000000e+00
1.357657000000000e+02 0.000000000000000e+00
1.358657000000000e+02 0.000000000000000e+00
1.358657000000000e+02 0.000000000000000e+00
1.358657000000000e+02 1.000000000000000e+00
1.359657000000000e+02 1.000000000000000e+00
1.359657000000000e+02 0.000000000000000e+00
1.358657000000000e+02 0.000000000000000e+00
1.359657000000000e+02 0.000000000000000e+00
1.359657000000000e+02 0.000000000000000e+00
1.364657000000000e+02 0.000000000000000e+00
1.364657000000000e+02 0.000000000000000e+00
1.369657000000000e+02 0.000000000000000e+00
1.369657000000000e+02 0.000000000000000e+00
1.374657000000000e+02 0.000000000000000e+00
1.374657000000000e+02 0.000000000000000e+00
1.379657000000000e+02 0.000000000000000e+00
1.379657000000000e+02 0.000000000000000e+00
1.384657000000000e+02 0.000000000000000e+00
1.384657000000000e+02 0.000000000000000e+00
1.389657000000000e+02 0.000000000000000e+00
1.389657000000000e+02 0.000000000000000e+00
1.394657000000000e+02 0.000000000000000e+00
1.394657000000000e+02 0.000000000000000e+00
1.399657000000000e+02 0.000000000000000e+00
1.399657000000000e+02 0.000000000000000e+00
1.404657000000000e+02 0.000000000000000e+00
1.404657000000000e+02 0.000000000000000e+00
1.405657000000000e+02 0.000000000000000e+00
1.405657000000000e+02 0.000000000000000e+00
1.406657000000000e+02 0.000000000000000e+00
1.406657000000000e+02 0.000000000000000e+00
1.407657000000000e+02 0.000000000000000e+00
1.407657000000000e+02 0.000000000000000e+00
1.407657000000000e+02 -1.000000000000000e+00
1.408657000000000e+02 -1.000000000000000e+00
1.408657000000000e+02 0.000000000000000e+00
1.407657000000000e+02 0.000000000000000e+00
1.408657000000000e+02 0.000000000000000e+00
1.408657000000000e+02 0.000000000000000e+00
1.408657000000000e+02 -1.000000000000000e+00
1.409657000000000e+02 -1.000000000000000e+00
1.409657000000000e+02 0.000000000000000e+00
1.408657000000000e+02 0.000000000000000e+00
1.409657000000000e+02 0.000000000000000e+00
1.409657000000000e+02 0.000000000000000e+00
1.414657000000000e+02 0.000000000000000e+00
1.414657000000000e+02 0.000000000000000e+00
1.419657000000000e+02 0.000000000000000e+00
1.419657000000000e+02 0.000000000000000e+00
1.424657000000000e+02 0.000000000000000e+00
1.424657000000000e+02 0.000000000000000e+00
1.429657000000000e+02 0.000000000000000e+00
1.429657000000000e+02 0.000000000000000e+00
1.434657000000000e+02 0.000000000000000e+00
1.434657000000000e+02 0.000000000000000e+00
1.439657000000000e+02 0.000000000000000e+00
1.439657000000000e+02 0.000000000000000e+00
1.444657000000000e+02 0.000000000000000e+00
1.444657000000000e+02 0.000000000000000e+00
1.449657000000000e+02 0.000000000000000e+00
1.449657000000000e+02 0.000000000000000e+00
1.454657000000000e+02 0.000000000000000e+00
1.454657000000000e+02 0.000000000000000e+00
1.455657000000000e+02 0.000000000000000e+00
1.455657000000000e+02 0.000000000000000e+00
1.456657000000000e+02 0.000000000000000e+00
1.456657000000000e+02 0.000000000000000e+00
1.457657000000000e+02 0.000000000000000e+00
1.457657000000000e+02 0.000000000000000e+00
1.457657000000000e+02 1.000000000000000e+00
1.458657000000000e+02 1.000000000000000e+00
1.458657000000000e+02 0.000000000000000e+00
1.457657000000000e+02 0.000000000000000e+00
1.458657000000000e+02 0.000000000000000e+00
1.458657000000000e+02 0.000000000000000e+00
1.458657000000000e+02 1.000000000000000e+00
1.459657000000000e+02 1.000000000000000e+00
1.459657000000000e+02 0.000000000000000e+00
1.458657000000000e+02 0.000000000000000e+00
1.459657000000000e+02 0.000000000000000e+00
1.459657000000000e+02 0.000000000000000e+00
1.464657000000000e+02 0.000000000000000e+00
1.464657000000000e+02 0.000000000000000e+00
1.469657000000000e+02 0.000000000000000e+00
1.469657000000000e+02 0.000000000000000e+00
1.474657000000000e+02 0.000000000000000e+00
1.474657000000000e+02 0.000000000000000e+00
1.479657000000000e+02 0.000000000000000e+00
1.479657000000000e+02 0.000000000000000e+00
1.484657000000000e+02 0.000000000000000e+00
1.484657000000000e+02 0.000000000000000e+00
1.489657000000000e+02 0.000000000000000e+00
1.489657000000000e+02 0.000000000000000e+00
1.494657000000000e+02 0.000000000000000e+00
1.494657000000000e+02 0.000000000000000e+00
1.499657000000000e+02 0.000000000000000e+00
1.499657000000000e+02 0.000000000000000e+00
1.504657000000000e+02 0.000000000000000e+00
1.504657000000000e+02 0.000000000000000e+00
1.505657000000000e+02 0.000000000000000e+00
1.505657000000000e+02 0.000000000000000e+00
1.506657000000000e+02 0.000000000000000e+00
1.506657000000000e+02 0.000000000000000e+00
1.507657000000000e+02 0.000000000000000e+00
1.507657000000000e+02 0.000000000000000e+00
1.507657000000000e+02 -1.000000000000000e+00
1.508657000000000e+02 -1.000000000000000e+00
1.508657000000000e+02 0.000000000000000e+00
1.507657000000000e+02 0.000000000000000e+00
1.508657000000000e+02 0.000000000000000e+00
1.508657000000000e+02 0.000000000000000e+00
1.508657000000000e+02 -1.000000000000000e+00
1.509657000000000e+02 -1.000000000000000e+00
1.509657000000000e+02 0.000000000000000e+00
1.508657000000000e+02 0.000000000000000e+00
1.509657000000000e+02 0.000000000000000e+00
1.509657000000000e+02 0.000000000000000e+00
1.514657000000000e+02 0.000000000000000e+00
1.514657000000000e+02 0.000000000000000e+00
1.519657000000000e+02 0.000000000000000e+00
1.519657000000000e+02 0.000000000000000e+00
1.524657000000000e+02 0.000000000000000e+00
1.524657000000000e+02 0.000000000000000e+00
1.529657000000000e+02 0.000000000000000e+00
1.529657000000000e+02 0.000000000000000e+00
1.534657000000000e+02 0.000000000000000e+00
1.534657000000000e+02 0.000000000000000e+00
1.539657000000000e+02 0.000000000000000e+00
1.539657000000000e+02 0.000000000000000e+00
1.544657000000000e+02 0.000000000000000e+00
1.544657000000000e+02 0.000000000000000e+00
1.549657000000000e+02 0.000000000000000e+00
1.549657000000000e+02 0.000000000000000e+00
1.554657000000000e+02 0.000000000000000e+00
1.554657000000000e+02 0.000000000000000e+00
1.555657000000000e+02 0.000000000000000e+00
1.555657000000000e+02 0.000000000000000e+00
1.556657000000000e+02 0.000000000000000e+00
1.556657000000000e+02 0.000000000000000e+00
1.557657000000000e+02 0.000000000000000e+00
1.557657000000000e+02 0.000000000000000e+00
1.557657000000000e+02 1.000000000000000e+00
1.558657000000000e+02 1.000000000000000e+00
1.558657000000000e+02 0.000000000000000e+00
1.557657000000000e+02 0.000000000000000e+00
1.558657000000000e+02 0.000000000000000e+00
1.558657000000000e+02 0.000000000000000e+00
1.558657000000000e+02 1.000000000000000e+00
1.559657000000000e+02 1.000000000000000e+00
1.559657000000000e+02 0.000000000000000e+00
1.558657000000000e+02 0.000000000000000e+00
1.559657000000000e+02 0.000000000000000e+00
1.559657000000000e+02 0.000000000000000e+00
1.564657000000000e+02 0.000000000000000e+00
1.564657000000000e+02 0.000000000000000e+00
1.569657000000000e+02 0.000000000000000e+00
1.569657000000000e+02 0.000000000000000e+00
1.574657000000000e+02 0.000000000000000e+00
1.574657000000000e+02 0.000000000000000e+00
1.579657000000000e+02 0.000000000000000e+00
1.579657000000000e+02 0.000000000000000e+00
1.584657000000000e+02 0.000000000000000e+00
1.584657000000000e+02 0.000000000000000e+00
1.589657000000000e+02 0.000000000000000e+00
1.589657000000000e+02 0.000000000000000e+00
1.594657000000000e+02 0.000000000000000e+00
1.594657000000000e+02 0.000000000000000e+00
1.599657000000000e+02 0.000000000000000e+00
1.599657000000000e+02 0.000000000000000e+00
1.604657000000000e+02 0.000000000000000e+00
1.604657000000000e+02 0.000000000000000e+00
1.605657000000000e+02 0.000000000000000e+00
1.605657000000000e+02 0.000000000000000e+00
1.606657000000000e+02 0.000000000000000e+00
1.606657000000000e+02 0.000000000000000e+00
1.607657000000000e+02 0.000000000000000e+00
1.607657000000000e+02 0.000000000000000e+00
1.607657000000000e+02 -1.000000000000000e+00
1.608657000000000e+02 -1.000000000000000e+00
1.608657000000000e+02 0.000000000000000e+00
1.607657000000000e+02 0.000000000000000e+00
1.608657000000000e+02 0.000000000000000e+00
1.608657000000000e+02 0.000000000000000e+00
1.608657000000000e+02 -1.000000000000000e+00
1.609657000000000e+02 -1.000000000000000e+00
1.609657000000000e+02 0.000000000000000e+00
1.608657000000000e+02 0.000000000000000e+00
1.609657000000000e+02 0.000000000000000e+00
1.609657000000000e+02 0.000000000000000e+00
1.614657000000000e+02 0.000000000000000e+00
1.614657000000000e+02 0.000000000000000e+00
1.619657000000000e+02 0.000000000000000e+00
1.619657000000000e+02 0.000000000000000e+00
1.624657000000000e+02 0.000000000000000e+00
1.624657000000000e+02 0.000000000000000e+00
1.629657000000000e+02 0.000000000000000e+00
1.629657000000000e+02 0.000000000000000e+00
1.634657000000000e+02 0.000000000000000e+00
1.634657000000000e+02 0.000000000000000e+00
1.639657000000000e+02 0.000000000000000e+00
1.639657000000000e+02 0.000000000000000e+00
1.644657000000000e+02 0.000000000000000e+00
1.644657000000000e+02 0.000000000000000e+00
1.649657000000000e+02 0.000000000000000e+00
1.649657000000000e+02 0.000000000000000e+00
1.654657000000000e+02 0.000000000000000e+00
1.654657000000000e+02 0.000000000000000e+00
1.655657000000000e+02 0.000000000000000e+00
1.655657000000000e+02 0.000000000000000e+00
1.656657000000000e+02 0.000000000000000e+00
1.656657000000000e+02 0.000000000000000e+00
1.657657000000000e+02 0.000000000000000e+00
1.657657000000000e+02 0.000000000000000e+00
1.657657000000000e+02 1.000000000000000e+00
1.658657000000000e+02 1.000000000000000e+00
1.658657000000000e+02 0.000000000000000e+00
1.657657000000000e+02 0.000000000000000e+00
1.658657000000000e+02 0.000000000000000e+00
1.658657000000000e+02 0.000000000000000e+00
1.658657000000000e+02 1.000000000000000e+00
1.659657000000000e+02 1.000000000000000e+00
1.659657000000000e+02 0.000000000000000e+00
1.658657000000000e+02 0.000000000000000e+00
1.659657000000000e+02 0.000000000000000e+00
1.659657000000000e+02 0.000000000000000e+00
1.664657000000000e+02 0.000000000000000e+00
1.664657000000000e+02 0.000000000000000e+00
1.669657000000000e+02 0.000000000000000e+00
1.669657000000000e+02 0.000000000000000e+00
1.674657000000000e+02 0.000000000000000e+00
1.674657000000000e+02 0.000000000000000e+00
1.679657000000000e+02 0.000000000000000e+00
1.679657000000000e+02 0.000000000000000e+00
1.684657000000000e+02 0.000000000000000e+00
1.684657000000000e+02 0.000000000000000e+00
1.689657000000000e+02 0.000000000000000e+00
1.689657000000000e+02 0.000000000000000e+00
1.694657000000000e+02 0.000000000000000e+00
1.694657000000000e+02 0.000000000000000e+00
1.699657000000000e+02 0.000000000000000e+00
1.699657000000000e+02 0.000000000000000e+00
1.704657000000000e+02 0.000000000000000e+00
1.704657000000000e+02 0.000000000000000e+00
1.705657000000000e+02 0.000000000000000e+00
1.705657000000000e+02 0.000000000000000e+00
1.706657000000000e+02 0.000000000000000e+00
1.706657000000000e+02 0.000000000000000e+00
1.707657000000000e+02 0.000000000000000e+00
1.707657000000000e+02 0.000000000000000e+00
1.707657000000000e+02 -1.000000000000000e+00
1.708657000000000e+02 -1.000000000000000e+00
1.708657000000000e+02 0.000000000000000e+00
1.707657000000000e+02 0.000000000000000e+00
1.708657000000000e+02 0.000000000000000e+00
1.708657000000000e+02 0.000000000000000e+00
1.708657000000000e+02 -1.000000000000000e+00
1.709657000000000e+02 -1.000000000000000e+00
1.709657000000000e+02 0.000000000000000e+00
1.708657000000000e+02 0.000000000000000e+00
1.709657000000000e+02 0.000000000000000e+00
1.709657000000000e+02 0.000000000000000e+00
1.714657000000000e+02 0.000000000000000e+00
1.714657000000000e+02 0.000000000000000e+00
1.719657000000000e+02 0.000000000000000e+00
1.719657000000000e+02 0.000000000000000e+00
1.724657000000000e+02 0.000000000000000e+00
1.724657000000000e+02 0.000000000000000e+00
1.729657000000000e+02 0.000000000000000e+00
1.729657000000000e+02 0.000000000000000e+00
1.734657000000000e+02 0.000000000000000e+00
1.734657000000000e+02 0.000000000000000e+00
1.739657000000000e+02 0.000000000000000e+00
1.739657000000000e+02 0.000000000000000e+00
1.744657000000000e+02 0.000000000000000e+00
1.744657000000000e+02 0.000000000000000e+00
1.749657000000000e+02 0.000000000000000e+00
1.749657000000000e+02 0.000000000000000e+00
1.754657000000000e+02 0.000000000000000e+00
1.754657000000000e+02 0.000000000000000e+00
1.755657000000000e+02 0.000000000000000e+00
1.755657000000000e+02 0.000000000000000e+00
1.756657000000000e+02 0.000000000000000e+00
1.756657000000000e+02 0.000000000000000e+00
1.757657000000000e+02 0.000000000000000e+00
1.757657000000000e+02 0.000000000000000e+00
1.757657000000000e+02 1.000000000000000e+00
1.758657000000000e+02 1.000000000000000e+00
1.758657000000000e+02 0.000000000000000e+00
1.757657000000000e+02 0.000000000000000e+00
1.758657000000000e+02 0.000000000000000e+00
1.758657000000000e+02 0.000000000000000e+00
1.758657000000000e+02 1.000000000000000e+00
1.759657000000000e+02 1.000000000000000e+00
1.759657000000000e+02 0.000000000000000e+00
1.758657000000000e+02 0.000000000000000e+00
1.759657000000000e+02 0.000000000000000e+00
1.759657000000000e+02 0.000000000000000e+00
1.764657000000000e+02 0.000000000000000e+00
1.764657000000000e+02 0.000000000000000e+00
1.769657000000000e+02 0.000000000000000e+00
1.769657000000000e+02 0.000000000000000e+00
1.774657000000000e+02 0.000000000000000e+00
1.774657000000000e+02 0.000000000000000e+00
1.779657000000000e+02 0.000000000000000e+00
1.779657000000000e+02 0.000000000000000e+00
1.784657000000000e+02 0.000000000000000e+00
1.784657000000000e+02 0.000000000000000e+00
1.789657000000000e+02 0.000000000000000e+00
1.789657000000000e+02 0.000000000000000e+00
1.794657000000000e+02 0.000000000000000e+00
1.794657000000000e+02 0.000000000000000e+00
1.799657000000000e+02 0.000000000000000e+00
1.799657000000000e+02 0.000000000000000e+00
1.804657000000000e+02 0.000000000000000e+00
1.804657000000000e+02 0.000000000000000e+00
1.805657000000000e+02 0.000000000000000e+00
1.805657000000000e+02 0.000000000000000e+00
1.806657000000000e+02 0.000000000000000e+00
1.806657000000000e+02 0.000000000000000e+00
1.807657000000000e+02 0.000000000000000e+00
1.807657000000000e+02 0.000000000000000e+00
1.807657000000000e+02 -1.000000000000000e+00
1.808657000000000e+02 -1.000000000000000e+00
1.808657000000000e+02 0.000000000000000e+00
1.807657000000000e+02 0.000000000000000e+00
1.808657000000000e+02 0.000000000000000e+00
1.808657000000000e+02 0.000000000000000e+00
1.808657000000000e+02 -1.000000000000000e+00
1.809657000000000e+02 -1.000000000000000e+00
1.809657000000000e+02 0.000000000000000e+00
1.808657000000000e+02 0.000000000000000e+00
1.809657000000000e+02 0.000000000000000e+00
1.809657000000000e+02 0.000000000000000e+00
1.814657000000000e+02 0.000000000000000e+00
1.814657000000000e+02 0.000000000000000e+00
1.819657000000000e+02 0.000000000000000e+00
1.819657000000000e+02 0.000000000000000e+00
1.824657000000000e+02 0.000000000000000e+00
1.824657000000000e+02 0.000000000000000e+00
1.829657000000000e+02 0.000000000000000e+00
1.829657000000000e+02 0.000000000000000e+00
1.834657000000000e+02 0.000000000000000e+00
1.834657000000000e+02 0.000000000000000e+00
1.839657000000000e+02 0.000000000000000e+00
1.839657000000000e+02 0.000000000000000e+00
1.844657000000000e+02 0.000000000000000e+00
1.844657000000000e+02 0.000000000000000e+00
1.849657000000000e+02 0.000000000000000e+00
1.849657000000000e+02 0.000000000000000e+00
1.854657000000000e+02 0.000000000000000e+00
1.854657000000000e+02 0.000000000000000e+00
1.855657000000000e+02 0.000000000000000e+00
1.855657000000000e+02 0.000000000000000e+00
1.856657000000000e+02 0.000000000000000e+00
1.856657000000000e+02 0.000000000000000e+00
1.857657000000000e+02 0.000000000000000e+00
1.857657000000000e+02 0.000000000000000e+00
1.857657000000000e+02 1.000000000000000e+00
1.858657000000000e+02 1.000000000000000e+00
1.858657000000000e+02 0.000000000000000e+00
1.857657000000000e+02 0.000000000000000e+00
1.858657000000000e+02 0.000000000000000e+00
1.858657000000000e+02 0.000000000000000e+00
1.858657000000000e+02 1.000000000000000e+00
1.859657000000000e+02 1.000000000000000e+00
1.859657000000000e+02 0.000000000000000e+00
1.858657000000000e+02 0.000000000000000e+00
1.859657000000000e+02 0.000000000000000e+00
1.859657000000000e+02 0.000000000000000e+00
1.859657000000000e+02 0.000000000000000e+00
1.860657000000000e+02 0.000000000000000e+00
1.860657000000000e+02 0.000000000000000e+00
1.861657000000000e+02 0.000000000000000e+00
1.861657000000000e+02 0.000000000000000e+00
1.862657000000000e+02 0.000000000000000e+00
1.862657000000000e+02 0.000000000000000e+00
1.867657000000000e+02 0.000000000000000e+00
1.867657000000000e+02 0.000000000000000e+00
1.872657000000000e+02 0.000000000000000e+00
1.872657000000000e+02 0.000000000000000e+00
1.877657000000000e+02 0.000000000000000e+00
1.877657000000000e+02 0.000000000000000e+00
1.882657000000000e+02 0.000000000000000e+00
1.882657000000000e+02 0.000000000000000e+00
1.887657000000000e+02 0.000000000000000e+00
1.887657000000000e+02 0.000000000000000e+00
1.892657000000000e+02 0.000000000000000e+00
1.892657000000000e+02 0.000000000000000e+00
1.897657000000000e+02 0.000000000000000e+00
1.897657000000000e+02 0.000000000000000e+00
1.902657000000000e+02 0.000000000000000e+00
1.902657000000000e+02 0.000000000000000e+00
1.907657000000000e+02 0.000000000000000e+00
1.907657000000000e+02 0.000000000000000e+00
1.907657000000000e+02 -1.000000000000000e+00
1.909657000000000e+02 -1.000000000000000e+00
1.909657000000000e+02 0.000000000000000e+00
1.907657000000000e+02 0.000000000000000e+00
1.909657000000000e+02 0.000000000000000e+00
1.909657000000000e+02 0.000000000000000e+00
1.910657000000000e+02 0.000000000000000e+00
1.910657000000000e+02 0.000000000000000e+00
1.911657000000000e+02 0.000000000000000e+00
1.911657000000000e+02 0.000000000000000e+00
1.912657000000000e+02 0.000000000000000e+00
1.912657000000000e+02 0.000000000000000e+00
1.917657000000000e+02 0.000000000000000e+00
1.917657000000000e+02 0.000000000000000e+00
1.922657000000000e+02 0.000000000000000e+00
1.922657000000000e+02 0.000000000000000e+00
1.927657000000000e+02 0.000000000000000e+00
1.927657000000000e+02 0.000000000000000e+00
1.932657000000000e+02 0.000000000000000e+00
1.932657000000000e+02 0.000000000000000e+00
1.937657000000000e+02 0.000000000000000e+00
1.937657000000000e+02 0.000000000000000e+00
1.942657000000000e+02 0.000000000000000e+00
1.942657000000000e+02 0.000000000000000e+00
1.947657000000000e+02 0.000000000000000e+00
1.947657000000000e+02 0.000000000000000e+00
1.952657000000000e+02 0.000000000000000e+00
1.952657000000000e+02 0.000000000000000e+00
1.957657000000000e+02 0.000000000000000e+00
1.957657000000000e+02 0.000000000000000e+00
1.957657000000000e+02 -1.000000000000000e+00
1.959657000000000e+02 -1.000000000000000e+00
1.959657000000000e+02 0.000000000000000e+00
1.957657000000000e+02 0.000000000000000e+00
1.959657000000000e+02 0.000000000000000e+00
1.959657000000000e+02 0.000000000000000e+00
1.960657000000000e+02 0.000000000000000e+00
1.960657000000000e+02 0.000000000000000e+00
1.961657000000000e+02 0.000000000000000e+00
1.961657000000000e+02 0.000000000000000e+00
1.962657000000000e+02 0.000000000000000e+00
1.962657000000000e+02 0.000000000000000e+00
1.967657000000000e+02 0.000000000000000e+00
1.967657000000000e+02 0.000000000000000e+00
1.972657000000000e+02 0.000000000000000e+00
1.972657000000000e+02 0.000000000000000e+00
1.977657000000000e+02 0.000000000000000e+00
1.977657000000000e+02 0.000000000000000e+00
1.982657000000000e+02 0.000000000000000e+00
1.982657000000000e+02 0.000000000000000e+00
1.987657000000000e+02 0.000000000000000e+00
1.987657000000000e+02 0.000000000000000e+00
1.992657000000000e+02 0.000000000000000e+00
1.992657000000000e+02 0.000000000000000e+00
1.997657000000000e+02 0.000000000000000e+00
1.997657000000000e+02 0.000000000000000e+00
2.002657000000000e+02 0.000000000000000e+00
2.002657000000000e+02 0.000000000000000e+00
2.007657000000000e+02 0.000000000000000e+00
2.007657000000000e+02 0.000000000000000e+00
2.007657000000000e+02 1.000000000000000e+00
2.009657000000000e+02 1.000000000000000e+00
2.009657000000000e+02 0.000000000000000e+00
2.007657000000000e+02 0.000000000000000e+00
2.009657000000000e+02 0.000000000000000e+00
2.009657000000000e+02 0.000000000000000e+00
2.010657000000000e+02 0.000000000000000e+00
2.010657000000000e+02 0.000000000000000e+00
2.011657000000000e+02 0.000000000000000e+00
2.011657000000000e+02 0.000000000000000e+00
2.012657000000000e+02 0.000000000000000e+00
2.012657000000000e+02 0.000000000000000e+00
2.017657000000000e+02 0.000000000000000e+00
2.017657000000000e+02 0.000000000000000e+00
2.022657000000000e+02 0.000000000000000e+00
2.022657000000000e+02 0.000000000000000e+00
2.027657000000000e+02 0.000000000000000e+00
2.027657000000000e+02 0.000000000000000e+00
2.032657000000000e+02 0.000000000000000e+00
2.032657000000000e+02 0.000000000000000e+00
2.037657000000000e+02 0.000000000000000e+00
2.037657000000000e+02 0.000000000000000e+00
2.042657000000000e+02 0.000000000000000e+00
2.042657000000000e+02 0.000000000000000e+00
2.047657000000000e+02 0.000000000000000e+00
2.047657000000000e+02 0.000000000000000e+00
2.052657000000000e+02 0.000000000000000e+00
2.052657000000000e+02 0.000000000000000e+00
2.057657000000000e+02 0.000000000000000e+00
2.057657000000000e+02 0.000000000000000e+00
2.057657000000000e+02 -1.000000000000000e+00
2.059657000000000e+02 -1.000000000000000e+00
2.059657000000000e+02 0.000000000000000e+00
2.057657000000000e+02 0.000000000000000e+00
2.059657000000000e+02 0.000000000000000e+00
2.059657000000000e+02 0.000000000000000e+00
2.060657000000000e+02 0.000000000000000e+00
2.060657000000000e+02 0.000000000000000e+00
2.061657000000000e+02 0.000000000000000e+00
2.061657000000000e+02 0.000000000000000e+00
2.062657000000000e+02 0.000000000000000e+00
2.062657000000000e+02 0.000000000000000e+00
2.067657000000000e+02 0.000000000000000e+00
2.067657000000000e+02 0.000000000000000e+00
2.072657000000000e+02 0.000000000000000e+00
2.072657000000000e+02 0.000000000000000e+00
2.077657000000000e+02 0.000000000000000e+00
2.077657000000000e+02 0.000000000000000e+00
2.082657000000000e+02 0.000000000000000e+00
2.082657000000000e+02 0.000000000000000e+00
2.087657000000000e+02 0.000000000000000e+00
2.087657000000000e+02 0.000000000000000e+00
2.092657000000000e+02 0.000000000000000e+00
2.092657000000000e+02 0.000000000000000e+00
2.097657000000000e+02 0.000000000000000e+00
2.097657000000000e+02 0.000000000000000e+00
2.102657000000000e+02 0.000000000000000e+00
2.102657000000000e+02 0.000000000000000e+00
2.107657000000000e+02 0.000000000000000e+00
2.107657000000000e+02 0.000000000000000e+00
2.107657000000000e+02 -1.000000000000000e+00
2.109657000000000e+02 -1.000000000000000e+00
2.109657000000000e+02 0.000000000000000e+00
2.107657000000000e+02 0.000000000000000e+00
2.109657000000000e+02 0.000000000000000e+00
2.109657000000000e+02 0.000000000000000e+00
2.110314000000000e+02 0.000000000000000e+00
2.110314000000000e+02 0.000000000000000e+00
2.111314000000000e+02 0.000000000000000e+00
2.111314000000000e+02 0.000000000000000e+00
2.112314000000000e+02 0.000000000000000e+00
2.112314000000000e+02 0.000000000000000e+00
2.117314000000000e+02 0.000000000000000e+00
2.117314000000000e+02 0.000000000000000e+00
2.122314000000000e+02 0.000000000000000e+00
2.122314000000000e+02 0.000000000000000e+00
2.127314000000000e+02 0.000000000000000e+00
2.127314000000000e+02 0.000000000000000e+00
2.132314000000000e+02 0.000000000000000e+00
2.132314000000000e+02 0.000000000000000e+00
2.137314000000000e+02 0.000000000000000e+00
2.137314000000000e+02 0.000000000000000e+00
2.142314000000000e+02 0.000000000000000e+00
2.142314000000000e+02 0.000000000000000e+00
2.147314000000000e+02 0.000000000000000e+00
2.147314000000000e+02 0.000000000000000e+00
2.152314000000000e+02 0.000000000000000e+00
2.152314000000000e+02 0.000000000000000e+00
2.157314000000000e+02 0.000000000000000e+00
2.157314000000000e+02 0.000000000000000e+00
2.162314000000000e+02 0.000000000000000e+00
2.162314000000000e+02 0.000000000000000e+00
2.167314000000000e+02 0.000000000000000e+00
2.167314000000000e+02 0.000000000000000e+00
2.167314000000000e+02 0.000000000000000e+00
2.167314000000000e+02 -3.333333300000000e-01
2.169814000000000e+02 -3.333333300000000e-01
2.169814000000000e+02 0.000000000000000e+00
2.167314000000000e+02 0.000000000000000e+00
2.167314000000000e+02 0.000000000000000e+00
2.169814000000000e+02 0.000000000000000e+00
2.169814000000000e+02 0.000000000000000e+00
2.169814000000000e+02 0.000000000000000e+00
2.169814000000000e+02 -3.333333300000000e-01
2.172314000000000e+02 -3.333333300000000e-01
2.172314000000000e+02 0.000000000000000e+00
2.169814000000000e+02 0.000000000000000e+00
2.169814000000000e+02 0.000000000000000e+00
2.172314000000000e+02 0.000000000000000e+00
2.172314000000000e+02 0.000000000000000e+00
2.177314000000000e+02 0.000000000000000e+00
2.177314000000000e+02 0.000000000000000e+00
2.182314000000000e+02 0.000000000000000e+00
2.182314000000000e+02 0.000000000000000e+00
2.187314000000000e+02 0.000000000000000e+00
2.187314000000000e+02 0.000000000000000e+00
2.192314000000000e+02 0.000000000000000e+00
2.192314000000000e+02 0.000000000000000e+00
2.197314000000000e+02 0.000000000000000e+00
2.197314000000000e+02 0.000000000000000e+00
2.202314000000000e+02 0.000000000000000e+00
2.202314000000000e+02 0.000000000000000e+00
2.207314000000000e+02 0.000000000000000e+00
2.207314000000000e+02 0.000000000000000e+00
2.212314000000000e+02 0.000000000000000e+00
2.212314000000000e+02 0.000000000000000e+00
2.217314000000000e+02 0.000000000000000e+00
2.217314000000000e+02 0.000000000000000e+00
2.222314000000000e+02 0.000000000000000e+00
2.222314000000000e+02 0.000000000000000e+00
2.227314000000000e+02 0.000000000000000e+00
2.227314000000000e+02 0.000000000000000e+00
2.228314000000000e+02 0.000000000000000e+00
2.228314000000000e+02 0.000000000000000e+00
2.228314000000000e+02 1.000000000000000e+00
2.229314000000000e+02 1.000000000000000e+00
2.229314000000000e+02 0.000000000000000e+00
2.228314000000000e+02 0.000000000000000e+00
2.229314000000000e+02 0.000000000000000e+00
2.229314000000000e+02 0.000000000000000e+00
2.229314000000000e+02 1.000000000000000e+00
2.230314000000000e+02 1.000000000000000e+00
2.230314000000000e+02 0.000000000000000e+00
2.229314000000000e+02 0.000000000000000e+00
2.230314000000000e+02 0.000000000000000e+00
2.230314000000000e+02 0.000000000000000e+00
2.235314000000000e+02 0.000000000000000e+00
2.235314000000000e+02 0.000000000000000e+00
2.240314000000000e+02 0.000000000000000e+00
2.240314000000000e+02 0.000000000000000e+00
2.245314000000000e+02 0.000000000000000e+00
2.245314000000000e+02 0.000000000000000e+00
2.250314000000000e+02 0.000000000000000e+00
2.250314000000000e+02 0.000000000000000e+00
2.255314000000000e+02 0.000000000000000e+00
2.255314000000000e+02 0.000000000000000e+00
2.260314000000000e+02 0.000000000000000e+00
2.260314000000000e+02 0.000000000000000e+00
2.265314000000000e+02 0.000000000000000e+00
2.265314000000000e+02 0.000000000000000e+00
2.266314000000000e+02 0.000000000000000e+00
2.266314000000000e+02 0.000000000000000e+00
2.266314000000000e+02 -1.000000000000000e+00
2.267314000000000e+02 -1.000000000000000e+00
2.267314000000000e+02 0.000000000000000e+00
2.266314000000000e+02 0.000000000000000e+00
2.267314000000000e+02 0.000000000000000e+00
2.267314000000000e+02 0.000000000000000e+00
2.267314000000000e+02 0.000000000000000e+00
2.267314000000000e+02 -1.000000000000000e+00
2.268314000000000e+02 -1.000000000000000e+00
2.268314000000000e+02 0.000000000000000e+00
2.267314000000000e+02 0.000000000000000e+00
2.268314000000000e+02 0.000000000000000e+00
2.268314000000000e+02 0.000000000000000e+00
2.273314000000000e+02 0.000000000000000e+00
2.273314000000000e+02 0.000000000000000e+00
2.278314000000000e+02 0.000000000000000e+00
2.278314000000000e+02 0.000000000000000e+00
2.283314000000000e+02 0.000000000000000e+00
2.283314000000000e+02 0.000000000000000e+00
2.288314000000000e+02 0.000000000000000e+00
2.288314000000000e+02 0.000000000000000e+00
2.293314000000000e+02 0.000000000000000e+00
2.293314000000000e+02 0.000000000000000e+00
2.298314000000000e+02 0.000000000000000e+00
2.298314000000000e+02 0.000000000000000e+00
2.303314000000000e+02 0.000000000000000e+00
2.303314000000000e+02 0.000000000000000e+00
2.304314000000000e+02 0.000000000000000e+00
2.304314000000000e+02 0.000000000000000e+00
2.304314000000000e+02 1.000000000000000e+00
2.305314000000000e+02 1.000000000000000e+00
2.305314000000000e+02 0.000000000000000e+00
2.304314000000000e+02 0.000000000000000e+00
2.305314000000000e+02 0.000000000000000e+00
2.305314000000000e+02 0.000000000000000e+00
2.305314000000000e+02 1.000000000000000e+00
2.306314000000000e+02 1.000000000000000e+00
2.306314000000000e+02 0.000000000000000e+00
2.305314000000000e+02 0.000000000000000e+00
2.306314000000000e+02 0.000000000000000e+00
2.306314000000000e+02 0.000000000000000e+00
2.311314000000000e+02 0.000000000000000e+00
2.311314000000000e+02 0.000000000000000e+00
2.316314000000000e+02 0.000000000000000e+00
2.316314000000000e+02 0.000000000000000e+00
2.321314000000000e+02 0.000000000000000e+00
2.321314000000000e+02 0.000000000000000e+00
2.326314000000000e+02 0.000000000000000e+00
2.326314000000000e+02 0.000000000000000e+00
2.331314000000000e+02 0.000000000000000e+00
2.331314000000000e+02 0.000000000000000e+00
2.336314000000000e+02 0.000000000000000e+00
2.336314000000000e+02 0.000000000000000e+00
2.341314000000000e+02 0.000000000000000e+00
2.341314000000000e+02 0.000000000000000e+00
2.346314000000000e+02 0.000000000000000e+00
2.346314000000000e+02 0.000000000000000e+00
2.351314000000000e+02 0.000000000000000e+00
2.351314000000000e+02 0.000000000000000e+00
2.356314000000000e+02 0.000000000000000e+00
2.356314000000000e+02 0.000000000000000e+00
2.361314000000000e+02 0.000000000000000e+00
2.361314000000000e+02 0.000000000000000e+00
2.362314000000000e+02 0.000000000000000e+00
2.362314000000000e+02 0.000000000000000e+00
2.362314000000000e+02 -3.333333300000000e-01
2.364814000000000e+02 -3.333333300000000e-01
2.364814000000000e+02 0.000000000000000e+00
2.362314000000000e+02 0.000000000000000e+00
2.362314000000000e+02 0.000000000000000e+00
2.364814000000000e+02 0.000000000000000e+00
2.364814000000000e+02 0.000000000000000e+00
2.364814000000000e+02 0.000000000000000e+00
2.364814000000000e+02 -3.333333300000000e-01
2.367314000000000e+02 -3.333333300000000e-01
2.367314000000000e+02 0.000000000000000e+00
2.364814000000000e+02 0.000000000000000e+00
2.364814000000000e+02 0.000000000000000e+00
2.367314000000000e+02 0.000000000000000e+00
2.367314000000000e+02 0.000000000000000e+00
2.372314000000000e+02 0.000000000000000e+00
2.372314000000000e+02 0.000000000000000e+00
2.377314000000000e+02 0.000000000000000e+00
2.377314000000000e+02 0.000000000000000e+00
2.382314000000000e+02 0.000000000000000e+00
2.382314000000000e+02 0.000000000000000e+00
2.387314000000000e+02 0.000000000000000e+00
2.387314000000000e+02 0.000000000000000e+00
2.392314000000000e+02 0.000000000000000e+00
2.392314000000000e+02 0.000000000000000e+00
2.393314000000000e+02 0.000000000000000e+00
2.393314000000000e+02 0.000000000000000e+00
2.394314000000000e+02 0.000000000000000e+00
2.394314000000000e+02 0.000000000000000e+00
2.395314000000000e+02 0.000000000000000e+00
2.395314000000000e+02 0.000000000000000e+00
2.395314000000000e+02 -1.000000000000000e+00
2.396314000000000e+02 -1.000000000000000e+00
2.396314000000000e+02 0.000000000000000e+00
2.395314000000000e+02 0.000000000000000e+00
2.396314000000000e+02 0.000000000000000e+00
2.396314000000000e+02 0.000000000000000e+00
2.396314000000000e+02 -1.000000000000000e+00
2.397314000000000e+02 -1.000000000000000e+00
2.397314000000000e+02 0.000000000000000e+00
2.396314000000000e+02 0.000000000000000e+00
2.397314000000000e+02 0.000000000000000e+00
2.397314000000000e+02 0.000000000000000e+00
2.402314000000000e+02 0.000000000000000e+00
2.402314000000000e+02 0.000000000000000e+00
2.407314000000000e+02 0.000000000000000e+00
2.407314000000000e+02 0.000000000000000e+00
2.412314000000000e+02 0.000000000000000e+00
2.412314000000000e+02 0.000000000000000e+00
2.417314000000000e+02 0.000000000000000e+00
2.417314000000000e+02 0.000000000000000e+00
2.422314000000000e+02 0.000000000000000e+00
2.422314000000000e+02 0.000000000000000e+00
2.427314000000000e+02 0.000000000000000e+00
2.427314000000000e+02 0.000000000000000e+00
2.432314000000000e+02 0.000000000000000e+00
2.432314000000000e+02 0.000000000000000e+00
2.437314000000000e+02 0.000000000000000e+00
2.437314000000000e+02 0.000000000000000e+00
2.442314000000000e+02 0.000000000000000e+00
2.442314000000000e+02 0.000000000000000e+00
2.447314000000000e+02 0.000000000000000e+00
2.447314000000000e+02 0.000000000000000e+00
2.452314000000000e+02 0.000000000000000e+00
2.452314000000000e+02 0.000000000000000e+00
2.457314000000000e+02 0.000000000000000e+00
2.457314000000000e+02 0.000000000000000e+00
2.462314000000000e+02 0.000000000000000e+00
2.462314000000000e+02 0.000000000000000e+00
2.467314000000000e+02 0.000000000000000e+00
2.467314000000000e+02 0.000000000000000e+00
2.472314000000000e+02 0.000000000000000e+00
2.472314000000000e+02 0.000000000000000e+00
2.473314000000000e+02 0.000000000000000e+00
2.473314000000000e+02 0.000000000000000e+00
2.474314000000000e+02 0.000000000000000e+00
2.474314000000000e+02 0.000000000000000e+00
2.475314000000000e+02 0.000000000000000e+00
2.475314000000000e+02 0.000000000000000e+00
2.475314000000000e+02 1.000000000000000e+00
2.476314000000000e+02 1.000000000000000e+00
2.476314000000000e+02 0.000000000000000e+00
2.475314000000000e+02 0.000000000000000e+00
2.476314000000000e+02 0.000000000000000e+00
2.476314000000000e+02 0.000000000000000e+00
2.476314000000000e+02 1.000000000000000e+00
2.477314000000000e+02 1.000000000000000e+00
2.477314000000000e+02 0.000000000000000e+00
2.476314000000000e+02 0.000000000000000e+00
2.477314000000000e+02 0.000000000000000e+00
2.477314000000000e+02 0.000000000000000e+00
2.482314000000000e+02 0.000000000000000e+00
2.482314000000000e+02 0.000000000000000e+00
2.487314000000000e+02 0.000000000000000e+00
2.487314000000000e+02 0.000000000000000e+00
2.492314000000000e+02 0.000000000000000e+00
2.492314000000000e+02 0.000000000000000e+00
2.497314000000000e+02 0.000000000000000e+00
2.497314000000000e+02 0.000000000000000e+00
2.502314000000000e+02 0.000000000000000e+00
2.502314000000000e+02 0.000000000000000e+00
2.507314000000000e+02 0.000000000000000e+00
2.507314000000000e+02 0.000000000000000e+00
2.512314000000000e+02 0.000000000000000e+00
2.512314000000000e+02 0.000000000000000e+00
2.517314000000000e+02 0.000000000000000e+00
2.517314000000000e+02 0.000000000000000e+00
2.522314000000000e+02 0.000000000000000e+00
2.522314000000000e+02 0.000000000000000e+00
2.527314000000000e+02 0.000000000000000e+00
2.527314000000000e+02 0.000000000000000e+00
2.532314000000000e+02 0.000000000000000e+00
2.532314000000000e+02 0.000000000000000e+00
2.537314000000000e+02 0.000000000000000e+00
2.537314000000000e+02 0.000000000000000e+00
2.542314000000000e+02 0.000000000000000e+00
2.542314000000000e+02 0.000000000000000e+00
2.547314000000000e+02 0.000000000000000e+00
2.547314000000000e+02 0.000000000000000e+00
2.552314000000000e+02 0.000000000000000e+00
2.552314000000000e+02 0.000000000000000e+00
2.553314000000000e+02 0.000000000000000e+00
2.553314000000000e+02 0.000000000000000e+00
2.554314000000000e+02 0.000000000000000e+00
2.554314000000000e+02 0.000000000000000e+00
2.555314000000000e+02 0.000000000000000e+00
2.555314000000000e+02 0.000000000000000e+00
2.555314000000000e+02 -1.000000000000000e+00
2.556314000000000e+02 -1.000000000000000e+00
2.556314000000000e+02 0.000000000000000e+00
2.555314000000000e+02 0.000000000000000e+00
2.556314000000000e+02 0.000000000000000e+00
2.556314000000000e+02 0.000000000000000e+00
2.556314000000000e+02 -1.000000000000000e+00
2.557314000000000e+02 -1.000000000000000e+00
2.557314000000000e+02 0.000000000000000e+00
2.556314000000000e+02 0.000000000000000e+00
2.557314000000000e+02 0.000000000000000e+00
2.557314000000000e+02 0.000000000000000e+00
2.562314000000000e+02 0.000000000000000e+00
2.562314000000000e+02 0.000000000000000e+00
2.567314000000000e+02 0.000000000000000e+00
2.567314000000000e+02 0.000000000000000e+00
2.572314000000000e+02 0.000000000000000e+00
2.572314000000000e+02 0.000000000000000e+00
2.577314000000000e+02 0.000000000000000e+00
2.577314000000000e+02 0.000000000000000e+00
2.582314000000000e+02 0.000000000000000e+00
2.582314000000000e+02 0.000000000000000e+00
2.587314000000000e+02 0.000000000000000e+00
2.587314000000000e+02 0.000000000000000e+00
2.592314000000000e+02 0.000000000000000e+00
2.592314000000000e+02 0.000000000000000e+00
2.597314000000000e+02 0.000000000000000e+00
2.597314000000000e+02 0.000000000000000e+00
2.602314000000000e+02 0.000000000000000e+00
2.602314000000000e+02 0.000000000000000e+00
2.607314000000000e+02 0.000000000000000e+00
2.607314000000000e+02 0.000000000000000e+00
2.612314000000000e+02 0.000000000000000e+00
2.612314000000000e+02 0.000000000000000e+00
2.617314000000000e+02 0.000000000000000e+00
2.617314000000000e+02 0.000000000000000e+00
2.622314000000000e+02 0.000000000000000e+00
2.622314000000000e+02 0.000000000000000e+00
2.627314000000000e+02 0.000000000000000e+00
2.627314000000000e+02 0.000000000000000e+00
2.632314000000000e+02 0.000000000000000e+00
2.632314000000000e+02 0.000000000000000e+00
2.633314000000000e+02 0.000000000000000e+00
2.633314000000000e+02 0.000000000000000e+00
2.634314000000000e+02 0.000000000000000e+00
2.634314000000000e+02 0.000000000000000e+00
2.635314000000000e+02 0.000000000000000e+00
2.635314000000000e+02 0.000000000000000e+00
2.635314000000000e+02 1.000000000000000e+00
2.636314000000000e+02 1.000000000000000e+00
2.636314000000000e+02 0.000000000000000e+00
2.635314000000000e+02 0.000000000000000e+00
2.636314000000000e+02 0.000000000000000e+00
2.636314000000000e+02 0.000000000000000e+00
2.636314000000000e+02 1.000000000000000e+00
2.637314000000000e+02 1.000000000000000e+00
2.637314000000000e+02 0.000000000000000e+00
2.636314000000000e+02 0.000000000000000e+00
2.637314000000000e+02 0.000000000000000e+00
2.637314000000000e+02 0.000000000000000e+00
2.642314000000000e+02 0.000000000000000e+00
2.642314000000000e+02 0.000000000000000e+00
2.647314000000000e+02 0.000000000000000e+00
2.647314000000000e+02 0.000000000000000e+00
2.652314000000000e+02 0.000000000000000e+00
2.652314000000000e+02 0.000000000000000e+00
2.657314000000000e+02 0.000000000000000e+00
2.657314000000000e+02 0.000000000000000e+00
2.662314000000000e+02 0.000000000000000e+00
2.662314000000000e+02 0.000000000000000e+00
2.667314000000000e+02 0.000000000000000e+00
2.667314000000000e+02 0.000000000000000e+00
2.672314000000000e+02 0.000000000000000e+00
2.672314000000000e+02 0.000000000000000e+00
2.677314000000000e+02 0.000000000000000e+00
2.677314000000000e+02 0.000000000000000e+00
2.682314000000000e+02 0.000000000000000e+00
2.682314000000000e+02 0.000000000000000e+00
2.687314000000000e+02 0.000000000000000e+00
2.687314000000000e+02 0.000000000000000e+00
2.692314000000000e+02 0.000000000000000e+00
2.692314000000000e+02 0.000000000000000e+00
2.697314000000000e+02 0.000000000000000e+00
2.697314000000000e+02 0.000000000000000e+00
2.702314000000000e+02 0.000000000000000e+00
2.702314000000000e+02 0.000000000000000e+00
2.707314000000000e+02 0.000000000000000e+00
2.707314000000000e+02 0.000000000000000e+00
2.712314000000000e+02 0.000000000000000e+00
2.712314000000000e+02 0.000000000000000e+00
2.713314000000000e+02 0.000000000000000e+00
2.713314000000000e+02 0.000000000000000e+00
2.714314000000000e+02 0.000000000000000e+00
2.714314000000000e+02 0.000000000000000e+00
2.715314000000000e+02 0.000000000000000e+00
2.715314000000000e+02 0.000000000000000e+00
2.715314000000000e+02 -1.000000000000000e+00
2.716314000000000e+02 -1.000000000000000e+00
2.716314000000000e+02 0.000000000000000e+00
2.715314000000000e+02 0.000000000000000e+00
2.716314000000000e+02 0.000000000000000e+00
2.716314000000000e+02 0.000000000000000e+00
2.716314000000000e+02 -1.000000000000000e+00
2.717314000000000e+02 -1.000000000000000e+00
2.717314000000000e+02 0.000000000000000e+00
2.716314000000000e+02 0.000000000000000e+00
2.717314000000000e+02 0.000000000000000e+00
2.717314000000000e+02 0.000000000000000e+00
2.722314000000000e+02 0.000000000000000e+00
2.722314000000000e+02 0.000000000000000e+00
2.727314000000000e+02 0.000000000000000e+00
2.727314000000000e+02 0.000000000000000e+00
2.732314000000000e+02 0.000000000000000e+00
2.732314000000000e+02 0.000000000000000e+00
2.737314000000000e+02 0.000000000000000e+00
2.737314000000000e+02 0.000000000000000e+00
2.742314000000000e+02 0.000000000000000e+00
2.742314000000000e+02 0.000000000000000e+00
2.747314000000000e+02 0.000000000000000e+00
2.747314000000000e+02 0.000000000000000e+00
2.752314000000000e+02 0.000000000000000e+00
2.752314000000000e+02 0.000000000000000e+00
2.757314000000000e+02 0.000000000000000e+00
2.757314000000000e+02 0.000000000000000e+00
2.762314000000000e+02 0.000000000000000e+00
2.762314000000000e+02 0.000000000000000e+00
2.767314000000000e+02 0.000000000000000e+00
2.767314000000000e+02 0.000000000000000e+00
2.772314000000000e+02 0.000000000000000e+00
2.772314000000000e+02 0.000000000000000e+00
2.777314000000000e+02 0.000000000000000e+00
2.777314000000000e+02 0.000000000000000e+00
2.782314000000000e+02 0.000000000000000e+00
2.782314000000000e+02 0.000000000000000e+00
2.787314000000000e+02 0.000000000000000e+00
2.787314000000000e+02 0.000000000000000e+00
2.792314000000000e+02 0.000000000000000e+00
2.792314000000000e+02 0.000000000000000e+00
2.793314000000000e+02 0.000000000000000e+00
2.793314000000000e+02 0.000000000000000e+00
2.794314000000000e+02 0.000000000000000e+00
2.794314000000000e+02 0.000000000000000e+00
2.795314000000000e+02 0.000000000000000e+00
2.795314000000000e+02 0.000000000000000e+00
2.795314000000000e+02 1.000000000000000e+00
2.796314000000000e+02 1.000000000000000e+00
2.796314000000000e+02 0.000000000000000e+00
2.795314000000000e+02 0.000000000000000e+00
2.796314000000000e+02 0.000000000000000e+00
2.796314000000000e+02 0.000000000000000e+00
2.796314000000000e+02 1.000000000000000e+00
2.797314000000000e+02 1.000000000000000e+00
2.797314000000000e+02 0.000000000000000e+00
2.796314000000000e+02 0.000000000000000e+00
2.797314000000000e+02 0.000000000000000e+00
2.797314000000000e+02 0.000000000000000e+00
2.802314000000000e+02 0.000000000000000e+00
2.802314000000000e+02 0.000000000000000e+00
2.807314000000000e+02 0.000000000000000e+00
2.807314000000000e+02 0.000000000000000e+00
2.812314000000000e+02 0.000000000000000e+00
2.812314000000000e+02 0.000000000000000e+00
2.817314000000000e+02 0.000000000000000e+00
2.817314000000000e+02 0.000000000000000e+00
2.822314000000000e+02 0.000000000000000e+00
2.822314000000000e+02 0.000000000000000e+00
2.827314000000000e+02 0.000000000000000e+00
2.827314000000000e+02 0.000000000000000e+00
2.832314000000000e+02 0.000000000000000e+00
2.832314000000000e+02 0.000000000000000e+00
2.837314000000000e+02 0.000000000000000e+00
2.837314000000000e+02 0.000000000000000e+00
2.842314000000000e+02 0.000000000000000e+00
2.842314000000000e+02 0.000000000000000e+00
2.847314000000000e+02 0.000000000000000e+00
2.847314000000000e+02 0.000000000000000e+00
2.852314000000000e+02 0.000000000000000e+00
2.852314000000000e+02 0.000000000000000e+00
2.857314000000000e+02 0.000000000000000e+00
2.857314000000000e+02 0.000000000000000e+00
2.862314000000000e+02 0.000000000000000e+00
2.862314000000000e+02 0.000000000000000e+00
2.867314000000000e+02 0.000000000000000e+00
2.867314000000000e+02 0.000000000000000e+00
2.872314000000000e+02 0.000000000000000e+00
2.872314000000000e+02 0.000000000000000e+00
2.873314000000000e+02 0.000000000000000e+00
2.873314000000000e+02 0.000000000000000e+00
2.874314000000000e+02 0.000000000000000e+00
2.874314000000000e+02 0.000000000000000e+00
2.875314000000000e+02 0.000000000000000e+00
