	1000
-3.096558566539898e-05 1.032900756475968e-13 0.000000000000000e+00
-3.092193999168557e-05 1.031444893509815e-13 0.000000000000000e+00
-3.087829431797218e-05 1.029989030543663e-13 0.000000000000000e+00
-3.083464864425878e-05 1.028533167577511e-13 0.000000000000000e+00
-3.079100297054538e-05 1.027077304611358e-13 0.000000000000000e+00
-3.074735729683198e-05 1.025621441645206e-13 0.000000000000000e+00
-3.070371162311858e-05 1.024165578679053e-13 0.000000000000000e+00
-3.066006594940518e-05 1.022709715712901e-13 0.000000000000000e+00
-3.061642027569178e-05 1.021253852746748e-13 0.000000000000000e+00
-3.057277460197838e-05 1.019797989780596e-13 0.000000000000000e+00
-3.052912892826498e-05 1.018342126814444e-13 0.000000000000000e+00
-3.048548325455158e-05 1.016886263848291e-13 0.000000000000000e+00
-3.044183758083818e-05 1.015430400882139e-13 0.000000000000000e+00
-3.039819190712478e-05 1.013974537915987e-13 0.000000000000000e+00
-3.035454623341138e-05 1.012518674949834e-13 0.000000000000000e+00
-3.031090055969798e-05 1.011062811983682e-13 0.000000000000000e+00
-3.026725488598459e-05 1.009606949017530e-13 0.000000000000000e+00
-3.022360921227118e-05 1.008151086051377e-13 2.747511333825164e+00
-3.017996353855779e-05 1.006695223085225e-13 0.000000000000000e+00
-3.013631786484439e-05 1.005239360119072e-13 0.000000000000000e+00
-3.009267219113099e-05 1.003783497152920e-13 0.000000000000000e+00
-3.004902651741759e-05 1.002327634186768e-13 0.000000000000000e+00
-3.000538084370419e-05 1.000871771220615e-13 0.000000000000000e+00
-2.996173516999079e-05 9.994159082544627e-14 0.000000000000000e+00
-2.991808949627739e-05 9.979600452883105e-14 2.747511333825164e+00
-2.987444382256399e-05 9.965041823221580e-14 0.000000000000000e+00
-2.983079814885059e-05 9.950483193560057e-14 0.000000000000000e+00
-2.978715247513719e-05 9.935924563898532e-14 2.060633500368873e+00
-2.974350680142379e-05 9.921365934237008e-14 0.000000000000000e+00
-2.969986112771039e-05 9.906807304575485e-14 0.000000000000000e+00
-2.965621545399699e-05 9.892248674913960e-14 0.000000000000000e+00
-2.961256978028359e-05 9.877690045252437e-14 0.000000000000000e+00
-2.956892410657019e-05 9.863131415590913e-14 0.000000000000000e+00
-2.952527843285679e-05 9.848572785929389e-14 5.495022667650328e+00
-2.948163275914340e-05 9.834014156267866e-14 0.000000000000000e+00
-2.943798708542999e-05 9.819455526606341e-14 3.434389167281454e+00
-2.939434141171660e-05 9.804896896944817e-14 2.060633500368873e+00
-2.935069573800319e-05 9.790338267283293e-14 2.060633500368873e+00
-2.930705006428980e-05 9.775779637621770e-14 0.000000000000000e+00
-2.926340439057640e-05 9.761221007960246e-14 2.747511333825164e+00
-2.921975871686300e-05 9.746662378298722e-14 0.000000000000000e+00
-2.917611304314960e-05 9.732103748637198e-14 3.434389167281454e+00
-2.913246736943620e-05 9.717545118975676e-14 3.434389167281454e+00
-2.908882169572280e-05 9.702986489314150e-14 2.747511333825164e+00
-2.904517602200940e-05 9.688427859652627e-14 0.000000000000000e+00
-2.900153034829600e-05 9.673869229991103e-14 2.747511333825164e+00
-2.895788467458260e-05 9.659310600329579e-14 3.434389167281454e+00
-2.891423900086920e-05 9.644751970668055e-14 4.121267000737745e+00
-2.887059332715580e-05 9.630193341006531e-14 0.000000000000000e+00
-2.882694765344240e-05 9.615634711345007e-14 3.434389167281454e+00
-2.878330197972900e-05 9.601076081683484e-14 2.060633500368873e+00
-2.873965630601560e-05 9.586517452021960e-14 0.000000000000000e+00
-2.869601063230221e-05 9.571958822360436e-14 3.434389167281454e+00
-2.865236495858880e-05 9.557400192698912e-14 0.000000000000000e+00
-2.860871928487541e-05 9.542841563037388e-14 2.747511333825164e+00
-2.856507361116200e-05 9.528282933375864e-14 4.121267000737745e+00
-2.852142793744861e-05 9.513724303714341e-14 4.121267000737745e+00
-2.847778226373521e-05 9.499165674052817e-14 5.495022667650328e+00
-2.843413659002181e-05 9.484607044391293e-14 2.060633500368873e+00
-2.839049091630841e-05 9.470048414729769e-14 3.434389167281454e+00
-2.834684524259501e-05 9.455489785068245e-14 6.181900501106618e+00
-2.830319956888161e-05 9.440931155406721e-14 5.495022667650328e+00
-2.825955389516821e-05 9.426372525745197e-14 4.121267000737745e+00
-2.821590822145481e-05 9.411813896083674e-14 3.434389167281454e+00
-2.817226254774141e-05 9.397255266422150e-14 2.747511333825164e+00
-2.812861687402801e-05 9.382696636760626e-14 3.434389167281454e+00
-2.808497120031461e-05 9.368138007099102e-14 3.434389167281454e+00
-2.804132552660121e-05 9.353579377437578e-14 4.121267000737745e+00
-2.799767985288781e-05 9.339020747776054e-14 2.747511333825164e+00
-2.795403417917441e-05 9.324462118114531e-14 4.121267000737745e+00
-2.791038850546101e-05 9.309903488453006e-14 4.808144834194036e+00
-2.786674283174761e-05 9.295344858791483e-14 5.495022667650328e+00
-2.782309715803422e-05 9.280786229129959e-14 8.929411834931782e+00
-2.777945148432081e-05 9.266227599468434e-14 3.434389167281454e+00
-2.773580581060742e-05 9.251668969806911e-14 6.181900501106618e+00
-2.769216013689402e-05 9.237110340145388e-14 6.868778334562909e+00
-2.764851446318062e-05 9.222551710483864e-14 6.868778334562909e+00
-2.760486878946722e-05 9.207993080822340e-14 7.555656168019200e+00
-2.756122311575382e-05 9.193434451160815e-14 4.121267000737745e+00
-2.751757744204042e-05 9.178875821499292e-14 3.434389167281454e+00
-2.747393176832702e-05 9.164317191837768e-14 6.868778334562909e+00
-2.743028609461362e-05 9.149758562176243e-14 3.434389167281454e+00
-2.738664042090022e-05 9.135199932514721e-14 6.181900501106618e+00
-2.734299474718682e-05 9.120641302853196e-14 8.929411834931782e+00
-2.729934907347342e-05 9.106082673191673e-14 5.495022667650328e+00
-2.725570339976002e-05 9.091524043530149e-14 8.242534001475491e+00
-2.721205772604662e-05 9.076965413868624e-14 6.181900501106618e+00
-2.716841205233322e-05 9.062406784207101e-14 7.555656168019200e+00
-2.712476637861983e-05 9.047848154545578e-14 8.242534001475491e+00
-2.708112070490642e-05 9.033289524884054e-14 5.495022667650328e+00
-2.703747503119303e-05 9.018730895222530e-14 6.181900501106618e+00
-2.699382935747963e-05 9.004172265561005e-14 6.868778334562909e+00
-2.695018368376623e-05 8.989613635899482e-14 7.555656168019200e+00
-2.690653801005283e-05 8.975055006237957e-14 1.030316750184436e+01
-2.686289233633943e-05 8.960496376576433e-14 7.555656168019200e+00
-2.681924666262603e-05 8.945937746914911e-14 8.929411834931782e+00
-2.677560098891263e-05 8.931379117253386e-14 8.929411834931782e+00
-2.673195531519923e-05 8.916820487591863e-14 5.495022667650328e+00
-2.668830964148583e-05 8.902261857930339e-14 6.868778334562909e+00
-2.664466396777243e-05 8.887703228268814e-14 4.808144834194036e+00
-2.660101829405903e-05 8.873144598607292e-14 9.616289668388072e+00
-2.655737262034563e-05 8.858585968945766e-14 1.167692316875694e+01
-2.651372694663223e-05 8.844027339284243e-14 6.868778334562909e+00
-2.647008127291883e-05 8.829468709622719e-14 3.434389167281454e+00
-2.642643559920543e-05 8.814910079961195e-14 8.929411834931782e+00
-2.638278992549203e-05 8.800351450299672e-14 5.495022667650328e+00
-2.633914425177863e-05 8.785792820638147e-14 6.181900501106618e+00
-2.629549857806523e-05 8.771234190976623e-14 4.121267000737745e+00
-2.625185290435184e-05 8.756675561315101e-14 8.242534001475491e+00
-2.620820723063844e-05 8.742116931653576e-14 9.616289668388072e+00
-2.616456155692504e-05 8.727558301992052e-14 1.305067883566953e+01
-2.612091588321164e-05 8.712999672330529e-14 9.616289668388072e+00
-2.607727020949824e-05 8.698441042669004e-14 7.555656168019200e+00
-2.603362453578484e-05 8.683882413007482e-14 7.555656168019200e+00
-2.598997886207144e-05 8.669323783345957e-14 8.929411834931782e+00
-2.594633318835804e-05 8.654765153684433e-14 6.868778334562909e+00
-2.590268751464464e-05 8.640206524022909e-14 9.616289668388072e+00
-2.585904184093124e-05 8.625647894361385e-14 1.099004533530066e+01
-2.581539616721784e-05 8.611089264699861e-14 1.305067883566953e+01
-2.577175049350444e-05 8.596530635038337e-14 1.305067883566953e+01
-2.572810481979104e-05 8.581972005376814e-14 1.099004533530066e+01
-2.568445914607764e-05 8.567413375715291e-14 9.616289668388072e+00
-2.564081347236424e-05 8.552854746053766e-14 1.099004533530066e+01
-2.559716779865084e-05 8.538296116392242e-14 1.030316750184436e+01
-2.555352212493744e-05 8.523737486730718e-14 7.555656168019200e+00
-2.550987645122405e-05 8.509178857069194e-14 1.305067883566953e+01
-2.546623077751064e-05 8.494620227407670e-14 1.442443450258211e+01
-2.542258510379725e-05 8.480061597746147e-14 1.030316750184436e+01
-2.537893943008385e-05 8.465502968084623e-14 1.099004533530066e+01
-2.533529375637045e-05 8.450944338423099e-14 6.868778334562909e+00
-2.529164808265705e-05 8.436385708761575e-14 1.442443450258211e+01
-2.524800240894365e-05 8.421827079100051e-14 1.373755666912582e+01
-2.520435673523025e-05 8.407268449438527e-14 9.616289668388072e+00
-2.516071106151685e-05 8.392709819777004e-14 1.236380100221324e+01
-2.511706538780345e-05 8.378151190115481e-14 8.929411834931782e+00
-2.507341971409005e-05 8.363592560453956e-14 1.236380100221324e+01
-2.502977404037665e-05 8.349033930792431e-14 1.373755666912582e+01
-2.498612836666325e-05 8.334475301130908e-14 1.511131233603840e+01
-2.494248269294985e-05 8.319916671469384e-14 1.099004533530066e+01
-2.489883701923645e-05 8.305358041807861e-14 8.929411834931782e+00
-2.485519134552305e-05 8.290799412146337e-14 8.242534001475491e+00
-2.481154567180965e-05 8.276240782484813e-14 8.929411834931782e+00
-2.476789999809625e-05 8.261682152823289e-14 9.616289668388072e+00
-2.472425432438286e-05 8.247123523161765e-14 8.929411834931782e+00
-2.468060865066946e-05 8.232564893500241e-14 1.236380100221324e+01
-2.463696297695606e-05 8.218006263838718e-14 1.236380100221324e+01
-2.459331730324266e-05 8.203447634177194e-14 1.236380100221324e+01
-2.454967162952926e-05 8.188889004515670e-14 1.511131233603840e+01
-2.450602595581586e-05 8.174330374854146e-14 1.030316750184436e+01
-2.446238028210246e-05 8.159771745192621e-14 2.198009067060131e+01
-2.441873460838906e-05 8.145213115531098e-14 1.167692316875694e+01
-2.437508893467566e-05 8.130654485869574e-14 1.785882366986356e+01
-2.433144326096226e-05 8.116095856208049e-14 1.785882366986356e+01
-2.428779758724886e-05 8.101537226546527e-14 1.167692316875694e+01
-2.424415191353546e-05 8.086978596885003e-14 1.785882366986356e+01
-2.420050623982206e-05 8.072419967223479e-14 1.854570150331985e+01
-2.415686056610866e-05 8.057861337561955e-14 1.854570150331985e+01
-2.411321489239526e-05 8.043302707900430e-14 1.373755666912582e+01
-2.406956921868186e-05 8.028744078238908e-14 1.579819016949469e+01
-2.402592354496846e-05 8.014185448577382e-14 1.785882366986356e+01
-2.398227787125506e-05 7.999626818915859e-14 1.648506800295098e+01
-2.393863219754167e-05 7.985068189254336e-14 1.442443450258211e+01
-2.389498652382826e-05 7.970509559592811e-14 1.854570150331985e+01
-2.385134085011487e-05 7.955950929931288e-14 1.991945717023244e+01
-2.380769517640147e-05 7.941392300269765e-14 2.129321283714502e+01
-2.376404950268807e-05 7.926833670608239e-14 1.030316750184436e+01
-2.372040382897467e-05 7.912275040946717e-14 1.373755666912582e+01
-2.367675815526127e-05 7.897716411285193e-14 1.717194583640727e+01
-2.363311248154787e-05 7.883157781623669e-14 1.511131233603840e+01
-2.358946680783447e-05 7.868599151962145e-14 1.442443450258211e+01
-2.354582113412107e-05 7.854040522300620e-14 1.854570150331985e+01
-2.350217546040767e-05 7.839481892639098e-14 1.854570150331985e+01
-2.345852978669427e-05 7.824923262977573e-14 1.167692316875694e+01
-2.341488411298087e-05 7.810364633316049e-14 2.266696850405760e+01
-2.337123843926747e-05 7.795806003654526e-14 2.060633500368873e+01
-2.332759276555407e-05 7.781247373993001e-14 1.373755666912582e+01
-2.328394709184067e-05 7.766688744331478e-14 2.060633500368873e+01
-2.324030141812728e-05 7.752130114669955e-14 1.373755666912582e+01
-2.319665574441387e-05 7.737571485008430e-14 2.335384633751389e+01
-2.315301007070047e-05 7.723012855346906e-14 2.266696850405760e+01
-2.310936439698708e-05 7.708454225685383e-14 1.442443450258211e+01
-2.306571872327368e-05 7.693895596023858e-14 1.991945717023244e+01
-2.302207304956027e-05 7.679336966362334e-14 1.717194583640727e+01
-2.297842737584688e-05 7.664778336700810e-14 1.511131233603840e+01
-2.293478170213348e-05 7.650219707039288e-14 1.854570150331985e+01
-2.289113602842008e-05 7.635661077377763e-14 2.335384633751389e+01
-2.284749035470668e-05 7.621102447716239e-14 1.923257933677614e+01
-2.280384468099328e-05 7.606543818054716e-14 2.129321283714502e+01
-2.276019900727988e-05 7.591985188393191e-14 1.923257933677614e+01
-2.271655333356648e-05 7.577426558731667e-14 1.167692316875694e+01
-2.267290765985308e-05 7.562867929070145e-14 2.198009067060131e+01
-2.262926198613968e-05 7.548309299408620e-14 2.129321283714502e+01
-2.258561631242628e-05 7.533750669747096e-14 1.785882366986356e+01
-2.254197063871288e-05 7.519192040085572e-14 1.785882366986356e+01
-2.249832496499948e-05 7.504633410424048e-14 2.335384633751389e+01
-2.245467929128608e-05 7.490074780762524e-14 1.854570150331985e+01
-2.241103361757268e-05 7.475516151101000e-14 2.198009067060131e+01
-2.236738794385929e-05 7.460957521439477e-14 1.648506800295098e+01
-2.232374227014588e-05 7.446398891777953e-14 2.266696850405760e+01
-2.228009659643249e-05 7.431840262116429e-14 3.022262467207680e+01
-2.223645092271909e-05 7.417281632454906e-14 2.816199117170793e+01
-2.219280524900569e-05 7.402723002793381e-14 2.884886900516422e+01
-2.214915957529228e-05 7.388164373131856e-14 1.991945717023244e+01
-2.210551390157889e-05 7.373605743470335e-14 2.198009067060131e+01
-2.206186822786549e-05 7.359047113808810e-14 2.060633500368873e+01
-2.201822255415209e-05 7.344488484147286e-14 2.953574683862051e+01
-2.197457688043869e-05 7.329929854485762e-14 2.266696850405760e+01
-2.193093120672529e-05 7.315371224824238e-14 2.541447983788276e+01
-2.188728553301189e-05 7.300812595162714e-14 2.816199117170793e+01
-2.184363985929849e-05 7.286253965501190e-14 2.335384633751389e+01
-2.179999418558509e-05 7.271695335839667e-14 2.335384633751389e+01
-2.175634851187169e-05 7.257136706178143e-14 2.747511333825164e+01
-2.171270283815829e-05 7.242578076516619e-14 2.541447983788276e+01
-2.166905716444490e-05 7.228019446855096e-14 2.266696850405760e+01
-2.162541149073149e-05 7.213460817193571e-14 2.884886900516422e+01
-2.158176581701809e-05 7.198902187532046e-14 2.266696850405760e+01
-2.153812014330469e-05 7.184343557870524e-14 3.022262467207680e+01
-2.149447446959130e-05 7.169784928209000e-14 2.335384633751389e+01
-2.145082879587789e-05 7.155226298547476e-14 1.991945717023244e+01
-2.140718312216450e-05 7.140667668885952e-14 2.953574683862051e+01
-2.136353744845110e-05 7.126109039224428e-14 1.991945717023244e+01
-2.131989177473770e-05 7.111550409562904e-14 2.335384633751389e+01
-2.127624610102430e-05 7.096991779901381e-14 2.953574683862051e+01
-2.123260042731090e-05 7.082433150239857e-14 3.159638033898938e+01
-2.118895475359750e-05 7.067874520578333e-14 2.884886900516422e+01
-2.114530907988410e-05 7.053315890916808e-14 3.297013600590196e+01
-2.110166340617070e-05 7.038757261255285e-14 3.640452517318342e+01
-2.105801773245730e-05 7.024198631593761e-14 3.159638033898938e+01
-2.101437205874390e-05 7.009640001932236e-14 3.228325817244567e+01
-2.097072638503050e-05 6.995081372270714e-14 3.022262467207680e+01
-2.092708071131710e-05 6.980522742609190e-14 2.678823550479535e+01
-2.088343503760370e-05 6.965964112947665e-14 2.610135767133906e+01
-2.083978936389030e-05 6.951405483286142e-14 2.816199117170793e+01
-2.079614369017691e-05 6.936846853624618e-14 3.228325817244567e+01
-2.075249801646350e-05 6.922288223963094e-14 3.090950250553309e+01
-2.070885234275010e-05 6.907729594301569e-14 2.953574683862051e+01
-2.066520666903671e-05 6.893170964640047e-14 2.541447983788276e+01
-2.062156099532331e-05 6.878612334978523e-14 2.953574683862051e+01
-2.057791532160991e-05 6.864053705316998e-14 2.884886900516422e+01
-2.053426964789651e-05 6.849495075655474e-14 3.434389167281454e+01
-2.049062397418311e-05 6.834936445993951e-14 3.915203650700858e+01
-2.044697830046971e-05 6.820377816332426e-14 3.090950250553309e+01
-2.040333262675631e-05 6.805819186670904e-14 2.884886900516422e+01
-2.035968695304291e-05 6.791260557009380e-14 3.022262467207680e+01
-2.031604127932951e-05 6.776701927347855e-14 3.640452517318342e+01
-2.027239560561611e-05 6.762143297686332e-14 3.228325817244567e+01
-2.022874993190271e-05 6.747584668024808e-14 3.709140300663971e+01
-2.018510425818931e-05 6.733026038363285e-14 3.709140300663971e+01
-2.014145858447591e-05 6.718467408701759e-14 3.297013600590196e+01
-2.009781291076251e-05 6.703908779040236e-14 3.297013600590196e+01
-2.005416723704911e-05 6.689350149378713e-14 2.747511333825164e+01
-2.001052156333571e-05 6.674791519717188e-14 3.983891434046487e+01
-1.996687588962231e-05 6.660232890055664e-14 3.846515867355229e+01
-1.992323021590892e-05 6.645674260394142e-14 3.503076950627084e+01
-1.987958454219551e-05 6.631115630732616e-14 2.747511333825164e+01
-1.983593886848212e-05 6.616557001071094e-14 3.297013600590196e+01
-1.979229319476872e-05 6.601998371409570e-14 3.228325817244567e+01
-1.974864752105532e-05 6.587439741748045e-14 3.503076950627084e+01
-1.970500184734192e-05 6.572881112086521e-14 2.678823550479535e+01
-1.966135617362852e-05 6.558322482424998e-14 4.396018134120262e+01
-1.961771049991512e-05 6.543763852763473e-14 3.365701383935826e+01
-1.957406482620172e-05 6.529205223101950e-14 3.228325817244567e+01
-1.953041915248832e-05 6.514646593440426e-14 3.365701383935826e+01
-1.948677347877492e-05 6.500087963778903e-14 3.709140300663971e+01
-1.944312780506152e-05 6.485529334117378e-14 3.159638033898938e+01
-1.939948213134812e-05 6.470970704455854e-14 3.365701383935826e+01
-1.935583645763472e-05 6.456412074794332e-14 3.022262467207680e+01
-1.931219078392132e-05 6.441853445132807e-14 4.258642567429003e+01
-1.926854511020792e-05 6.427294815471283e-14 3.777828084009600e+01
-1.922489943649453e-05 6.412736185809760e-14 3.365701383935826e+01
-1.918125376278112e-05 6.398177556148235e-14 3.297013600590196e+01
-1.913760808906772e-05 6.383618926486711e-14 4.258642567429003e+01
-1.909396241535433e-05 6.369060296825187e-14 3.297013600590196e+01
-1.905031674164093e-05 6.354501667163663e-14 4.189954784083375e+01
-1.900667106792753e-05 6.339943037502140e-14 4.739457050848407e+01
-1.896302539421413e-05 6.325384407840616e-14 3.915203650700858e+01
-1.891937972050073e-05 6.310825778179092e-14 4.121267000737745e+01
-1.887573404678733e-05 6.296267148517568e-14 4.670769267502778e+01
-1.883208837307393e-05 6.281708518856044e-14 3.777828084009600e+01
-1.878844269936053e-05 6.267149889194522e-14 4.808144834194037e+01
-1.874479702564713e-05 6.252591259532997e-14 4.189954784083375e+01
-1.870115135193373e-05 6.238032629871471e-14 4.396018134120262e+01
-1.865750567822033e-05 6.223474000209950e-14 4.670769267502778e+01
-1.861386000450693e-05 6.208915370548425e-14 5.495022667650327e+01
-1.857021433079353e-05 6.194356740886901e-14 3.915203650700858e+01
-1.852656865708013e-05 6.179798111225377e-14 4.258642567429003e+01
-1.848292298336673e-05 6.165239481563854e-14 4.739457050848407e+01
-1.843927730965333e-05 6.150680851902330e-14 4.533393700811520e+01
-1.839563163593993e-05 6.136122222240806e-14 5.151583750922182e+01
-1.835198596222654e-05 6.121563592579282e-14 4.533393700811520e+01
-1.830834028851314e-05 6.107004962917758e-14 4.533393700811520e+01
-1.826469461479974e-05 6.092446333256234e-14 4.808144834194037e+01
-1.822104894108634e-05 6.077887703594712e-14 4.533393700811520e+01
-1.817740326737294e-05 6.063329073933187e-14 5.632398234341586e+01
-1.813375759365954e-05 6.048770444271662e-14 4.396018134120262e+01
-1.809011191994614e-05 6.034211814610139e-14 3.915203650700858e+01
-1.804646624623274e-05 6.019653184948615e-14 4.189954784083375e+01
-1.800282057251934e-05 6.005094555287091e-14 5.975837151069731e+01
-1.795917489880594e-05 5.990535925625567e-14 5.151583750922182e+01
-1.791552922509254e-05 5.975977295964044e-14 5.014208184230924e+01
-1.787188355137914e-05 5.961418666302520e-14 5.357647100959069e+01
-1.782823787766574e-05 5.946860036640996e-14 4.602081484157149e+01
-1.778459220395234e-05 5.932301406979472e-14 3.983891434046487e+01
-1.774094653023894e-05 5.917742777317948e-14 5.357647100959069e+01
-1.769730085652554e-05 5.903184147656423e-14 5.426334884304698e+01
-1.765365518281215e-05 5.888625517994901e-14 4.945520400885295e+01
-1.761000950909875e-05 5.874066888333377e-14 5.082895967576552e+01
-1.756636383538534e-05 5.859508258671852e-14 5.288959317613440e+01
-1.752271816167195e-05 5.844949629010329e-14 4.464705917465891e+01
-1.747907248795855e-05 5.830390999348805e-14 5.701086017687214e+01
-1.743542681424515e-05 5.815832369687280e-14 5.357647100959069e+01
-1.739178114053175e-05 5.801273740025758e-14 4.533393700811520e+01
-1.734813546681835e-05 5.786715110364234e-14 4.876832617539665e+01
-1.730448979310495e-05 5.772156480702710e-14 4.945520400885295e+01
-1.726084411939155e-05 5.757597851041185e-14 5.082895967576552e+01
-1.721719844567815e-05 5.743039221379662e-14 5.151583750922182e+01
-1.717355277196475e-05 5.728480591718138e-14 5.701086017687214e+01
-1.712990709825135e-05 5.713921962056613e-14 5.426334884304698e+01
-1.708626142453795e-05 5.699363332395089e-14 5.907149367724102e+01
-1.704261575082455e-05 5.684804702733567e-14 6.181900501106618e+01
-1.699897007711115e-05 5.670246073072042e-14 4.808144834194037e+01
-1.695532440339775e-05 5.655687443410519e-14 4.464705917465891e+01
-1.691167872968435e-05 5.641128813748995e-14 5.838461584378473e+01
-1.686803305597095e-05 5.626570184087471e-14 6.525339417834763e+01
-1.682438738225756e-05 5.612011554425947e-14 6.594027201180393e+01
-1.678074170854416e-05 5.597452924764424e-14 5.838461584378473e+01
-1.673709603483076e-05 5.582894295102899e-14 7.486968384673571e+01
-1.669345036111735e-05 5.568335665441375e-14 6.387963851143505e+01
-1.664980468740396e-05 5.553777035779852e-14 6.937466117908538e+01
-1.660615901369056e-05 5.539218406118328e-14 6.662714984526022e+01
-1.656251333997716e-05 5.524659776456803e-14 5.838461584378473e+01
-1.651886766626376e-05 5.510101146795280e-14 6.319276067797876e+01
-1.647522199255036e-05 5.495542517133757e-14 5.701086017687214e+01
-1.643157631883696e-05 5.480983887472232e-14 6.113212717760989e+01
-1.638793064512356e-05 5.466425257810709e-14 5.975837151069731e+01
-1.634428497141016e-05 5.451866628149185e-14 6.456651634489134e+01
-1.630063929769676e-05 5.437307998487661e-14 6.181900501106618e+01
-1.625699362398336e-05 5.422749368826136e-14 7.349592817982312e+01
-1.621334795026996e-05 5.408190739164614e-14 7.761719518056087e+01
-1.616970227655656e-05 5.393632109503089e-14 7.693031734710458e+01
-1.612605660284316e-05 5.379073479841565e-14 5.632398234341586e+01
-1.608241092912976e-05 5.364514850180041e-14 7.418280601327942e+01
-1.603876525541637e-05 5.349956220518518e-14 5.632398234341586e+01
-1.599511958170296e-05 5.335397590856993e-14 6.800090551217281e+01
-1.595147390798957e-05 5.320838961195470e-14 8.173846218129862e+01
-1.590782823427617e-05 5.306280331533946e-14 7.280905034636683e+01
-1.586418256056277e-05 5.291721701872422e-14 5.632398234341586e+01
-1.582053688684937e-05 5.277163072210899e-14 7.143529467945426e+01
-1.577689121313597e-05 5.262604442549375e-14 8.311221784821120e+01
-1.573324553942257e-05 5.248045812887850e-14 7.143529467945426e+01
-1.568959986570917e-05 5.233487183226327e-14 6.937466117908538e+01
-1.564595419199577e-05 5.218928553564803e-14 6.731402767871651e+01
-1.560230851828237e-05 5.204369923903279e-14 6.868778334562909e+01
-1.555866284456897e-05 5.189811294241755e-14 6.731402767871651e+01
-1.551501717085557e-05 5.175252664580231e-14 6.319276067797876e+01
-1.547137149714217e-05 5.160694034918708e-14 8.036470651438604e+01
-1.542772582342877e-05 5.146135405257183e-14 7.967782868092975e+01
-1.538408014971537e-05 5.131576775595660e-14 7.143529467945426e+01
-1.534043447600197e-05 5.117018145934135e-14 7.349592817982312e+01
-1.529678880228857e-05 5.102459516272612e-14 7.212217251291055e+01
-1.525314312857518e-05 5.087900886611089e-14 8.448597351512379e+01
-1.520949745486177e-05 5.073342256949564e-14 7.212217251291055e+01
-1.516585178114838e-05 5.058783627288040e-14 1.023447971849873e+02
-1.512220610743497e-05 5.044224997626516e-14 8.448597351512379e+01
-1.507856043372158e-05 5.029666367964993e-14 8.585972918203636e+01
-1.503491476000818e-05 5.015107738303470e-14 7.899095084747346e+01
-1.499126908629478e-05 5.000549108641944e-14 8.860724051586153e+01
-1.494762341258138e-05 4.985990478980421e-14 6.456651634489134e+01
-1.490397773886798e-05 4.971431849318898e-14 8.036470651438604e+01
-1.486033206515458e-05 4.956873219657374e-14 7.074841684599797e+01
-1.481668639144118e-05 4.942314589995850e-14 8.242534001475491e+01
-1.477304071772778e-05 4.927755960334325e-14 8.036470651438604e+01
-1.472939504401438e-05 4.913197330672802e-14 8.173846218129862e+01
-1.468574937030098e-05 4.898638701011279e-14 8.173846218129862e+01
-1.464210369658758e-05 4.884080071349754e-14 9.547601885042444e+01
-1.459845802287418e-05 4.869521441688231e-14 1.071529420191814e+02
-1.455481234916078e-05 4.854962812026706e-14 7.967782868092975e+01
-1.451116667544738e-05 4.840404182365183e-14 9.272850751659928e+01
-1.446752100173399e-05 4.825845552703659e-14 8.654660701549265e+01
-1.442387532802058e-05 4.811286923042135e-14 8.998099618277411e+01
-1.438022965430719e-05 4.796728293380611e-14 8.792036268240524e+01
-1.433658398059378e-05 4.782169663719087e-14 9.341538535005556e+01
-1.429293830688039e-05 4.767611034057564e-14 9.753665235079330e+01
-1.424929263316699e-05 4.753052404396040e-14 9.616289668388073e+01
-1.420564695945359e-05 4.738493774734515e-14 9.410226318351185e+01
-1.416200128574019e-05 4.723935145072992e-14 9.891040801770589e+01
-1.411835561202679e-05 4.709376515411468e-14 1.009710415180748e+02
-1.407470993831339e-05 4.694817885749944e-14 8.860724051586153e+01
-1.403106426459999e-05 4.680259256088421e-14 1.119610868533754e+02
-1.398741859088659e-05 4.665700626426896e-14 1.030316750184436e+02
-1.394377291717319e-05 4.651141996765373e-14 9.066787401623040e+01
-1.390012724345979e-05 4.636583367103849e-14 9.753665235079330e+01
-1.385648156974639e-05 4.622024737442325e-14 9.204162968314299e+01
-1.381283589603299e-05 4.607466107780801e-14 1.009710415180748e+02
-1.376919022231959e-05 4.592907478119277e-14 9.135475184968669e+01
-1.372554454860619e-05 4.578348848457753e-14 1.030316750184436e+02
-1.368189887489280e-05 4.563790218796230e-14 1.181429873544820e+02
-1.363825320117939e-05 4.549231589134705e-14 1.016579193515310e+02
-1.359460752746600e-05 4.534672959473182e-14 1.071529420191814e+02
-1.355096185375259e-05 4.520114329811658e-14 1.222642543552198e+02
-1.350731618003920e-05 4.505555700150134e-14 1.099004533530065e+02
-1.346367050632580e-05 4.490997070488611e-14 1.202036208548509e+02
-1.342002483261240e-05 4.476438440827086e-14 1.092135755195503e+02
-1.337637915889900e-05 4.461879811165562e-14 1.092135755195503e+02
-1.333273348518560e-05 4.447321181504038e-14 1.195167430213946e+02
-1.328908781147220e-05 4.432762551842515e-14 1.353149331908893e+02
-1.324544213775880e-05 4.418203922180991e-14 1.099004533530065e+02
-1.320179646404540e-05 4.403645292519467e-14 1.057791863522688e+02
-1.315815079033200e-05 4.389086662857943e-14 1.250117656890449e+02
-1.311450511661860e-05 4.374528033196419e-14 1.270723991894138e+02
-1.307085944290520e-05 4.359969403534895e-14 1.339411775239767e+02
-1.302721376919180e-05 4.345410773873372e-14 1.236380100221324e+02
-1.298356809547840e-05 4.330852144211847e-14 1.195167430213946e+02
-1.293992242176500e-05 4.316293514550324e-14 1.291330326897827e+02
-1.289627674805160e-05 4.301734884888800e-14 1.373755666912582e+02
-1.285263107433820e-05 4.287176255227276e-14 1.298199105232390e+02
-1.280898540062481e-05 4.272617625565752e-14 1.366886888578019e+02
-1.276533972691140e-05 4.258058995904228e-14 1.208904986883072e+02
-1.272169405319801e-05 4.243500366242705e-14 1.414968336919959e+02
-1.267804837948461e-05 4.228941736581182e-14 1.126479646868317e+02
-1.263440270577121e-05 4.214383106919656e-14 1.421837115254522e+02
-1.259075703205781e-05 4.199824477258133e-14 1.531737568607529e+02
-1.254711135834441e-05 4.185265847596609e-14 1.463049785261900e+02
-1.250346568463101e-05 4.170707217935086e-14 1.669113135298787e+02
-1.245982001091761e-05 4.156148588273562e-14 1.497393676934714e+02
-1.241617433720421e-05 4.141589958612037e-14 1.483656120265588e+02
-1.237252866349081e-05 4.127031328950514e-14 1.593556573618595e+02
-1.232888298977741e-05 4.112472699288990e-14 1.490524898600151e+02
-1.228523731606401e-05 4.097914069627466e-14 1.456181006927337e+02
-1.224159164235061e-05 4.083355439965943e-14 1.476787341931025e+02
-1.219794596863721e-05 4.068796810304418e-14 1.641638021960535e+02
-1.215430029492381e-05 4.054238180642895e-14 1.559212681945780e+02
-1.211065462121041e-05 4.039679550981370e-14 1.449312228592774e+02
-1.206700894749701e-05 4.025120921319847e-14 1.634769243625972e+02
-1.202336327378362e-05 4.010562291658323e-14 1.566081460280343e+02
-1.197971760007021e-05 3.996003661996799e-14 1.518000011938403e+02
-1.193607192635682e-05 3.981445032335276e-14 1.682850691967913e+02
-1.189242625264342e-05 3.966886402673751e-14 1.641638021960535e+02
-1.184878057893002e-05 3.952327773012227e-14 1.469918563596462e+02
-1.180513490521662e-05 3.937769143350704e-14 1.607294130287721e+02
-1.176148923150322e-05 3.923210513689180e-14 1.724063361975290e+02
-1.171784355778982e-05 3.908651884027656e-14 1.785882366986356e+02
-1.167419788407642e-05 3.894093254366131e-14 1.957601825350429e+02
-1.163055221036302e-05 3.879534624704608e-14 1.813357480324608e+02
-1.158690653664962e-05 3.864975995043085e-14 1.854570150331986e+02
-1.154326086293622e-05 3.850417365381560e-14 1.882045263670237e+02
-1.149961518922282e-05 3.835858735720037e-14 2.060633500368873e+02
-1.145596951550942e-05 3.821300106058513e-14 1.861438928666549e+02
-1.141232384179602e-05 3.806741476396989e-14 1.985076938688681e+02
-1.136867816808262e-05 3.792182846735465e-14 1.930126712012178e+02
-1.132503249436922e-05 3.777624217073941e-14 1.957601825350429e+02
-1.128138682065582e-05 3.763065587412417e-14 1.902651598673926e+02
-1.123774114694243e-05 3.748506957750894e-14 1.895782820339363e+02
-1.119409547322903e-05 3.733948328089370e-14 1.923257933677615e+02
-1.115044979951563e-05 3.719389698427846e-14 2.122452505379939e+02
-1.110680412580223e-05 3.704831068766321e-14 1.827095036993734e+02
-1.106315845208883e-05 3.690272439104798e-14 2.019420830361495e+02
-1.101951277837543e-05 3.675713809443274e-14 2.294171963744012e+02
-1.097586710466203e-05 3.661155179781750e-14 2.266696850405760e+02
-1.093222143094863e-05 3.646596550120227e-14 2.177402732056442e+02
-1.088857575723523e-05 3.632037920458702e-14 2.198009067060131e+02
-1.084493008352183e-05 3.617479290797179e-14 2.328515855416826e+02
-1.080128440980843e-05 3.602920661135655e-14 2.534579205453713e+02
-1.075763873609503e-05 3.588362031474131e-14 2.404072417097018e+02
-1.071399306238163e-05 3.573803401812608e-14 2.335384633751389e+02
-1.067034738866823e-05 3.559244772151083e-14 2.328515855416826e+02
-1.062670171495483e-05 3.544686142489559e-14 2.445285087104396e+02
-1.058305604124143e-05 3.530127512828036e-14 2.513972870450025e+02
-1.053941036752803e-05 3.515568883166512e-14 2.465891422108084e+02
-1.049576469381463e-05 3.501010253504988e-14 2.575791875461091e+02
-1.045211902010123e-05 3.486451623843464e-14 2.342253412085952e+02
-1.040847334638784e-05 3.471892994181940e-14 2.459022643773521e+02
-1.036482767267444e-05 3.457334364520417e-14 2.438416308769833e+02
-1.032118199896104e-05 3.442775734858892e-14 2.582660653795654e+02
-1.027753632524764e-05 3.428217105197368e-14 2.850543008843607e+02
-1.023389065153424e-05 3.413658475535845e-14 2.658217215475846e+02
-1.019024497782084e-05 3.399099845874321e-14 3.077212693884183e+02
-1.014659930410744e-05 3.384541216212798e-14 2.878018122181859e+02
-1.010295363039404e-05 3.369982586551273e-14 2.939837127192925e+02
-1.005930795668064e-05 3.355423956889749e-14 3.214588260575442e+02
-1.001566228296724e-05 3.340865327228226e-14 3.056606358880495e+02
-9.972016609253841e-06 3.326306697566702e-14 2.905493235520111e+02
-9.928370935540442e-06 3.311748067905178e-14 2.994787353869428e+02
-9.884725261827041e-06 3.297189438243653e-14 3.235194595579130e+02
-9.841079588113643e-06 3.282630808582130e-14 2.974181018865740e+02
-9.797433914400245e-06 3.268072178920607e-14 3.104687807222435e+02
-9.753788240686843e-06 3.253513549259082e-14 3.331357492263011e+02
-9.710142566973445e-06 3.238954919597559e-14 3.276407265586508e+02
-9.666496893260044e-06 3.224396289936034e-14 3.255800930582819e+02
-9.622851219546645e-06 3.209837660274511e-14 3.578633512307276e+02
-9.579205545833247e-06 3.195279030612988e-14 3.523683285630772e+02
-9.535559872119846e-06 3.180720400951463e-14 3.248932152248256e+02
-9.491914198406448e-06 3.166161771289939e-14 3.496208172292521e+02
-9.448268524693046e-06 3.151603141628415e-14 3.647321295652904e+02
-9.404622850979648e-06 3.137044511966892e-14 3.626714960649216e+02
-9.360977177266250e-06 3.122485882305368e-14 3.867122202358918e+02
-9.317331503552848e-06 3.107927252643843e-14 3.819040754016978e+02
-9.273685829839450e-06 3.093368622982320e-14 3.853384645689792e+02
-9.230040156126049e-06 3.078809993320796e-14 4.086923109064931e+02
-9.186394482412651e-06 3.064251363659272e-14 3.839647089020666e+02
-9.142748808699253e-06 3.049692733997749e-14 4.086923109064931e+02
-9.099103134985851e-06 3.035134104336224e-14 4.279248902432693e+02
-9.055457461272453e-06 3.020575474674701e-14 4.286117680767255e+02
-9.011811787559055e-06 3.006016845013177e-14 4.444099582462202e+02
-8.968166113845653e-06 2.991458215351653e-14 4.492181030804143e+02
-8.924520440132255e-06 2.976899585690129e-14 4.396018134120262e+02
-8.880874766418854e-06 2.962340956028605e-14 4.547131257480646e+02
-8.837229092705456e-06 2.947782326367082e-14 5.055420854238301e+02
-8.793583418992057e-06 2.933223696705558e-14 4.725719494179281e+02
-8.749937745278656e-06 2.918665067044033e-14 5.014208184230924e+02
-8.706292071565258e-06 2.904106437382510e-14 5.110371080914804e+02
-8.662646397851856e-06 2.889547807720986e-14 4.904307730877917e+02
-8.619000724138458e-06 2.874989178059462e-14 4.897438952543354e+02
-8.575355050425060e-06 2.860430548397939e-14 5.213402755933248e+02
-8.531709376711659e-06 2.845871918736414e-14 5.165321307591307e+02
-8.488063702998260e-06 2.831313289074891e-14 5.062289632572864e+02
-8.444418029284859e-06 2.816754659413366e-14 5.446941219308387e+02
-8.400772355571461e-06 2.802196029751843e-14 5.282090539278877e+02
-8.357126681858063e-06 2.787637400090320e-14 5.316434430951691e+02
-8.313481008144661e-06 2.773078770428795e-14 5.508760224319453e+02
-8.269835334431263e-06 2.758520140767272e-14 5.659873347679837e+02
-8.226189660717862e-06 2.743961511105747e-14 5.907149367724102e+02
-8.182543987004463e-06 2.729402881444224e-14 6.525339417834764e+02
-8.138898313291065e-06 2.714844251782700e-14 6.710796432867962e+02
-8.095252639577664e-06 2.700285622121176e-14 6.745140324540777e+02
-8.051606965864266e-06 2.685726992459652e-14 6.710796432867962e+02
-8.007961292150868e-06 2.671168362798129e-14 7.067972906265234e+02
-7.964315618437466e-06 2.656609733136604e-14 7.452624493000757e+02
-7.920669944724068e-06 2.642051103475081e-14 7.651819064703080e+02
-7.877024271010666e-06 2.627492473813556e-14 7.280905034636684e+02
-7.833378597297268e-06 2.612933844152033e-14 8.084552099780544e+02
-7.789732923583870e-06 2.598375214490509e-14 7.754850739721525e+02
-7.746087249870469e-06 2.583816584828985e-14 8.297484228151994e+02
-7.702441576157071e-06 2.569257955167461e-14 7.802932188063464e+02
-7.658795902443669e-06 2.554699325505937e-14 8.166977439795299e+02
-7.615150228730271e-06 2.540140695844414e-14 8.036470651438603e+02
-7.571504555016873e-06 2.525582066182890e-14 8.125764769787921e+02
-7.527858881303471e-06 2.511023436521366e-14 8.950018169935471e+02
-7.484213207590073e-06 2.496464806859842e-14 8.448597351512378e+02
-7.440567533876672e-06 2.481906177198318e-14 8.503547578188882e+02
-7.396921860163274e-06 2.467347547536794e-14 9.156081519972358e+02
-7.353276186449875e-06 2.452788917875271e-14 9.739927678410205e+02
-7.309630512736474e-06 2.438230288213746e-14 9.712452565071953e+02
-7.265984839023076e-06 2.423671658552223e-14 1.017952949182223e+03
-7.222339165309674e-06 2.409113028890698e-14 1.055044352188863e+03
-7.178693491596276e-06 2.394554399229175e-14 1.094883266529328e+03
-7.135047817882878e-06 2.379995769567651e-14 1.083893221194027e+03
-7.091402144169477e-06 2.365437139906127e-14 1.176621728710626e+03
-7.047756470456078e-06 2.350878510244603e-14 1.177995484377539e+03
-7.004110796742677e-06 2.336319880583079e-14 1.136095936536705e+03
-6.960465123029279e-06 2.321761250921555e-14 1.195167430213946e+03
-6.916819449315881e-06 2.307202621260032e-14 1.246683267723168e+03
-6.873173775602479e-06 2.292643991598508e-14 1.285835304230177e+03
-6.829528101889081e-06 2.278085361936984e-14 1.263855213559575e+03
-6.785882428175683e-06 2.263526732275461e-14 1.316744806735710e+03
-6.742236754462281e-06 2.248968102613936e-14 1.312623539734972e+03
-6.698591080748883e-06 2.234409472952413e-14 1.387493223581708e+03
-6.654945407035482e-06 2.219850843290888e-14 1.474039830597200e+03
-6.611299733322084e-06 2.205292213629365e-14 1.454807251260424e+03
-6.567654059608686e-06 2.190733583967841e-14 1.576384627782188e+03
-6.524008385895284e-06 2.176174954306317e-14 1.662931234797680e+03
-6.480362712181886e-06 2.161616324644793e-14 1.641638021960535e+03
-6.436717038468485e-06 2.147057694983269e-14 1.774205443817599e+03
-6.393071364755086e-06 2.132499065321745e-14 1.873115851835305e+03
-6.349425691041688e-06 2.117940435660222e-14 1.874489607502218e+03
-6.305780017328287e-06 2.103381805998697e-14 1.993319472690156e+03
-6.262134343614889e-06 2.088823176337174e-14 1.976147526853749e+03
-6.218488669901487e-06 2.074264546675649e-14 1.988511327855962e+03
-6.174842996188089e-06 2.059705917014126e-14 2.014612685527301e+03
-6.131197322474691e-06 2.045147287352603e-14 2.045522188032834e+03
-6.087551648761289e-06 2.030588657691078e-14 2.138937573382890e+03
-6.043905975047891e-06 2.016030028029555e-14 2.125886894547220e+03
-6.000260301334490e-06 2.001471398368030e-14 2.092229880707862e+03
-5.956614627621092e-06 1.986912768706507e-14 2.216554768563451e+03
-5.912968953907694e-06 1.972354139044984e-14 2.222736669064557e+03
-5.869323280194292e-06 1.957795509383459e-14 2.315465176581157e+03
-5.825677606480894e-06 1.943236879721936e-14 2.375910425925310e+03
-5.782031932767492e-06 1.928678250060411e-14 2.367667891923835e+03
-5.738386259054094e-06 1.914119620398888e-14 2.502982825114724e+03
-5.694740585340696e-06 1.899560990737364e-14 2.579226264628373e+03
-5.651094911627295e-06 1.885002361075840e-14 2.709046175151611e+03
-5.607449237913897e-06 1.870443731414316e-14 2.696682374149398e+03
-5.563803564200498e-06 1.855885101752793e-14 2.808643461002774e+03
-5.520157890487097e-06 1.841326472091268e-14 2.848482375343238e+03
-5.476512216773699e-06 1.826767842429745e-14 2.828562918173006e+03
-5.432866543060297e-06 1.812209212768220e-14 2.910301380354304e+03
-5.389220869346899e-06 1.797650583106697e-14 2.910988258187761e+03
-5.345575195633501e-06 1.783091953445173e-14 2.880078755682228e+03
-5.301929521920100e-06 1.768533323783649e-14 3.022262467207680e+03
-5.258283848206701e-06 1.753974694122126e-14 2.974867896699196e+03
-5.214638174493300e-06 1.739416064460601e-14 3.022949345041136e+03
-5.170992500779902e-06 1.724857434799078e-14 3.062788259381601e+03
-5.127346827066504e-06 1.710298805137554e-14 2.958382828696245e+03
-5.083701153353102e-06 1.695740175476030e-14 2.945332149860576e+03
-5.040055479639704e-06 1.681181545814506e-14 2.941897760693294e+03
-4.996409805926303e-06 1.666622916152982e-14 2.858098665011627e+03
-4.952764132212904e-06 1.652064286491458e-14 2.732400021489125e+03
-4.909118458499506e-06 1.637505656829935e-14 2.707672419484699e+03
-4.865472784786105e-06 1.622947027168410e-14 2.626620835136856e+03
-4.821827111072707e-06 1.608388397506887e-14 2.564114952292334e+03
-4.778181437359305e-06 1.593829767845362e-14 2.540761105954820e+03
-4.734535763645907e-06 1.579271138183839e-14 2.406819928430843e+03
-4.690890089932509e-06 1.564712508522315e-14 2.465891422108084e+03
-4.647244416219107e-06 1.550153878860791e-14 2.443224453604027e+03
-4.603598742505709e-06 1.535595249199267e-14 2.430860652601813e+03
-4.559953068792308e-06 1.521036619537743e-14 2.352556579587796e+03
-4.516307395078910e-06 1.506477989876219e-14 2.334010878084477e+03
-4.472661721365512e-06 1.491919360214696e-14 2.399951150096280e+03
-4.429016047652110e-06 1.477360730553172e-14 2.345000923419777e+03
-4.385370373938712e-06 1.462802100891648e-14 2.337445267251758e+03
-4.341724700225314e-06 1.448243471230125e-14 2.318899565748438e+03
-4.298079026511912e-06 1.433684841568600e-14 2.320960199248807e+03
-4.254433352798514e-06 1.419126211907077e-14 2.300353864245118e+03
-4.210787679085113e-06 1.404567582245552e-14 2.245403637568615e+03
-4.167142005371715e-06 1.390008952584029e-14 2.224110424731470e+03
-4.123496331658316e-06 1.375450322922505e-14 2.135503184215609e+03
-4.079850657944915e-06 1.360891693260981e-14 2.148553863051278e+03
-4.036204984231517e-06 1.346333063599457e-14 2.044835310199378e+03
-3.992559310518115e-06 1.331774433937933e-14 2.039340287531728e+03
-3.948913636804717e-06 1.317215804276409e-14 2.015986441194214e+03
-3.905267963091319e-06 1.302657174614886e-14 2.048956577200116e+03
-3.861622289377918e-06 1.288098544953362e-14 2.013925807693845e+03
-3.817976615664519e-06 1.273539915291838e-14 1.939743001680566e+03
-3.774330941951118e-06 1.258981285630314e-14 1.960349336684254e+03
-3.730685268237720e-06 1.244422655968790e-14 1.985076938688681e+03
-3.687039594524322e-06 1.229864026307267e-14 1.945238024348216e+03
-3.643393920810920e-06 1.215305396645742e-14 1.951419924849323e+03
-3.599748247097522e-06 1.200746766984219e-14 1.880671508003325e+03
-3.556102573384121e-06 1.186188137322694e-14 1.814044358158064e+03
-3.512456899670722e-06 1.171629507661171e-14 1.840145715829403e+03
-3.468811225957324e-06 1.157070877999647e-14 1.829155670494103e+03
-3.425165552243923e-06 1.142512248338123e-14 1.733679651643678e+03
-3.381519878530525e-06 1.127953618676600e-14 1.765276031982668e+03
-3.337874204817123e-06 1.113394989015075e-14 1.752225353146998e+03
-3.294228531103725e-06 1.098836359353552e-14 1.518686889771859e+03
-3.250582857390327e-06 1.084277729692028e-14 1.633395487959060e+03
-3.206937183676925e-06 1.069719100030504e-14 1.594243451452051e+03
-3.163291509963527e-06 1.055160470368980e-14 1.624466076124128e+03
-3.119645836250129e-06 1.040601840707457e-14 1.663618112631137e+03
-3.076000162536728e-06 1.026043211045932e-14 1.623092320457215e+03
-3.032354488823330e-06 1.011484581384409e-14 1.678729424967175e+03
-2.988708815109928e-06 9.969259517228842e-15 1.666365623964962e+03
-2.945063141396530e-06 9.823673220613608e-15 1.695901370803582e+03
-2.901417467683132e-06 9.678086923998375e-15 1.700709515637776e+03
-2.857771793969730e-06 9.532500627383128e-15 1.736427162977503e+03
-2.814126120256332e-06 9.386914330767895e-15 1.683537569801369e+03
-2.770480446542931e-06 9.241328034152650e-15 1.662244356964224e+03
-2.726834772829533e-06 9.095741737537415e-15 1.642324899793992e+03
-2.683189099116135e-06 8.950155440922181e-15 1.612102275121915e+03
-2.639543425402733e-06 8.804569144306936e-15 1.585314039617120e+03
-2.595897751689335e-06 8.658982847691701e-15 1.534485079941354e+03
-2.552252077975933e-06 8.513396551076456e-15 1.509757477936927e+03
-2.508606404262535e-06 8.367810254461223e-15 1.463736663095356e+03
-2.464960730549137e-06 8.222223957845987e-15 1.468544807929550e+03
-2.421315056835736e-06 8.076637661230743e-15 1.358644354576543e+03
-2.377669383122338e-06 7.931051364615509e-15 1.366886888578019e+03
-2.334023709408936e-06 7.785465068000263e-15 1.371008155578757e+03
-2.290378035695538e-06 7.639878771385029e-15 1.426645260088716e+03
-2.246732361982140e-06 7.494292474769795e-15 1.339411775239767e+03
-2.203086688268738e-06 7.348706178154549e-15 1.386119467914795e+03
-2.159441014555340e-06 7.203119881539316e-15 1.351088698408524e+03
-2.115795340841942e-06 7.057533584924081e-15 1.375129422579494e+03
-2.072149667128541e-06 6.911947288308836e-15 1.333916752572117e+03
-2.028503993415142e-06 6.766360991693602e-15 1.296138471732021e+03
-1.984858319701741e-06 6.620774695078356e-15 1.303007250066584e+03
-1.941212645988343e-06 6.475188398463122e-15 1.303694127900040e+03
-1.897566972274945e-06 6.329602101847888e-15 1.373068789079126e+03
-1.853921298561543e-06 6.184015805232643e-15 1.349714942741612e+03
-1.810275624848145e-06 6.038429508617408e-15 1.298199105232390e+03
-1.766629951134744e-06 5.892843212002163e-15 1.417028970420328e+03
-1.722984277421345e-06 5.747256915386929e-15 1.364139377244194e+03
-1.679338603707947e-06 5.601670618771695e-15 1.405352047251571e+03
-1.635692929994546e-06 5.456084322156449e-15 1.360704988076912e+03
-1.592047256281148e-06 5.310498025541215e-15 1.346967431407787e+03
-1.548401582567746e-06 5.164911728925970e-15 1.401917658084290e+03
-1.504755908854348e-06 5.019325432310736e-15 1.394362001916271e+03
-1.461110235140950e-06 4.873739135695501e-15 1.350401820575068e+03
-1.417464561427548e-06 4.728152839080256e-15 1.315371051068797e+03
-1.373818887714150e-06 4.582566542465022e-15 1.342159286573592e+03
-1.330173214000749e-06 4.436980245849776e-15 1.259733946558837e+03
-1.286527540287351e-06 4.291393949234542e-15 1.272784625394507e+03
-1.242881866573953e-06 4.145807652619308e-15 1.288582815564002e+03
-1.199236192860551e-06 4.000221356004063e-15 1.227450688386392e+03
-1.155590519147153e-06 3.854635059388828e-15 1.249430779056993e+03
-1.111944845433751e-06 3.709048762773583e-15 1.285148426396720e+03
-1.068299171720353e-06 3.563462466158349e-15 1.221955665718742e+03
-1.024653498006955e-06 3.417876169543115e-15 1.278279648062157e+03
-9.810078242935537e-07 3.272289872927870e-15 1.283087792896351e+03
-9.373621505801556e-07 3.126703576312636e-15 1.296138471732021e+03
-8.937164768667574e-07 2.981117279697401e-15 1.379250689580232e+03
-8.500708031533559e-07 2.835530983082156e-15 1.357270598909631e+03
-8.064251294399578e-07 2.689944686466922e-15 1.436948427590561e+03
-7.627794557265563e-07 2.544358389851676e-15 1.335290508239030e+03
-7.191337820131582e-07 2.398772093236442e-15 1.349028064908155e+03
-6.754881082997601e-07 2.253185796621208e-15 1.308502272734234e+03
-6.318424345863586e-07 2.107599500005963e-15 1.305067883566953e+03
-5.881967608729605e-07 1.962013203390728e-15 1.291330326897827e+03
-5.445510871595589e-07 1.816426906775483e-15 1.250804534723906e+03
-5.009054134461608e-07 1.670840610160249e-15 1.195167430213946e+03
-4.572597397327627e-07 1.525254313545015e-15 1.219208154384916e+03
-4.136140660193646e-07 1.379668016929781e-15 1.184177384878646e+03
-3.699683923059631e-07 1.234081720314535e-15 1.202723086381965e+03
-3.263227185925616e-07 1.088495423699290e-15 1.184864262712102e+03
-2.826770448791668e-07 9.429091270840671e-16 1.195167430213946e+03
-2.390313711657653e-07 7.973228304688217e-16 1.223329421385654e+03
-1.953856974523638e-07 6.517365338535762e-16 1.236380100221324e+03
-1.517400237389623e-07 5.061502372383308e-16 1.300259738732759e+03
-1.080943500255676e-07 3.605639406231080e-16 1.269350236227226e+03
-6.444867631216609e-08 2.149776440078626e-16 1.307815394900778e+03
-2.080300259876458e-08 6.939134739261714e-17 1.322239829403360e+03
2.284267111463015e-08 -7.619494922260568e-17 1.281027159395983e+03
6.648834482803165e-08 -2.217812458378511e-16 1.233632588887499e+03
1.101340185414332e-07 -3.673675424530965e-16 1.221955665718742e+03
1.537796922548279e-07 -5.129538390683194e-16 1.222642543552198e+03
1.974253659682294e-07 -6.585401356835648e-16 1.181429873544820e+03
2.410710396816309e-07 -8.041264322988102e-16 1.139530325703987e+03
2.847167133950324e-07 -9.497127289140556e-16 1.123732135534492e+03
3.283623871084271e-07 -1.095299025529278e-15 1.105873311864628e+03
3.720080608218286e-07 -1.240885322144524e-15 1.118237112866842e+03
4.156537345352302e-07 -1.386471618759769e-15 1.165631683375326e+03
4.592994082486249e-07 -1.532057915374992e-15 1.119610868533754e+03
5.029450819620264e-07 -1.677644211990238e-15 1.138156570037074e+03
5.465907556754279e-07 -1.823230508605483e-15 1.149146615372375e+03
5.902364293888226e-07 -1.968816805220706e-15 1.221955665718742e+03
6.338821031022241e-07 -2.114403101835951e-15 1.235693222387867e+03
6.775277768156256e-07 -2.259989398451197e-15 1.182803629211733e+03
7.211734505290271e-07 -2.405575695066442e-15 1.270037114060682e+03
7.648191242424219e-07 -2.551161991681665e-15 1.219208154384916e+03
8.084647979558234e-07 -2.696748288296910e-15 1.182803629211733e+03
8.521104716692249e-07 -2.842334584912156e-15 1.164944805541869e+03
8.957561453826196e-07 -2.987920881527379e-15 1.138843447870530e+03
9.394018190960211e-07 -3.133507178142624e-15 1.113428968032648e+03
9.830474928094226e-07 -3.279093474757869e-15 1.088014488194765e+03
1.026693166522817e-06 -3.424679771373092e-15 1.140904081370899e+03
1.070338840236219e-06 -3.570266067988338e-15 1.068095031024532e+03
1.113984513949620e-06 -3.715852364603583e-15 1.096257022196240e+03
1.157630187663015e-06 -3.861438661218806e-15 1.113428968032648e+03
1.201275861376417e-06 -4.007024957834052e-15 1.090761999528590e+03
1.244921535089818e-06 -4.152611254449297e-15 1.109994578865366e+03
1.288567208803220e-06 -4.298197551064543e-15 1.163571049874957e+03
1.332212882516614e-06 -4.443783847679765e-15 1.118237112866842e+03
1.375858556230016e-06 -4.589370144295011e-15 1.092822633028959e+03
1.419504229943417e-06 -4.734956440910256e-15 1.116863357199929e+03
1.463149903656812e-06 -4.880542737525479e-15 1.107247067531541e+03
1.506795577370214e-06 -5.026129034140724e-15 1.095570144362784e+03
1.550441251083615e-06 -5.171715330755970e-15 1.092822633028959e+03
1.594086924797010e-06 -5.317301627371192e-15 1.050923085188125e+03
1.637732598510411e-06 -5.462887923986438e-15 1.085266976860940e+03
1.681378272223813e-06 -5.608474220601683e-15 1.052983718688494e+03
1.725023945937214e-06 -5.754060517216929e-15 1.098317655696609e+03
1.768669619650609e-06 -5.899646813832151e-15 1.159449782874219e+03
1.812315293364011e-06 -6.045233110447397e-15 1.076337565026008e+03
1.855960967077412e-06 -6.190819407062642e-15 1.167005439042238e+03
1.899606640790807e-06 -6.336405703677865e-15 1.156702271540394e+03
1.943252314504208e-06 -6.481992000293111e-15 1.110681456698822e+03
1.986897988217610e-06 -6.627578296908356e-15 1.131974669535967e+03
2.030543661931005e-06 -6.773164593523579e-15 1.101065167030434e+03
2.074189335644406e-06 -6.918750890138824e-15 1.148459737538918e+03
2.117835009357808e-06 -7.064337186754070e-15 1.215086887384179e+03
2.161480683071202e-06 -7.209923483369292e-15 1.194480552380490e+03
2.205126356784604e-06 -7.355509779984539e-15 1.214400009550722e+03
2.248772030498005e-06 -7.501096076599783e-15 1.174561095210257e+03
2.292417704211407e-06 -7.646682373215028e-15 1.217834398718004e+03
2.336063377924802e-06 -7.792268669830252e-15 1.191733041046665e+03
2.379709051638203e-06 -7.937854966445497e-15 1.215086887384179e+03
2.423354725351605e-06 -8.083441263060742e-15 1.171813583876432e+03
2.467000399064999e-06 -8.229027559675966e-15 1.244622634222799e+03
2.510646072778401e-06 -8.374613856291211e-15 1.228824444053304e+03
2.554291746491802e-06 -8.520200152906457e-15 1.241875122888974e+03
2.597937420205197e-06 -8.665786449521680e-15 1.162884172041501e+03
2.641583093918599e-06 -8.811372746136924e-15 1.148459737538918e+03
2.685228767632000e-06 -8.956959042752171e-15 1.184177384878646e+03
2.728874441345402e-06 -9.102545339367415e-15 1.160823538541132e+03
2.772520115058796e-06 -9.248131635982638e-15 1.156015393706938e+03
2.816165788772198e-06 -9.393717932597884e-15 1.123732135534492e+03
2.859811462485599e-06 -9.539304229213129e-15 1.175247973043714e+03
2.903457136198994e-06 -9.684890525828351e-15 1.131287791702511e+03
2.947102809912396e-06 -9.830476822443598e-15 1.115489601533016e+03
2.990748483625797e-06 -9.976063119058842e-15 1.053670596521950e+03
3.034394157339192e-06 -1.012164941567407e-14 1.083893221194027e+03
3.078039831052593e-06 -1.026723571228931e-14 1.059852497023057e+03
3.121685504765995e-06 -1.041282200890456e-14 1.085266976860940e+03
3.165331178479390e-06 -1.055840830551978e-14 1.083206343360571e+03
3.208976852192791e-06 -1.070399460213502e-14 1.051609963021581e+03
3.252622525906193e-06 -1.084958089875027e-14 1.085953854694396e+03
3.296268199619594e-06 -1.099516719536552e-14 1.057104985689232e+03
3.339913873332989e-06 -1.114075349198074e-14 1.008336659513835e+03
3.383559547046390e-06 -1.128633978859598e-14 1.017952949182223e+03
3.427205220759792e-06 -1.143192608521123e-14 9.842959353428649e+02
3.470850894473187e-06 -1.157751238182645e-14 9.588814555049821e+02
3.514496568186588e-06 -1.172309867844170e-14 9.994072476789033e+02
3.558142241899990e-06 -1.186868497505694e-14 9.952859806781655e+02
3.601787915613384e-06 -1.201427127167217e-14 9.272850751659928e+02
3.645433589326786e-06 -1.215985756828741e-14 9.746796456744768e+02
3.689079263040187e-06 -1.230544386490266e-14 9.252244416656239e+02
3.732724936753589e-06 -1.245103016151790e-14 1.015205437848398e+03
3.776370610466984e-06 -1.259661645813312e-14 9.451438988358562e+02
3.820016284180385e-06 -1.274220275474837e-14 1.011084170847660e+03
3.863661957893787e-06 -1.288778905136362e-14 9.822353018424960e+02
3.907307631607181e-06 -1.303337534797884e-14 9.739927678410205e+02
3.950953305320583e-06 -1.317896164459408e-14 9.382751205012934e+02
3.994598979033984e-06 -1.332454794120933e-14 1.026195483183699e+03
4.038244652747379e-06 -1.347013423782455e-14 1.011771048681117e+03
4.081890326460781e-06 -1.361572053443980e-14 9.870434466766900e+02
4.125536000174182e-06 -1.376130683105504e-14 1.072903175858726e+03
4.169181673887584e-06 -1.390689312767029e-14 1.125105891201405e+03
4.212827347600978e-06 -1.405247942428551e-14 1.147772859705462e+03
4.256473021314380e-06 -1.419806572090076e-14 1.171126706042976e+03
4.300118695027781e-06 -1.434365201751600e-14 1.177308606544083e+03
4.343764368741176e-06 -1.448923831413122e-14 1.202036208548509e+03
4.387410042454578e-06 -1.463482461074647e-14 1.159449782874219e+03
4.431055716167979e-06 -1.478041090736172e-14 1.170439828209520e+03
4.474701389881374e-06 -1.492599720397694e-14 1.182803629211733e+03
4.518347063594775e-06 -1.507158350059218e-14 1.243935756389343e+03
4.561992737308177e-06 -1.521716979720743e-14 1.250804534723906e+03
4.605638411021571e-06 -1.536275609382265e-14 1.297512227398934e+03
4.649284084734973e-06 -1.550834239043790e-14 1.272097747561051e+03
4.692929758448375e-06 -1.565392868705314e-14 1.278279648062157e+03
4.736575432161776e-06 -1.579951498366839e-14 1.296825349565477e+03
4.780221105875171e-06 -1.594510128028361e-14 1.395048879749727e+03
4.823866779588572e-06 -1.609068757689886e-14 1.348341187074699e+03
4.867512453301974e-06 -1.623627387351410e-14 1.327734852071010e+03
4.911158127015368e-06 -1.638186017012933e-14 1.378563811746776e+03
4.954803800728770e-06 -1.652744646674457e-14 1.321552951569904e+03
4.998449474442171e-06 -1.667303276335982e-14 1.324300462903729e+03
5.042095148155566e-06 -1.681861905997504e-14 1.308502272734234e+03
5.085740821868968e-06 -1.696420535659028e-14 1.259047068725381e+03
5.129386495582369e-06 -1.710979165320553e-14 1.312623539734972e+03
5.173032169295771e-06 -1.725537794982078e-14 1.239814489388605e+03
5.216677843009165e-06 -1.740096424643600e-14 1.206157475549247e+03
5.260323516722567e-06 -1.754655054305124e-14 1.205470597715791e+03
5.303969190435968e-06 -1.769213683966649e-14 1.265915847059944e+03
5.347614864149363e-06 -1.783772313628171e-14 1.261794580059207e+03
5.391260537862765e-06 -1.798330943289696e-14 1.258360190891925e+03
5.434906211576166e-06 -1.812889572951220e-14 1.215773765217635e+03
5.478551885289561e-06 -1.827448202612742e-14 1.243248878555886e+03
5.522197559002962e-06 -1.842006832274267e-14 1.346280553574330e+03
5.565843232716364e-06 -1.856565461935791e-14 1.364139377244194e+03
5.609488906429759e-06 -1.871124091597314e-14 1.375816300412951e+03
5.653134580143160e-06 -1.885682721258838e-14 1.386806345748251e+03
5.696780253856562e-06 -1.900241350920363e-14 1.355209965409262e+03
5.740425927569963e-06 -1.914799980581887e-14 1.392988246249358e+03
5.784071601283358e-06 -1.929358610243410e-14 1.318118562402622e+03
5.827717274996759e-06 -1.943917239904934e-14 1.304381005733497e+03
5.871362948710161e-06 -1.958475869566459e-14 1.375816300412951e+03
5.915008622423556e-06 -1.973034499227981e-14 1.263168335726119e+03
5.958654296136957e-06 -1.987593128889506e-14 1.364139377244194e+03
6.002299969850359e-06 -2.002151758551030e-14 1.289269693397458e+03
6.045945643563753e-06 -2.016710388212552e-14 1.256299557391556e+03
6.089591317277155e-06 -2.031269017874077e-14 1.270723991894138e+03
6.133236990990556e-06 -2.045827647535602e-14 1.282400915062895e+03
6.176882664703958e-06 -2.060386277197126e-14 1.236380100221324e+03
6.220528338417353e-06 -2.074944906858648e-14 1.240501367222061e+03
6.264174012130754e-06 -2.089503536520173e-14 1.256299557391556e+03
6.307819685844156e-06 -2.104062166181698e-14 1.317431684569166e+03
6.351465359557550e-06 -2.118620795843220e-14 1.298885983065846e+03
6.395111033270952e-06 -2.133179425504744e-14 1.256986435225012e+03
6.438756706984353e-06 -2.147738055166269e-14 1.342846164407049e+03
6.482402380697748e-06 -2.162296684827791e-14 1.296138471732021e+03
6.526048054411150e-06 -2.176855314489316e-14 1.374442544746038e+03
6.569693728124551e-06 -2.191413944150840e-14 1.404665169418115e+03
6.613339401837953e-06 -2.205972573812365e-14 1.366200010744563e+03
6.656985075551347e-06 -2.220531203473887e-14 1.421837115254522e+03
6.700630749264749e-06 -2.235089833135412e-14 1.402604535917746e+03
6.744276422978150e-06 -2.249648462796936e-14 1.394362001916271e+03
6.787922096691545e-06 -2.264207092458458e-14 1.436948427590561e+03
6.831567770404947e-06 -2.278765722119983e-14 1.455494129093880e+03
6.875213444118348e-06 -2.293324351781508e-14 1.496706799101258e+03
6.918859117831743e-06 -2.307882981443030e-14 1.550283270110849e+03
6.962504791545144e-06 -2.322441611104554e-14 1.532424446440985e+03
7.006150465258546e-06 -2.337000240766079e-14 1.591495940118226e+03
7.049796138971941e-06 -2.351558870427601e-14 1.606607252454264e+03
7.093441812685342e-06 -2.366117500089126e-14 1.614849786455740e+03
7.137087486398744e-06 -2.380676129750650e-14 1.634769243625972e+03
7.180733160112145e-06 -2.395234759412175e-14 1.680103180634087e+03
7.224378833825540e-06 -2.409793389073697e-14 1.775579199484512e+03
7.268024507538941e-06 -2.424352018735222e-14 1.757033497981192e+03
7.311670181252343e-06 -2.438910648396746e-14 1.735740285144047e+03
7.355315854965738e-06 -2.453469278058269e-14 1.825034403493365e+03
7.398961528679139e-06 -2.468027907719793e-14 1.853883272498529e+03
7.442607202392541e-06 -2.482586537381318e-14 1.824347525659909e+03
7.486252876105935e-06 -2.497145167042840e-14 1.927379200678352e+03
7.529898549819337e-06 -2.511703796704364e-14 1.908833499175033e+03
7.573544223532738e-06 -2.526262426365889e-14 1.985076938688681e+03
7.617189897246140e-06 -2.540821056027413e-14 1.979581916021030e+03
7.660835570959535e-06 -2.555379685688936e-14 1.947985535682041e+03
7.704481244672936e-06 -2.569938315350460e-14 2.014612685527301e+03
7.748126918386338e-06 -2.584496945011985e-14 2.129321283714502e+03
7.791772592099732e-06 -2.599055574673507e-14 2.125200016713764e+03
7.835418265813134e-06 -2.613614204335032e-14 2.107341193043901e+03
7.879063939526535e-06 -2.628172833996556e-14 2.171907709388792e+03
7.922709613239930e-06 -2.642731463658078e-14 2.157483274886210e+03
7.966355286953332e-06 -2.657290093319603e-14 2.228918569565664e+03
8.010000960666733e-06 -2.671848722981127e-14 2.248151148902440e+03
8.053646634380128e-06 -2.686407352642650e-14 2.255706805070459e+03
8.097292308093529e-06 -2.700965982304174e-14 2.355304090921622e+03
8.140937981806931e-06 -2.715524611965699e-14 2.355990968755078e+03
8.184583655520332e-06 -2.730083241627223e-14 2.415749340265775e+03
8.228229329233727e-06 -2.744641871288746e-14 2.388961104760980e+03
8.271875002947129e-06 -2.759200500950270e-14 2.359425357922359e+03
8.315520676660530e-06 -2.773759130611795e-14 2.343627167752865e+03
8.359166350373925e-06 -2.788317760273317e-14 2.476194589609929e+03
8.402812024087326e-06 -2.802876389934842e-14 2.404759294930474e+03
8.446457697800728e-06 -2.817435019596366e-14 2.330576488917195e+03
8.490103371514123e-06 -2.831993649257888e-14 2.471386444775735e+03
8.533749045227524e-06 -2.846552278919413e-14 2.454901376772784e+03
8.577394718940926e-06 -2.861110908580937e-14 2.487184634945229e+03
8.621040392654327e-06 -2.875669538242462e-14 2.486497757111773e+03
8.664686066367722e-06 -2.890228167903984e-14 2.528397304952607e+03
8.708331740081123e-06 -2.904786797565509e-14 2.496800924613618e+03
8.751977413794525e-06 -2.919345427227033e-14 2.507104092115462e+03
8.795623087507920e-06 -2.933904056888556e-14 2.408193684097756e+03
8.839268761221321e-06 -2.948462686550080e-14 2.393082371761718e+03
8.882914434934723e-06 -2.963021316211605e-14 2.228918569565664e+03
8.926560108648117e-06 -2.977579945873127e-14 2.154735763552384e+03
8.970205782361519e-06 -2.992138575534652e-14 2.154735763552384e+03
9.013851456074920e-06 -3.006697205196176e-14 2.031097753530252e+03
9.057497129788315e-06 -3.021255834857698e-14 1.970652504186099e+03
9.101142803501717e-06 -3.035814464519223e-14 1.786569244819813e+03
9.144788477215118e-06 -3.050373094180747e-14 1.809923091157327e+03
9.188434150928520e-06 -3.064931723842272e-14 1.722689606308378e+03
9.232079824641914e-06 -3.079490353503794e-14 1.700022637804320e+03
9.275725498355316e-06 -3.094048983165319e-14 1.651254311628923e+03
9.319371172068717e-06 -3.108607612826843e-14 1.579819016949469e+03
9.363016845782112e-06 -3.123166242488366e-14 1.548909514443936e+03
9.406662519495514e-06 -3.137724872149890e-14 1.432140282756367e+03
9.450308193208915e-06 -3.152283501811415e-14 1.467857930096094e+03
9.493953866922310e-06 -3.166842131472937e-14 1.348341187074699e+03
9.537599540635711e-06 -3.181400761134462e-14 1.265228969226488e+03
9.581245214349113e-06 -3.195959390795986e-14 1.177995484377539e+03
9.624890888062514e-06 -3.210518020457511e-14 1.079771954193289e+03
9.668536561775909e-06 -3.225076650119033e-14 1.026195483183699e+03
9.712182235489311e-06 -3.239635279780558e-14 8.977493283273723e+02
9.755827909202712e-06 -3.254193909442082e-14 8.750823598233146e+02
9.799473582916107e-06 -3.268752539103604e-14 7.686162956375896e+02
9.843119256629508e-06 -3.283311168765129e-14 7.473230828004445e+02
9.886764930342910e-06 -3.297869798426654e-14 7.390805487989691e+02
9.930410604056305e-06 -3.312428428088176e-14 6.195638057775744e+02
9.974056277769706e-06 -3.326987057749700e-14 6.120081496095552e+02
1.001770195148311e-05 -3.341545687411225e-14 6.188769279441182e+02
1.006134762519651e-05 -3.356104317072749e-14 5.261484204275189e+02
1.010499329890990e-05 -3.370662946734272e-14 5.117239859249368e+02
1.014863897262331e-05 -3.385221576395796e-14 4.938651622550732e+02
1.019228464633671e-05 -3.399780206057321e-14 4.883701395874228e+02
1.023593032005010e-05 -3.414338835718843e-14 4.608950262491712e+02
1.027957599376350e-05 -3.428897465380368e-14 4.059447995726679e+02
1.032322166747690e-05 -3.443456095041892e-14 3.819040754016978e+02
1.036686734119030e-05 -3.458014724703414e-14 3.736615414002222e+02
1.041051301490370e-05 -3.472573354364939e-14 3.592371068976402e+02
1.045415868861710e-05 -3.487131984026464e-14 3.118425363891561e+02
1.049780436233050e-05 -3.501690613687986e-14 3.118425363891561e+02
1.054145003604390e-05 -3.516249243349510e-14 2.507104092115462e+02
1.058509570975730e-05 -3.530807873011035e-14 2.850543008843607e+02
1.062874138347070e-05 -3.545366502672560e-14 2.287303185409449e+02
1.067238705718410e-05 -3.559925132334082e-14 2.252959293736634e+02
1.071603273089750e-05 -3.574483761995606e-14 2.053764722034310e+02
1.075967840461090e-05 -3.589042391657131e-14 1.833963815328297e+02
1.080332407832429e-05 -3.603601021318653e-14 1.655375578629661e+02
1.084696975203770e-05 -3.618159650980178e-14 1.442443450258211e+02
1.089061542575110e-05 -3.632718280641702e-14 1.339411775239767e+02
1.093426109946449e-05 -3.647276910303225e-14 1.195167430213946e+02
1.097790677317789e-05 -3.661835539964749e-14 1.071529420191814e+02
1.102155244689129e-05 -3.676394169626274e-14 1.092135755195503e+02
1.106519812060470e-05 -3.690952799287798e-14 1.002841636846185e+02
1.110884379431809e-05 -3.705511428949320e-14 8.585972918203636e+01
1.115248946803149e-05 -3.720070058610845e-14 8.585972918203636e+01
1.119613514174489e-05 -3.734628688272370e-14 7.830407301401716e+01
1.123978081545829e-05 -3.749187317933892e-14 5.701086017687214e+01
1.128342648917169e-05 -3.763745947595416e-14 6.456651634489134e+01
1.132707216288509e-05 -3.778304577256941e-14 5.151583750922182e+01
1.137071783659849e-05 -3.792863206918463e-14 4.327330350774633e+01
1.141436351031189e-05 -3.807421836579988e-14 3.640452517318342e+01
1.145800918402529e-05 -3.821980466241512e-14 4.464705917465891e+01
1.150165485773868e-05 -3.836539095903035e-14 3.434389167281454e+01
1.154530053145209e-05 -3.851097725564559e-14 3.571764733972713e+01
1.158894620516549e-05 -3.865656355226084e-14 2.335384633751389e+01
1.163259187887889e-05 -3.880214984887608e-14 2.404072417097018e+01
1.167623755259228e-05 -3.894773614549131e-14 2.060633500368873e+01
1.171988322630569e-05 -3.909332244210655e-14 2.129321283714502e+01
1.176352890001909e-05 -3.923890873872180e-14 1.236380100221324e+01
1.180717457373248e-05 -3.938449503533702e-14 1.099004533530066e+01
1.185082024744588e-05 -3.953008133195226e-14 1.099004533530066e+01
1.189446592115928e-05 -3.967566762856751e-14 1.442443450258211e+01
1.193811159487268e-05 -3.982125392518273e-14 7.555656168019200e+00
1.198175726858608e-05 -3.996684022179797e-14 5.495022667650328e+00
1.202540294229948e-05 -4.011242651841322e-14 8.929411834931782e+00
1.206904861601288e-05 -4.025801281502846e-14 2.747511333825164e+00
1.211269428972628e-05 -4.040359911164369e-14 6.181900501106618e+00
1.215633996343968e-05 -4.054918540825893e-14 2.060633500368873e+00
1.219998563715308e-05 -4.069477170487418e-14 3.434389167281454e+00
1.224363131086648e-05 -4.084035800148941e-14 3.434389167281454e+00
1.228727698457988e-05 -4.098594429810465e-14 4.121267000737745e+00
1.233092265829328e-05 -4.113153059471989e-14 2.747511333825164e+00
1.237456833200667e-05 -4.127711689133512e-14 3.434389167281454e+00
1.241821400572008e-05 -4.142270318795037e-14 3.434389167281454e+00
1.246185967943348e-05 -4.156828948456561e-14 0.000000000000000e+00
1.250550535314688e-05 -4.171387578118085e-14 0.000000000000000e+00
1.254915102686027e-05 -4.185946207779607e-14 0.000000000000000e+00
1.259279670057367e-05 -4.200504837441132e-14 0.000000000000000e+00
1.263644237428708e-05 -4.215063467102657e-14 0.000000000000000e+00
