_BEG_ 0.000000000000000e+00 0.000000000000000e+00 0.000000000000000e+00 0.000000000000000e+00 0.000000000000000e+00 0.000000000000000e+00 0.000000000000000e+00
TWISS0 0.000000000000000e+00 0.000000000000000e+00 0.000000000000000e+00 0.000000000000000e+00 0.000000000000000e+00 0.000000000000000e+00 0.000000000000000e+00
QLF 1.000000000000000e-01 0.000000000000000e+00 0.000000000000000e+00 1.000000000000000e-01 0.000000000000000e+00 0.000000000000000e+00 0.000000000000000e+00
QLF 2.000000000000000e-01 0.000000000000000e+00 0.000000000000000e+00 2.000000000000000e-01 0.000000000000000e+00 0.000000000000000e+00 0.000000000000000e+00
LM1 3.000000000000000e-01 0.000000000000000e+00 0.000000000000000e+00 3.000000000000000e-01 0.000000000000000e+00 0.000000000000000e+00 0.000000000000000e+00
LM1 4.000000000000000e-01 0.000000000000000e+00 0.000000000000000e+00 4.000000000000000e-01 0.000000000000000e+00 0.000000000000000e+00 0.000000000000000e+00
LM1 5.000000000000000e-01 0.000000000000000e+00 0.000000000000000e+00 5.000000000000000e-01 0.000000000000000e+00 0.000000000000000e+00 0.000000000000000e+00
LM1 6.000000000000000e-01 0.000000000000000e+00 0.000000000000000e+00 6.000000000000000e-01 0.000000000000000e+00 0.000000000000000e+00 0.000000000000000e+00
LM1 7.000000000000000e-01 0.000000000000000e+00 0.000000000000000e+00 7.000000000000000e-01 0.000000000000000e+00 0.000000000000000e+00 0.000000000000000e+00
LM1 7.999999999999999e-01 0.000000000000000e+00 0.000000000000000e+00 7.999999999999999e-01 0.000000000000000e+00 0.000000000000000e+00 0.000000000000000e+00
LM1 8.999999999999999e-01 0.000000000000000e+00 0.000000000000000e+00 8.999999999999999e-01 0.000000000000000e+00 0.000000000000000e+00 0.000000000000000e+00
LL0 1.150000000000000e+00 0.000000000000000e+00 0.000000000000000e+00 1.150000000000000e+00 0.000000000000000e+00 0.000000000000000e+00 0.000000000000000e+00
BK 1.550000000000000e+00 3.828568675658934e-21 -9.999999939225290e-06 1.549999999833333e+00 1.914284351058712e-20 -5.000000000000000e-05 4.785710969166915e-25
BK 1.950000000000000e+00 1.531427473800511e-20 -3.999999984928391e-05 1.949999998666667e+00 3.828568711688846e-20 -1.000000000000000e-04 1.914284375544283e-24
LL0 2.200000000000000e+00 2.488569646937012e-20 -6.499999980761725e-05 2.199999997416667e+00 3.828568711688846e-20 -1.000000000000000e-04 1.914284375544283e-24
LL0 2.450000000000000e+00 3.445711820073512e-20 -8.999999976595059e-05 2.449999996166667e+00 3.828568711688846e-20 -1.000000000000000e-04 1.914284375544283e-24
BK 2.850000000000000e+00 5.359996162105427e-20 -1.399999995718426e-04 2.849999993000000e+00 5.742853091461822e-20 -1.500000000000000e-04 4.307139853829189e-24
BK 3.250000000000000e+00 8.039994235148930e-20 -2.099999991485679e-04 3.249999986833334e+00 7.657137499949065e-20 -2.000000000000000e-04 7.657137561682105e-24
LL0 3.500000000000000e+00 9.954278571850509e-20 -2.599999988152345e-04 3.499999981833334e+00 7.657137499949065e-20 -2.000000000000000e-04 7.657137561682105e-24
LL0 3.750000000000000e+00 1.186856290855209e-19 -3.099999984819012e-04 3.749999976833334e+00 7.657137499949065e-20 -2.000000000000000e-04 7.657137561682105e-24
BK 4.149999999999999e+00 1.531427470590718e-19 -3.999999976544599e-04 4.149999966666667e+00 9.571421946721999e-20 -2.500000000000000e-04 1.196427754097800e-23
BK 4.550000000000000e+00 1.952570021895959e-19 -5.099999961978519e-04 4.549999951500000e+00 1.148570644135204e-19 -3.000000000000000e-04 1.722855984555614e-23
LL0 4.800000000000000e+00 2.239712670008341e-19 -5.849999950728519e-04 4.799999940250000e+00 1.148570644135204e-19 -3.000000000000000e-04 1.722855984555614e-23
LL0 5.050000000000000e+00 2.526855318120722e-19 -6.599999939478520e-04 5.049999929000000e+00 1.148570644135204e-19 -3.000000000000000e-04 1.722855984555614e-23
BK 5.450000000000000e+00 3.024569239942837e-19 -7.899999915870773e-04 5.449999907833334e+00 1.339999099341063e-19 -3.500000000000000e-04 2.344998454122004e-23
BK 5.850000000000001e+00 3.598854531037543e-19 -9.399999879971360e-04 5.849999879666668e+00 1.531427561246917e-19 -4.000000000000001e-04 3.062855170573753e-23
LL0 6.100000000000001e+00 3.981711390720722e-19 -1.039999985330469e-03 6.099999859666668e+00 1.531427561246917e-19 -4.000000000000001e-04 3.062855170573753e-23
LL0 6.350000000000001e+00 4.364568250403900e-19 -1.139999982663803e-03 6.349999839666668e+00 1.531427561246917e-19 -4.000000000000001e-04 3.062855170573753e-23
BK 6.750000000000001e+00 5.015424909335483e-19 -1.309999977469695e-03 6.749999803500002e+00 1.722856030809911e-19 -4.500000000000000e-04 3.876426142884072e-23
BK 7.150000000000001e+00 5.742852934476800e-19 -1.499999970246420e-03 7.149999758333337e+00 1.914284508987186e-19 -5.000000000000000e-04 4.785711381222599e-23
LL0 7.400000000000001e+00 6.221424001902207e-19 -1.624999965038087e-03 7.399999727083338e+00 1.914284508987186e-19 -5.000000000000000e-04 4.785711381222599e-23
LM1 7.500000000000001e+00 6.412852428872370e-19 -1.674999962954754e-03 7.499999714583338e+00 1.914284508987186e-19 -5.000000000000000e-04 4.785711381222599e-23
LM1 7.600000000000001e+00 6.604280855842533e-19 -1.724999960871420e-03 7.599999702083339e+00 1.914284508987186e-19 -5.000000000000000e-04 4.785711381222599e-23
LM1 7.700000000000000e+00 6.795709282812695e-19 -1.774999958788087e-03 7.699999689583339e+00 1.914284508987186e-19 -5.000000000000000e-04 4.785711381222599e-23
LM1 7.800000000000000e+00 6.987137709782858e-19 -1.824999956704754e-03 7.799999677083339e+00 1.914284508987186e-19 -5.000000000000000e-04 4.785711381222599e-23
LM1 7.899999999999999e+00 7.178566136753021e-19 -1.874999954621420e-03 7.899999664583340e+00 1.914284508987186e-19 -5.000000000000000e-04 4.785711381222599e-23
LM1 7.999999999999999e+00 7.369994563723184e-19 -1.924999952538087e-03 7.999999652083340e+00 1.914284508987186e-19 -5.000000000000000e-04 4.785711381222599e-23
QLD0 8.100000000000000e+00 7.561422990693347e-19 -1.974999950454753e-03 8.099999639583340e+00 1.914284508987186e-19 -5.000000000000000e-04 4.785711381222599e-23
QLD0 8.199999999999999e+00 7.752851417663509e-19 -2.024999948371420e-03 8.199999627083340e+00 1.914284508987186e-19 -5.000000000000000e-04 4.785711381222599e-23
LM1 8.299999999999999e+00 7.944279844633672e-19 -2.074999946288087e-03 8.299999614583340e+00 1.914284508987186e-19 -5.000000000000000e-04 4.785711381222599e-23
LM1 8.399999999999999e+00 8.135708271603835e-19 -2.124999944204753e-03 8.399999602083341e+00 1.914284508987186e-19 -5.000000000000000e-04 4.785711381222599e-23
LM1 8.499999999999998e+00 8.327136698573998e-19 -2.174999942121420e-03 8.499999589583341e+00 1.914284508987186e-19 -5.000000000000000e-04 4.785711381222599e-23
LM1 8.599999999999998e+00 8.518565125544161e-19 -2.224999940038087e-03 8.599999577083342e+00 1.914284508987186e-19 -5.000000000000000e-04 4.785711381222599e-23
LM1 8.699999999999998e+00 8.709993552514323e-19 -2.274999937954753e-03 8.699999564583342e+00 1.914284508987186e-19 -5.000000000000000e-04 4.785711381222599e-23
LM1 8.799999999999997e+00 8.901421979484485e-19 -2.324999935871420e-03 8.799999552083342e+00 1.914284508987186e-19 -5.000000000000000e-04 4.785711381222599e-23
LM1 8.899999999999997e+00 9.092850406454648e-19 -2.374999933788086e-03 8.899999539583343e+00 1.914284508987186e-19 -5.000000000000000e-04 4.785711381222599e-23
LL0 9.149999999999997e+00 9.571421473880055e-19 -2.499999928579753e-03 9.149999508333343e+00 1.914284508987186e-19 -5.000000000000000e-04 4.785711381222599e-23
BK 9.549999999999997e+00 1.037542086341254e-18 -2.709999918852312e-03 9.549999453166677e+00 2.105712996735887e-19 -5.500000000000000e-04 5.790710896955406e-23
BK 9.949999999999998e+00 1.125599161532619e-18 -2.939999906095705e-03 9.949999387000013e+00 2.297141495013156e-19 -6.000000000000001e-04 6.891424702644986e-23
LL0 1.020000000000000e+01 1.183027688570811e-18 -3.089999897095705e-03 1.019999934200001e+01 2.297141495013156e-19 -6.000000000000001e-04 6.891424702644986e-23
LL0 1.045000000000000e+01 1.240456215609004e-18 -3.239999888095705e-03 1.044999929700002e+01 2.297141495013156e-19 -6.000000000000001e-04 6.891424702644986e-23
BK 1.085000000000000e+01 1.336170426818342e-18 -3.489999871734930e-03 1.084999921883335e+01 2.488570004776136e-19 -6.500000000000000e-04 8.087852812050268e-23
BK 1.125000000000000e+01 1.439541773806370e-18 -3.759999851144989e-03 1.124999912766669e+01 2.679998526981971e-19 -7.000000000000001e-04 9.379995240126615e-23
LL0 1.150000000000000e+01 1.506541720565929e-18 -3.934999836853323e-03 1.149999906641669e+01 2.679998526981971e-19 -7.000000000000001e-04 9.379995240126615e-23
LL0 1.175000000000000e+01 1.573541667325488e-18 -4.109999822561656e-03 1.174999900516669e+01 2.679998526981971e-19 -7.000000000000001e-04 9.379995240126615e-23
BK 1.215000000000000e+01 1.684570149833775e-18 -4.399999797067549e-03 1.214999890000003e+01 2.871427062587806e-19 -7.500000000000001e-04 1.076785200302581e-22
BK 1.255000000000000e+01 1.803255767584751e-18 -4.709999765944275e-03 1.254999877983337e+01 3.062855612550784e-19 -8.000000000000001e-04 1.225142311809608e-22
LL0 1.280000000000000e+01 1.879827133395677e-18 -4.909999744610942e-03 1.279999869983338e+01 3.062855612550784e-19 -8.000000000000001e-04 1.225142311809608e-22
LL0 1.305000000000000e+01 1.956398499206603e-18 -5.109999723277610e-03 1.304999861983338e+01 3.062855612550784e-19 -8.000000000000001e-04 1.225142311809608e-22
BK 1.345000000000000e+01 2.082741251903554e-18 -5.439999685750170e-03 1.344999848366672e+01 3.254284177828050e-19 -8.500000000000002e-04 1.383070860388207e-22
BK 1.385000000000000e+01 2.216741139230624e-18 -5.789999640993564e-03 1.384999833050007e+01 3.445712759376749e-19 -9.000000000000001e-04 1.550570848012488e-22
LL0 1.410000000000000e+01 2.302883923327203e-18 -6.014999610618565e-03 1.409999822925007e+01 3.445712759376749e-19 -9.000000000000001e-04 1.550570848012488e-22
LL0 1.435000000000000e+01 2.389026707423783e-18 -6.239999580243566e-03 1.434999812800008e+01 3.445712759376749e-19 -9.000000000000001e-04 1.550570848012488e-22
BK 1.475000000000000e+01 2.530683729045970e-18 -6.609999527382794e-03 1.474999795683343e+01 3.637141358154025e-19 -9.500000000000001e-04 1.727642276776200e-22
BK 1.515000000000000e+01 2.679997884609133e-18 -6.999999465492856e-03 1.514999776666677e+01 3.828569975117025e-19 -1.000000000000000e-03 1.914285148892741e-22
LL0 1.540000000000000e+01 2.775712086129938e-18 -7.249999423826191e-03 1.539999764166678e+01 3.828569975117025e-19 -1.000000000000000e-03 1.914285148892741e-22
LM1 1.550000000000000e+01 2.813997766738260e-18 -7.349999407159525e-03 1.549999759166679e+01 3.828569975117025e-19 -1.000000000000000e-03 1.914285148892741e-22
LM1 1.560000000000000e+01 2.852283447346582e-18 -7.449999390492859e-03 1.559999754166679e+01 3.828569975117025e-19 -1.000000000000000e-03 1.914285148892741e-22
LM1 1.570000000000000e+01 2.890569127954904e-18 -7.549999373826193e-03 1.569999749166680e+01 3.828569975117025e-19 -1.000000000000000e-03 1.914285148892741e-22
LM1 1.580000000000000e+01 2.928854808563226e-18 -7.649999357159527e-03 1.579999744166680e+01 3.828569975117025e-19 -1.000000000000000e-03 1.914285148892741e-22
LM1 1.590000000000000e+01 2.967140489171548e-18 -7.749999340492861e-03 1.589999739166681e+01 3.828569975117025e-19 -1.000000000000000e-03 1.914285148892741e-22
LM1 1.600000000000000e+01 3.005426169779870e-18 -7.849999323826195e-03 1.599999734166681e+01 3.828569975117025e-19 -1.000000000000000e-03 1.914285148892741e-22
QLF0 1.610000000000000e+01 3.043711850388192e-18 -7.949999307159530e-03 1.609999729166681e+01 3.828569975117025e-19 -1.000000000000000e-03 1.914285148892741e-22
QLF0 1.620000000000000e+01 3.081997530996514e-18 -8.049999290492865e-03 1.619999724166682e+01 3.828569975117025e-19 -1.000000000000000e-03 1.914285148892741e-22
LM0 1.670000000000000e+01 3.273425934038124e-18 -8.549999207159535e-03 1.669999699166684e+01 3.828569975117025e-19 -1.000000000000000e-03 1.914285148892741e-22
LM0 1.720000000000000e+01 3.464854337079734e-18 -9.049999123826206e-03 1.719999674166686e+01 3.828569975117025e-19 -1.000000000000000e-03 1.914285148892741e-22
LM0 1.770000000000000e+01 3.656282740121344e-18 -9.549999040492876e-03 1.769999649166688e+01 3.828569975117025e-19 -1.000000000000000e-03 1.914285148892741e-22
LM0 1.820000000000000e+01 3.847711143162953e-18 -1.004999895715955e-02 1.819999624166691e+01 3.828569975117025e-19 -1.000000000000000e-03 1.914285148892741e-22
LM0 1.870000000000000e+01 4.039139546204563e-18 -1.054999887382622e-02 1.869999599166693e+01 3.828569975117025e-19 -1.000000000000000e-03 1.914285148892741e-22
LM0 1.920000000000000e+01 4.230567949246172e-18 -1.104999879049289e-02 1.919999574166695e+01 3.828569975117025e-19 -1.000000000000000e-03 1.914285148892741e-22
LM0 1.970000000000000e+01 4.421996352287782e-18 -1.154999870715956e-02 1.969999549166697e+01 3.828569975117025e-19 -1.000000000000000e-03 1.914285148892741e-22
LM0 2.020000000000000e+01 4.613424755329391e-18 -1.204999862382623e-02 2.019999524166699e+01 3.828569975117025e-19 -1.000000000000000e-03 1.914285148892741e-22
LM0 2.070000000000000e+01 4.804853158371001e-18 -1.254999854049290e-02 2.069999499166702e+01 3.828569975117025e-19 -1.000000000000000e-03 1.914285148892741e-22
LM0 2.120000000000000e+01 4.996281561412610e-18 -1.304999845715957e-02 2.119999474166704e+01 3.828569975117025e-19 -1.000000000000000e-03 1.914285148892741e-22
LM0 2.170000000000000e+01 5.187709964454220e-18 -1.354999837382624e-02 2.169999449166706e+01 3.828569975117025e-19 -1.000000000000000e-03 1.914285148892741e-22
LM0 2.220000000000000e+01 5.379138367495829e-18 -1.404999829049291e-02 2.219999424166708e+01 3.828569975117025e-19 -1.000000000000000e-03 1.914285148892741e-22
LM0 2.270000000000000e+01 5.570566770537439e-18 -1.454999820715958e-02 2.269999399166710e+01 3.828569975117025e-19 -1.000000000000000e-03 1.914285148892741e-22
LM0 2.320000000000000e+01 5.761995173579048e-18 -1.504999812382625e-02 2.319999374166713e+01 3.828569975117025e-19 -1.000000000000000e-03 1.914285148892741e-22
LM0 2.370000000000000e+01 5.953423576620658e-18 -1.554999804049292e-02 2.369999349166715e+01 3.828569975117025e-19 -1.000000000000000e-03 1.914285148892741e-22
LM1 2.380000000000000e+01 5.991709257228980e-18 -1.564999802382626e-02 2.379999344166715e+01 3.828569975117025e-19 -1.000000000000000e-03 1.914285148892741e-22
LM1 2.390000000000000e+01 6.029994937837302e-18 -1.574999800715959e-02 2.389999339166716e+01 3.828569975117025e-19 -1.000000000000000e-03 1.914285148892741e-22
LM1 2.400000000000000e+01 6.068280618445624e-18 -1.584999799049293e-02 2.399999334166716e+01 3.828569975117025e-19 -1.000000000000000e-03 1.914285148892741e-22
QLD1 2.410000000000000e+01 6.106566299053945e-18 -1.594999797382626e-02 2.409999329166716e+01 3.828569975117025e-19 -1.000000000000000e-03 1.914285148892741e-22
QLD1 2.420000000000001e+01 6.144851979662267e-18 -1.604999795715960e-02 2.419999324166717e+01 3.828569975117025e-19 -1.000000000000000e-03 1.914285148892741e-22
LM1 2.430000000000001e+01 6.183137660270588e-18 -1.614999794049293e-02 2.429999319166717e+01 3.828569975117025e-19 -1.000000000000000e-03 1.914285148892741e-22
LM1 2.440000000000001e+01 6.221423340878910e-18 -1.624999792382627e-02 2.439999314166718e+01 3.828569975117025e-19 -1.000000000000000e-03 1.914285148892741e-22
LM1 2.450000000000001e+01 6.259709021487232e-18 -1.634999790715960e-02 2.449999309166718e+01 3.828569975117025e-19 -1.000000000000000e-03 1.914285148892741e-22
LM1 2.460000000000001e+01 6.297994702095553e-18 -1.644999789049294e-02 2.459999304166719e+01 3.828569975117025e-19 -1.000000000000000e-03 1.914285148892741e-22
BYS 2.470000000000001e+01 6.343808923201604e-18 -1.656966198616109e-02 2.469999296942522e+01 5.334281219962934e-19 -1.393282500000000e-03 3.716080939722517e-22
C0 2.470000000000001e+01 6.343808923201604e-18 -1.656966198616109e-02 2.469999296942522e+01 5.334281219962934e-19 -1.393282500000000e-03 3.716080939722517e-22
F0 2.470000000000001e+01 0.000000000000000e+00 -1.651943126437229e-02 0.000000000000000e+00 0.000000000000000e+00 0.000000000000000e+00 0.000000000000000e+00
LM1 2.480000000000001e+01 0.000000000000000e+00 -1.651943126437229e-02 1.000000000000000e-01 0.000000000000000e+00 0.000000000000000e+00 0.000000000000000e+00
LM1 2.490000000000002e+01 0.000000000000000e+00 -1.651943126437229e-02 2.000000000000000e-01 0.000000000000000e+00 0.000000000000000e+00 0.000000000000000e+00
LM1 2.500000000000002e+01 0.000000000000000e+00 -1.651943126437229e-02 3.000000000000000e-01 0.000000000000000e+00 0.000000000000000e+00 0.000000000000000e+00
LM1 2.510000000000002e+01 0.000000000000000e+00 -1.651943126437229e-02 4.000000000000000e-01 0.000000000000000e+00 0.000000000000000e+00 0.000000000000000e+00
LM1 2.520000000000002e+01 0.000000000000000e+00 -1.651943126437229e-02 5.000000000000000e-01 0.000000000000000e+00 0.000000000000000e+00 0.000000000000000e+00
B3S 2.560000000000002e+01 -3.141528057711602e-03 -1.651943126437229e-02 8.999835508622660e-01 -1.570796326794897e-02 0.000000000000000e+00 0.000000000000000e+00
MB0 2.560000000000002e+01 -3.141528057711602e-03 -1.651943126437229e-02 8.999835508622660e-01 -1.570796326794897e-02 0.000000000000000e+00 0.000000000000000e+00
B3S 2.600000000000002e+01 -1.256533710580531e-02 -1.651943126437229e-02 1.299868411768439e+00 -3.141592653589793e-02 0.000000000000000e+00 0.000000000000000e+00
LM0 2.650000000000002e+01 -2.827071664486946e-02 -1.651943126437229e-02 1.799621691951305e+00 -3.141592653589793e-02 0.000000000000000e+00 0.000000000000000e+00
LM0 2.700000000000002e+01 -4.397609618393361e-02 -1.651943126437229e-02 2.299374972134171e+00 -3.141592653589793e-02 0.000000000000000e+00 0.000000000000000e+00
LM0 2.750000000000002e+01 -5.968147572299776e-02 -1.651943126437229e-02 2.799128252317037e+00 -3.141592653589793e-02 0.000000000000000e+00 0.000000000000000e+00
LM0 2.800000000000002e+01 -7.538685526206190e-02 -1.651943126437229e-02 3.298881532499903e+00 -3.141592653589793e-02 0.000000000000000e+00 0.000000000000000e+00
LM0 2.850000000000002e+01 -9.109223480112605e-02 -1.651943126437229e-02 3.798634812682768e+00 -3.141592653589793e-02 0.000000000000000e+00 0.000000000000000e+00
LM0 2.900000000000002e+01 -1.067976143401902e-01 -1.651943126437229e-02 4.298388092865634e+00 -3.141592653589793e-02 0.000000000000000e+00 0.000000000000000e+00
LM0 2.950000000000002e+01 -1.225029938792543e-01 -1.651943126437229e-02 4.798141373048500e+00 -3.141592653589793e-02 0.000000000000000e+00 0.000000000000000e+00
LM0 3.000000000000002e+01 -1.382083734183185e-01 -1.651943126437229e-02 5.297894653231365e+00 -3.141592653589793e-02 0.000000000000000e+00 0.000000000000000e+00
LM0 3.050000000000002e+01 -1.539137529573826e-01 -1.651943126437229e-02 5.797647933414231e+00 -3.141592653589793e-02 0.000000000000000e+00 0.000000000000000e+00
LM0 3.100000000000002e+01 -1.696191324964468e-01 -1.651943126437229e-02 6.297401213597096e+00 -3.141592653589793e-02 0.000000000000000e+00 0.000000000000000e+00
LM0 3.150000000000002e+01 -1.853245120355109e-01 -1.651943126437229e-02 6.797154493779962e+00 -3.141592653589793e-02 0.000000000000000e+00 0.000000000000000e+00
LM0 3.200000000000001e+01 -2.010298915745751e-01 -1.651943126437229e-02 7.296907773962827e+00 -3.141592653589793e-02 0.000000000000000e+00 0.000000000000000e+00
LM1 3.210000000000002e+01 -2.041709674823879e-01 -1.651943126437229e-02 7.396858429999400e+00 -3.141592653589793e-02 0.000000000000000e+00 0.000000000000000e+00
QB31 3.230000000000002e+01 -2.104531192980136e-01 -1.651943126437229e-02 7.596759742072547e+00 -3.141592653589793e-02 0.000000000000000e+00 0.000000000000000e+00
QB31 3.250000000000002e+01 -2.167352711136392e-01 -1.651943126437229e-02 7.796661054145694e+00 -3.141592653589793e-02 0.000000000000000e+00 0.000000000000000e+00
LM0 3.300000000000002e+01 -2.324406506527034e-01 -1.651943126437229e-02 8.296414334328560e+00 -3.141592653589793e-02 0.000000000000000e+00 0.000000000000000e+00
LM0 3.350000000000002e+01 -2.481460301917675e-01 -1.651943126437229e-02 8.796167614511425e+00 -3.141592653589793e-02 0.000000000000000e+00 0.000000000000000e+00
LM0 3.400000000000002e+01 -2.638514097308317e-01 -1.651943126437229e-02 9.295920894694291e+00 -3.141592653589793e-02 0.000000000000000e+00 0.000000000000000e+00
LM0 3.450000000000002e+01 -2.795567892698958e-01 -1.651943126437229e-02 9.795674174877156e+00 -3.141592653589793e-02 0.000000000000000e+00 0.000000000000000e+00
LM0 3.500000000000002e+01 -2.952621688089599e-01 -1.651943126437229e-02 1.029542745506002e+01 -3.141592653589793e-02 0.000000000000000e+00 0.000000000000000e+00
QB32 3.520000000000002e+01 -3.015443206245856e-01 -1.651943126437229e-02 1.049532876713317e+01 -3.141592653589793e-02 0.000000000000000e+00 0.000000000000000e+00
MB1 3.520000000000002e+01 -3.015443206245856e-01 -1.651943126437229e-02 1.049532876713317e+01 -3.141592653589793e-02 0.000000000000000e+00 0.000000000000000e+00
QB32 3.540000000000003e+01 -3.078264724402112e-01 -1.651943126437229e-02 1.069523007920631e+01 -3.141592653589793e-02 0.000000000000000e+00 0.000000000000000e+00
LM0 3.590000000000003e+01 -3.235318519792754e-01 -1.651943126437229e-02 1.119498335938918e+01 -3.141592653589793e-02 0.000000000000000e+00 0.000000000000000e+00
LM0 3.640000000000003e+01 -3.392372315183395e-01 -1.651943126437229e-02 1.169473663957205e+01 -3.141592653589793e-02 0.000000000000000e+00 0.000000000000000e+00
LM0 3.690000000000003e+01 -3.549426110574037e-01 -1.651943126437229e-02 1.219448991975491e+01 -3.141592653589793e-02 0.000000000000000e+00 0.000000000000000e+00
LM0 3.740000000000003e+01 -3.706479905964678e-01 -1.651943126437229e-02 1.269424319993778e+01 -3.141592653589793e-02 0.000000000000000e+00 0.000000000000000e+00
LM0 3.790000000000003e+01 -3.863533701355319e-01 -1.651943126437229e-02 1.319399648012064e+01 -3.141592653589793e-02 0.000000000000000e+00 0.000000000000000e+00
QB31 3.810000000000003e+01 -3.926355219511576e-01 -1.651943126437229e-02 1.339389779219379e+01 -3.141592653589793e-02 0.000000000000000e+00 0.000000000000000e+00
QB31 3.830000000000003e+01 -3.989176737667832e-01 -1.651943126437229e-02 1.359379910426694e+01 -3.141592653589793e-02 0.000000000000000e+00 0.000000000000000e+00
LM0 3.880000000000003e+01 -4.146230533058474e-01 -1.651943126437229e-02 1.409355238444980e+01 -3.141592653589793e-02 0.000000000000000e+00 0.000000000000000e+00
LM0 3.930000000000003e+01 -4.303284328449115e-01 -1.651943126437229e-02 1.459330566463267e+01 -3.141592653589793e-02 0.000000000000000e+00 0.000000000000000e+00
LM0 3.980000000000003e+01 -4.460338123839757e-01 -1.651943126437229e-02 1.509305894481553e+01 -3.141592653589793e-02 0.000000000000000e+00 0.000000000000000e+00
LM0 4.030000000000003e+01 -4.617391919230398e-01 -1.651943126437229e-02 1.559281222499840e+01 -3.141592653589793e-02 0.000000000000000e+00 0.000000000000000e+00
LM0 4.080000000000003e+01 -4.774445714621040e-01 -1.651943126437229e-02 1.609256550518126e+01 -3.141592653589793e-02 0.000000000000000e+00 0.000000000000000e+00
LM0 4.130000000000003e+01 -4.931499510011681e-01 -1.651943126437229e-02 1.659231878536413e+01 -3.141592653589793e-02 0.000000000000000e+00 0.000000000000000e+00
LM0 4.180000000000003e+01 -5.088553305402322e-01 -1.651943126437229e-02 1.709207206554699e+01 -3.141592653589793e-02 0.000000000000000e+00 0.000000000000000e+00
LM0 4.230000000000003e+01 -5.245607100792964e-01 -1.651943126437229e-02 1.759182534572986e+01 -3.141592653589793e-02 0.000000000000000e+00 0.000000000000000e+00
LM0 4.280000000000003e+01 -5.402660896183605e-01 -1.651943126437229e-02 1.809157862591272e+01 -3.141592653589793e-02 0.000000000000000e+00 0.000000000000000e+00
LM0 4.330000000000003e+01 -5.559714691574247e-01 -1.651943126437229e-02 1.859133190609559e+01 -3.141592653589793e-02 0.000000000000000e+00 0.000000000000000e+00
LM0 4.380000000000003e+01 -5.716768486964888e-01 -1.651943126437229e-02 1.909108518627846e+01 -3.141592653589793e-02 0.000000000000000e+00 0.000000000000000e+00
LM0 4.430000000000003e+01 -5.873822282355530e-01 -1.651943126437229e-02 1.959083846646132e+01 -3.141592653589793e-02 0.000000000000000e+00 0.000000000000000e+00
LM1 4.440000000000003e+01 -5.905233041433658e-01 -1.651943126437229e-02 1.969078912249789e+01 -3.141592653589793e-02 0.000000000000000e+00 0.000000000000000e+00
B31 4.480000000000003e+01 -6.062270689979705e-01 -1.651943126437229e-02 2.009047662784215e+01 -4.712388980384691e-02 0.000000000000000e+00 0.000000000000000e+00
MB2 4.480000000000003e+01 -6.062270689979705e-01 -1.651943126437229e-02 2.009047662784215e+01 -4.712388980384691e-02 0.000000000000000e+00 0.000000000000000e+00
B31 4.520000000000003e+01 -6.282069149900887e-01 -1.651943126437229e-02 2.048986816071320e+01 -6.283185307179588e-02 0.000000000000000e+00 0.000000000000000e+00
MM0 4.520000000000003e+01 -6.282069149900887e-01 -1.651943126437229e-02 2.048986816071320e+01 -6.283185307179588e-02 0.000000000000000e+00 0.000000000000000e+00
