0.000000000000000e+00 0.000000000000000e+00 0.000000000000000e+00 0.000000000000000e+00 0.000000000000000e+00 0.000000000000000e+00 0.000000000000000e+00 0.000000000000000e+00 0.000000000000000e+00 0.000000000000000e+00 0.000000000000000e+00
0.000000000000000e+00 0.000000000000000e+00 0.000000000000000e+00 0.000000000000000e+00 0.000000000000000e+00 0.000000000000000e+00 0.000000000000000e+00 0.000000000000000e+00 0.000000000000000e+00 0.000000000000000e+00 0.000000000000000e+00
0.000000000000000e+00 0.000000000000000e+00 0.000000000000000e+00 0.000000000000000e+00 0.000000000000000e+00 0.000000000000000e+00 0.000000000000000e+00 0.000000000000000e+00 0.000000000000000e+00 0.000000000000000e+00 0.000000000000000e+00
1.000000000000000e-01 0.000000000000000e+00 3.930232875259954e-24 3.930232875259954e-24 0.000000000000000e+00 3.828588921589437e-24 3.828588921589437e-24 1.000000000000000e-01 0.000000000000000e+00 0.000000000000000e+00 0.000000000000000e+00
2.000000000000000e-01 0.000000000000000e+00 -6.776263578034403e-26 -6.776263578034403e-26 0.000000000000000e+00 6.098637220230963e-25 6.098637220230963e-25 2.000000000000000e-01 0.000000000000000e+00 0.000000000000000e+00 0.000000000000000e+00
3.000000000000000e-01 0.000000000000000e+00 -7.047314121155778e-24 -7.047314121155778e-24 0.000000000000000e+00 -2.032879073410321e-25 -2.032879073410321e-25 3.000000000000000e-01 0.000000000000000e+00 0.000000000000000e+00 0.000000000000000e+00
4.000000000000000e-01 0.000000000000000e+00 -9.486769009248164e-24 -9.486769009248164e-24 0.000000000000000e+00 2.032879073410321e-25 2.032879073410321e-25 4.000000000000000e-01 0.000000000000000e+00 0.000000000000000e+00 0.000000000000000e+00
5.000000000000000e-01 0.000000000000000e+00 -1.382357769919018e-23 -1.382357769919018e-23 0.000000000000000e+00 -1.524659305057741e-24 -1.524659305057741e-24 5.000000000000000e-01 0.000000000000000e+00 0.000000000000000e+00 0.000000000000000e+00
6.000000000000000e-01 0.000000000000000e+00 -1.707618421664670e-23 -1.707618421664670e-23 0.000000000000000e+00 -2.710505431213761e-25 -2.710505431213761e-25 6.000000000000000e-01 0.000000000000000e+00 0.000000000000000e+00 0.000000000000000e+00
7.000000000000000e-01 0.000000000000000e+00 -2.520770051028798e-23 -2.520770051028798e-23 0.000000000000000e+00 1.795709848179117e-24 1.795709848179117e-24 7.000000000000000e-01 0.000000000000000e+00 0.000000000000000e+00 0.000000000000000e+00
7.999999999999999e-01 0.000000000000000e+00 -2.995108501491206e-23 -2.995108501491206e-23 0.000000000000000e+00 -2.439454888092385e-24 -2.439454888092385e-24 7.999999999999999e-01 0.000000000000000e+00 0.000000000000000e+00 0.000000000000000e+00
8.999999999999999e-01 0.000000000000000e+00 -3.245830253878479e-23 -3.245830253878479e-23 0.000000000000000e+00 -2.303929616531697e-24 -2.303929616531697e-24 8.999999999999999e-01 0.000000000000000e+00 0.000000000000000e+00 0.000000000000000e+00
1.150000000000000e+00 0.000000000000000e+00 -3.611748487092336e-23 -3.611748487092336e-23 0.000000000000000e+00 -1.219727444046193e-24 -1.219727444046193e-24 1.150000000000000e+00 0.000000000000000e+00 0.000000000000000e+00 0.000000000000000e+00
1.550000000000000e+00 -6.123233958522989e-22 -4.915061819999941e-18 -4.915674143395794e-18 -9.999999939225290e-06 8.769662148365059e-12 -9.999991169563143e-06 1.549999999833333e+00 -3.061617000419731e-21 -7.654042504205367e-26 -5.000000000000000e-05
1.950000000000000e+00 -2.449293589066008e-21 -1.002922591709140e-17 -1.003167521068046e-17 -3.999999984928391e-05 1.733954297229660e-11 -3.999998250974094e-05 1.949999998666667e+00 -6.123234016147546e-21 -3.061617010937410e-25 -1.000000000000000e-04
2.200000000000000e+00 -3.980102085448852e-21 -1.002922063160581e-17 -1.003320073369126e-17 -6.499999980761725e-05 1.708933335732469e-11 -6.499998271828390e-05 2.199999997416667e+00 -6.123234016147546e-21 -3.061617010937410e-25 -1.000000000000000e-04
2.450000000000000e+00 -5.510910581831696e-21 -1.002922808549574e-17 -1.003473899607758e-17 -8.999999976595059e-05 1.683912374234381e-11 -8.999998292682685e-05 2.449999996166667e+00 -6.123234016147546e-21 -3.061617010937410e-25 -1.000000000000000e-04
2.850000000000000e+00 -8.572527567814389e-21 -1.559155656959046e-17 -1.560012909715827e-17 -1.399999995718426e-04 2.521346454827787e-11 -1.399999743583780e-04 2.849999993000000e+00 -9.184851062491532e-21 -6.888638310253281e-25 -1.500000000000000e-04
3.250000000000000e+00 -1.285879133891203e-20 -2.135302907256033e-17 -2.136588786389924e-17 -2.099999991485679e-04 3.337010947814330e-11 -2.099999657784584e-04 3.249999986833334e+00 -1.224646815475977e-20 -1.224646819620591e-24 -2.000000000000000e-04
3.500000000000000e+00 -1.592040831636963e-20 -2.135301999236713e-17 -2.136894040068350e-17 -2.599999988152345e-04 3.286964257244027e-11 -2.599999659455920e-04 3.499999981833334e+00 -1.224646815475977e-20 -1.224646819620591e-24 -2.000000000000000e-04
3.750000000000000e+00 -1.898202529382723e-20 -2.135304018563260e-17 -2.137202221092642e-17 -3.099999984819012e-04 3.236917566674924e-11 -3.099999661127256e-04 3.749999976833334e+00 -1.224646815475977e-20 -1.224646819620591e-24 -2.000000000000000e-04
4.149999999999999e+00 -2.449293583932415e-20 -2.756264082259558e-17 -2.758713375843490e-17 -3.999999976544599e-04 4.035917304093132e-11 -3.999999572952868e-04 4.149999966666667e+00 -1.530808530826036e-20 -1.913510673576819e-24 -2.500000000000000e-04
4.550000000000000e+00 -3.122849314544308e-20 -3.397136179539252e-17 -3.400259028853796e-17 -5.099999961978519e-04 4.812183781754261e-11 -5.099999480760141e-04 4.549999951500000e+00 -1.836970253830138e-20 -2.755455401504809e-24 -3.000000000000000e-04
4.800000000000000e+00 -3.582091857335927e-20 -3.397143267510955e-17 -3.400725359368290e-17 -5.849999950728519e-04 4.737107470499167e-11 -5.849999477017772e-04 4.799999940250000e+00 -1.836970253830138e-20 -2.755455401504809e-24 -3.000000000000000e-04
5.050000000000000e+00 -4.041334400127547e-20 -3.397150538441774e-17 -3.401191872841901e-17 -6.599999939478520e-04 4.662031159241660e-11 -6.599999473275404e-04 5.049999929000000e+00 -1.836970253830138e-20 -2.755455401504809e-24 -3.000000000000000e-04
5.450000000000000e+00 -4.837354805117751e-20 -4.082833118086108e-17 -4.087670472891225e-17 -7.899999915870773e-04 5.421658641553580e-11 -7.899999373704909e-04 5.449999907833334e+00 -2.143131986019092e-20 -3.750481013928873e-24 -3.500000000000000e-04
5.850000000000001e+00 -5.755839882496215e-20 -4.788435086947951e-17 -4.794190926830448e-17 -9.399999879971360e-04 6.159509434433321e-11 -9.399999264020416e-04 5.849999879666668e+00 -2.449293728923707e-20 -4.898587523286831e-24 -4.000000000000001e-04
6.100000000000001e+00 -6.368163265741268e-20 -4.788448463292254e-17 -4.794816626557995e-17 -1.039999985330469e-03 6.059408846250631e-11 -1.039999924736381e-03 6.099999859666668e+00 -2.449293728923707e-20 -4.898587523286831e-24 -4.000000000000001e-04
6.350000000000001e+00 -6.980486648986321e-20 -4.788460538593950e-17 -4.795441025242937e-17 -1.139999982663803e-03 5.959308258067271e-11 -1.139999923070720e-03 6.349999839666668e+00 -2.449293728923707e-20 -4.898587523286831e-24 -4.000000000000001e-04
6.750000000000001e+00 -8.021436396456833e-20 -5.538869699944467e-17 -5.546891136340924e-17 -1.309999977469695e-03 6.677216036148858e-11 -1.309999910697535e-03 6.749999803500002e+00 -2.755455484074793e-20 -6.199774943930018e-24 -4.500000000000000e-04
7.150000000000001e+00 -9.184850811417019e-20 -6.309198440247873e-17 -6.318383291059290e-17 -1.499999970246420e-03 7.374952954273070e-11 -1.499999896496891e-03 7.149999758333337e+00 -3.061617253003158e-20 -7.654043292123279e-24 -5.000000000000000e-04
7.400000000000001e+00 -9.950255028992272e-20 -6.309209729502994e-17 -6.319159984531986e-17 -1.624999965038087e-03 7.249826401419733e-11 -1.624999892539823e-03 7.399999727083338e+00 -3.061617253003158e-20 -7.654043292123279e-24 -5.000000000000000e-04
7.500000000000001e+00 -1.025641671602237e-19 -6.309213253160055e-17 -6.319469669876077e-17 -1.674999962954754e-03 7.199775780278199e-11 -1.674999890956996e-03 7.499999714583338e+00 -3.061617253003158e-20 -7.654043292123279e-24 -5.000000000000000e-04
7.600000000000001e+00 -1.056257840305247e-19 -6.309217251155566e-17 -6.319779829558619e-17 -1.724999960871420e-03 7.149725159137133e-11 -1.724999889374169e-03 7.599999702083339e+00 -3.061617253003158e-20 -7.654043292123279e-24 -5.000000000000000e-04
7.700000000000000e+00 -1.086874009008258e-19 -6.309221425333930e-17 -6.320090165424012e-17 -1.774999958788087e-03 7.099674537995254e-11 -1.774999887791342e-03 7.699999689583339e+00 -3.061617253003158e-20 -7.654043292123279e-24 -5.000000000000000e-04
7.800000000000000e+00 -1.117490177711268e-19 -6.309225667274930e-17 -6.320400569052042e-17 -1.824999956704754e-03 7.049623916854013e-11 -1.824999886208514e-03 7.799999677083339e+00 -3.061617253003158e-20 -7.654043292123279e-24 -5.000000000000000e-04
7.899999999999999e+00 -1.148106346414278e-19 -6.309228730146067e-17 -6.320709793610210e-17 -1.874999954621420e-03 6.999573295711365e-11 -1.874999884625687e-03 7.899999664583340e+00 -3.061617253003158e-20 -7.654043292123279e-24 -5.000000000000000e-04
7.999999999999999e+00 -1.178722515117288e-19 -6.309232186040492e-17 -6.321019411191665e-17 -1.924999952538087e-03 6.949522674568751e-11 -1.924999883042860e-03 7.999999652083340e+00 -3.061617253003158e-20 -7.654043292123279e-24 -5.000000000000000e-04
8.100000000000000e+00 -1.209338683820298e-19 -6.288852166753739e-17 -6.300945553591942e-17 -1.974999950454753e-03 4.750323121793327e-06 -1.970249627332960e-03 8.099999639583340e+00 -3.061617253003158e-20 -7.654043292123279e-24 -5.000000000000000e-04
8.199999999999999e+00 -1.239954852523308e-19 -6.227218888384556e-17 -6.239618436909789e-17 -2.024999948371420e-03 1.897817936480324e-05 -2.006021769006617e-03 8.199999627083340e+00 -3.061617253003158e-20 -7.654043292123279e-24 -5.000000000000000e-04
8.299999999999999e+00 -1.270571021226318e-19 -6.144617224702799e-17 -6.157322934915062e-17 -2.074999946288087e-03 3.792576361661825e-05 -2.037074182671468e-03 8.299999614583340e+00 -3.061617253003158e-20 -7.654043292123279e-24 -5.000000000000000e-04
8.399999999999999e+00 -1.301187189929328e-19 -6.062017597288247e-17 -6.075029469187540e-17 -2.124999944204753e-03 5.687334786843327e-05 -2.068126596336320e-03 8.399999602083341e+00 -3.061617253003158e-20 -7.654043292123279e-24 -5.000000000000000e-04
8.499999999999998e+00 -1.331803358632338e-19 -5.979417603955463e-17 -5.992735637541787e-17 -2.174999942121420e-03 7.582093212024829e-05 -2.099179010001171e-03 8.499999589583341e+00 -3.061617253003158e-20 -7.654043292123279e-24 -5.000000000000000e-04
8.599999999999998e+00 -1.362419527335348e-19 -5.896817569965096e-17 -5.910441765238450e-17 -2.224999940038087e-03 9.476851637206330e-05 -2.130231423666023e-03 8.599999577083342e+00 -3.061617253003158e-20 -7.654043292123279e-24 -5.000000000000000e-04
8.699999999999998e+00 -1.393035696038358e-19 -5.814217102293861e-17 -5.828147459254245e-17 -2.274999937954753e-03 1.137161006238783e-04 -2.161283837330875e-03 8.699999564583342e+00 -3.061617253003158e-20 -7.654043292123279e-24 -5.000000000000000e-04
8.799999999999997e+00 -1.423651864741368e-19 -5.731616106074066e-17 -5.745852624721480e-17 -2.324999935871420e-03 1.326636848756933e-04 -2.192336250995726e-03 8.799999552083342e+00 -3.061617253003158e-20 -7.654043292123279e-24 -5.000000000000000e-04
8.899999999999997e+00 -1.454268033444378e-19 -5.649015624850304e-17 -5.663558305184747e-17 -2.374999933788086e-03 1.516112691275084e-04 -2.223388664660578e-03 8.899999539583343e+00 -3.061617253003158e-20 -7.654043292123279e-24 -5.000000000000000e-04
9.149999999999997e+00 -1.530808455201903e-19 -5.442516988300727e-17 -5.457825072852747e-17 -2.499999928579753e-03 1.989802297570459e-04 -2.301019698822707e-03 9.149999508333343e+00 -3.061617253003158e-20 -7.654043292123279e-24 -5.000000000000000e-04
9.549999999999997e+00 -1.659396363156035e-19 -5.423513455151503e-17 -5.440107418783063e-17 -2.709999918852312e-03 2.747705759432594e-04 -2.435229342909053e-03 9.549999453166677e+00 -3.367779037239615e-20 -9.261392586044974e-24 -5.500000000000000e-04
9.949999999999998e+00 -1.800230737246812e-19 -5.412549474234771e-17 -5.430551781607239e-17 -2.939999906095705e-03 3.505609215838890e-04 -2.589438984511816e-03 9.949999387000013e+00 -3.673940838314971e-20 -1.102182284578698e-23 -6.000000000000001e-04
1.020000000000000e+01 -1.892079241671952e-19 -5.206051562745397e-17 -5.224972355162117e-17 -3.089999897095705e-03 3.979298806557301e-04 -2.692070016439974e-03 1.019999934200001e+01 -3.673940838314971e-20 -1.102182284578698e-23 -6.000000000000001e-04
1.045000000000000e+01 -1.983927746097094e-19 -4.999553244680209e-17 -5.019392522141180e-17 -3.239999888095705e-03 4.452988397275713e-04 -2.794701048368133e-03 1.044999929700002e+01 -3.673940838314971e-20 -1.102182284578698e-23 -6.000000000000001e-04
1.085000000000000e+01 -2.137008585972428e-19 -5.006672397359687e-17 -5.028042483219412e-17 -3.489999871734930e-03 5.210891854394225e-04 -2.968910686295507e-03 1.084999921883335e+01 -3.980102657760038e-20 -1.293533409335467e-23 -6.500000000000000e-04
1.125000000000000e+01 -2.302335891249618e-19 -5.021827958085357e-17 -5.044851316997853e-17 -3.759999851144989e-03 5.968795300011157e-04 -3.163120321143873e-03 1.124999912766669e+01 -4.286264497105628e-20 -1.500192635266696e-23 -7.000000000000001e-04
1.150000000000000e+01 -2.409492477423890e-19 -4.815339269090713e-17 -4.839434193864952e-17 -3.934999836853323e-03 6.442484867455329e-04 -3.290751350107790e-03 1.149999906641669e+01 -4.286264497105628e-20 -1.500192635266696e-23 -7.000000000000001e-04
1.175000000000000e+01 -2.516649063598162e-19 -4.608853222838865e-17 -4.634019713474846e-17 -4.109999822561656e-03 6.916174434899501e-04 -3.418382379071707e-03 1.174999900516669e+01 -4.286264497105628e-20 -1.500192635266696e-23 -7.000000000000001e-04
1.215000000000000e+01 -2.694222833863890e-19 -4.642093557016532e-17 -4.669035785355171e-17 -4.399999797067549e-03 7.674077875051456e-04 -3.632592009562403e-03 1.214999890000003e+01 -4.592426357882550e-20 -1.722159964955627e-23 -7.500000000000001e-04
1.255000000000000e+01 -2.884043068674221e-19 -4.683372928430659e-17 -4.712213359117401e-17 -4.709999765944275e-03 8.431981297575529e-04 -3.866801636186723e-03 1.254999877983337e+01 -4.898588241621616e-20 -1.959435401176852e-23 -8.000000000000001e-04
1.280000000000000e+01 -3.006507735526057e-19 -4.476864025841762e-17 -4.506929103197022e-17 -4.909999744610942e-03 8.905670834047500e-04 -4.019432661206192e-03 1.279999869983338e+01 -4.898588241621616e-20 -1.959435401176852e-23 -8.000000000000001e-04
1.305000000000000e+01 -3.128972402377894e-19 -4.270353639251141e-17 -4.301643363274920e-17 -5.109999723277610e-03 9.379360370519472e-04 -4.172063686225663e-03 1.304999861983338e+01 -4.898588241621616e-20 -1.959435401176852e-23 -8.000000000000001e-04
1.345000000000000e+01 -3.331039101258278e-19 -4.329717194582333e-17 -4.363027585594916e-17 -5.439999685750170e-03 1.013726378129799e-03 -4.426273307620372e-03 1.344999848366672e+01 -5.204750149853640e-20 -2.212018946896317e-23 -8.500000000000002e-04
1.385000000000000e+01 -3.545352263703547e-19 -4.397116422735119e-17 -4.432569945372154e-17 -5.789999640993564e-03 1.089516716822569e-03 -4.700482924170996e-03 1.384999833050007e+01 -5.510912084109433e-20 -2.479910605271319e-23 -9.000000000000001e-04
1.410000000000000e+01 -3.683125010008302e-19 -4.190607777644238e-17 -4.227439027744321e-17 -6.014999610618565e-03 1.136885666602861e-03 -4.878113944015704e-03 1.409999822925007e+01 -5.510912084109433e-20 -2.479910605271319e-23 -9.000000000000001e-04
1.435000000000000e+01 -3.820897756313057e-19 -3.984101639770881e-17 -4.022310617334011e-17 -6.239999580243566e-03 1.184254616383155e-03 -5.055744963860412e-03 1.434999812800008e+01 -5.510912084109433e-20 -2.479910605271319e-23 -9.000000000000001e-04
1.475000000000000e+01 -4.047457381787430e-19 -4.069592559940776e-17 -4.110067133758651e-17 -6.609999527382794e-03 1.260044953315464e-03 -5.349954574067331e-03 1.474999795683343e+01 -5.817074045919809e-20 -2.763110379650506e-23 -9.500000000000001e-04
1.515000000000000e+01 -4.286263469724506e-19 -4.163114040241396e-17 -4.205976674938641e-17 -6.999999465492856e-03 1.335835287231382e-03 -5.664164178261473e-03 1.514999776666677e+01 -6.123236036815583e-20 -3.061618273573881e-23 -1.000000000000000e-03
1.540000000000000e+01 -4.439344294104452e-19 -3.956629647397860e-17 -4.001023090338905e-17 -7.249999423826191e-03 1.383204232375005e-03 -5.866795191451186e-03 1.539999764166678e+01 -6.123236036815583e-20 -3.061618273573881e-23 -1.000000000000000e-03
1.550000000000000e+01 -4.500576623856431e-19 -3.874037504366431e-17 -3.919043270604995e-17 -7.349999407159525e-03 1.402151810432455e-03 -5.947847596727071e-03 1.549999759166679e+01 -6.123236036815583e-20 -3.061618273573881e-23 -1.000000000000000e-03
1.560000000000000e+01 -4.561808953608409e-19 -3.791446038961359e-17 -3.837064128497443e-17 -7.449999390492859e-03 1.421099388489904e-03 -6.028900002002955e-03 1.559999754166679e+01 -6.123236036815583e-20 -3.061618273573881e-23 -1.000000000000000e-03
1.570000000000000e+01 -4.623041283360387e-19 -3.708852893042919e-17 -3.755083305876523e-17 -7.549999373826193e-03 1.440046966547353e-03 -6.109952407278840e-03 1.569999749166680e+01 -6.123236036815583e-20 -3.061618273573881e-23 -1.000000000000000e-03
1.580000000000000e+01 -4.684273613112365e-19 -3.626261041390824e-17 -3.673103777521947e-17 -7.649999357159527e-03 1.458994544604802e-03 -6.191004812554725e-03 1.579999744166680e+01 -6.123236036815583e-20 -3.061618273573881e-23 -1.000000000000000e-03
1.590000000000000e+01 -4.745505942864343e-19 -3.543668728952804e-17 -3.591123788381447e-17 -7.749999340492861e-03 1.477942122662251e-03 -6.272057217830610e-03 1.589999739166681e+01 -6.123236036815583e-20 -3.061618273573881e-23 -1.000000000000000e-03
1.600000000000000e+01 -4.806738272616322e-19 -3.461075894742489e-17 -3.509143277468653e-17 -7.849999323826195e-03 1.496889700719700e-03 -6.353109623106494e-03 1.599999734166681e+01 -6.123236036815583e-20 -3.061618273573881e-23 -1.000000000000000e-03
1.610000000000000e+01 -4.867970602368300e-19 -3.345956382105756e-17 -3.394636088129439e-17 -7.949999307159530e-03 1.503910443571390e-03 -6.446088863588139e-03 1.609999729166681e+01 -6.123236036815583e-20 -3.061618273573881e-23 -1.000000000000000e-03
1.620000000000000e+01 -4.929202932120278e-19 -3.166413393420817e-17 -3.215705422742019e-17 -8.049999290492865e-03 1.487080922578118e-03 -6.562918367914746e-03 1.619999724166682e+01 -6.123236036815583e-20 -3.061618273573881e-23 -1.000000000000000e-03
1.670000000000000e+01 -5.235364580880169e-19 -2.109642660758950e-17 -2.161996306567751e-17 -8.549999207159535e-03 1.343220305630771e-03 -7.206778901528764e-03 1.669999699166684e+01 -6.123236036815583e-20 -3.061618273573881e-23 -1.000000000000000e-03
1.720000000000000e+01 -5.541526229640060e-19 -1.052860781143496e-17 -1.108276043439897e-17 -9.049999123826206e-03 1.199359688683424e-03 -7.850639435142782e-03 1.719999674166686e+01 -6.123236036815583e-20 -3.061618273573881e-23 -1.000000000000000e-03
1.770000000000000e+01 -5.847687878399951e-19 3.915203122643873e-20 -5.456167566135563e-19 -9.549999040492876e-03 1.055499071736077e-03 -8.494499968756800e-03 1.769999649166688e+01 -6.123236036815583e-20 -3.061618273573881e-23 -1.000000000000000e-03
1.820000000000000e+01 -6.153849527159842e-19 1.060694426442774e-17 9.991559311711760e-18 -1.004999895715955e-02 9.116384547887297e-04 -9.138360502370817e-03 1.819999624166691e+01 -6.123236036815583e-20 -3.061618273573881e-23 -1.000000000000000e-03
1.870000000000000e+01 -6.460011175919733e-19 2.117482716403572e-17 2.052882604644375e-17 -1.054999887382622e-02 7.677778378413826e-04 -9.782221035984836e-03 1.869999599166693e+01 -6.123236036815583e-20 -3.061618273573881e-23 -1.000000000000000e-03
1.920000000000000e+01 -6.766172824679623e-19 3.174271209652278e-17 3.106609481405482e-17 -1.104999879049289e-02 6.239172208940355e-04 -1.042608156959885e-02 1.919999574166695e+01 -6.123236036815583e-20 -3.061618273573881e-23 -1.000000000000000e-03
1.970000000000000e+01 -7.072334473439514e-19 4.231055420302402e-17 4.160332075568007e-17 -1.154999870715956e-02 4.800566039466884e-04 -1.106994210321287e-02 1.969999549166697e+01 -6.123236036815583e-20 -3.061618273573881e-23 -1.000000000000000e-03
2.020000000000000e+01 -7.378496122199405e-19 5.287836709535890e-17 5.214051748313896e-17 -1.204999862382623e-02 3.361959869993413e-04 -1.171380263682689e-02 2.019999524166699e+01 -6.123236036815583e-20 -3.061618273573881e-23 -1.000000000000000e-03
2.070000000000000e+01 -7.684657770959296e-19 6.344620582219868e-17 6.267774004510274e-17 -1.254999854049290e-02 1.923353700519942e-04 -1.235766317044091e-02 2.069999499166702e+01 -6.123236036815583e-20 -3.061618273573881e-23 -1.000000000000000e-03
2.120000000000000e+01 -7.990819419719187e-19 7.401399677638023e-17 7.321491483440832e-17 -1.304999845715957e-02 4.847475310464713e-05 -1.300152370405492e-02 2.119999474166704e+01 -6.123236036815583e-20 -3.061618273573881e-23 -1.000000000000000e-03
2.170000000000000e+01 -8.296981068479078e-19 8.458179371908473e-17 8.375209561223683e-17 -1.354999837382624e-02 -9.538586384269996e-05 -1.364538423766894e-02 2.169999449166706e+01 -6.123236036815583e-20 -3.061618273573881e-23 -1.000000000000000e-03
2.220000000000000e+01 -8.603142717238969e-19 9.514966561996989e-17 9.428935134824600e-17 -1.404999829049291e-02 -2.392464807900470e-04 -1.428924477128296e-02 2.219999424166708e+01 -6.123236036815583e-20 -3.061618273573881e-23 -1.000000000000000e-03
2.270000000000000e+01 -8.909304365998861e-19 1.057175536123635e-16 1.048266231757636e-16 -1.454999820715958e-02 -3.831070977373942e-04 -1.493310530489698e-02 2.269999399166710e+01 -6.123236036815583e-20 -3.061618273573881e-23 -1.000000000000000e-03
2.320000000000000e+01 -9.215466014758753e-19 1.162855069522901e-16 1.153639603508143e-16 -1.504999812382625e-02 -5.269677146847412e-04 -1.557696583851099e-02 2.319999374166713e+01 -6.123236036815583e-20 -3.061618273573881e-23 -1.000000000000000e-03
2.370000000000000e+01 -9.521627663518645e-19 1.268534565419784e-16 1.259012937756266e-16 -1.554999804049292e-02 -6.708283316320883e-04 -1.622082637212501e-02 2.369999349166715e+01 -6.123236036815583e-20 -3.061618273573881e-23 -1.000000000000000e-03
2.380000000000000e+01 -9.582859993270624e-19 1.289670410342465e-16 1.280087550349195e-16 -1.564999802382626e-02 -6.996004550215577e-04 -1.634959847884782e-02 2.379999344166715e+01 -6.123236036815583e-20 -3.061618273573881e-23 -1.000000000000000e-03
2.390000000000000e+01 -9.644092323022603e-19 1.310806308035299e-16 1.301162215712277e-16 -1.574999800715959e-02 -7.283725784110271e-04 -1.647837058557062e-02 2.389999339166716e+01 -6.123236036815583e-20 -3.061618273573881e-23 -1.000000000000000e-03
2.400000000000000e+01 -9.705324652774582e-19 1.331942156250821e-16 1.322236831598046e-16 -1.584999799049293e-02 -7.571447018004966e-04 -1.660714269229343e-02 2.399999334166716e+01 -6.123236036815583e-20 -3.061618273573881e-23 -1.000000000000000e-03
2.410000000000000e+01 -9.766556982526561e-19 1.356215541769673e-16 1.346448984787146e-16 -1.594999797382626e-02 -7.438195842622285e-04 -1.669381755808849e-02 2.409999329166716e+01 -6.123236036815583e-20 -3.061618273573881e-23 -1.000000000000000e-03
2.420000000000001e+01 -9.827789312278541e-19 1.386886881917756e-16 1.377059092605477e-16 -1.604999795715960e-02 -6.464104920048846e-04 -1.669640844916448e-02 2.419999324166717e+01 -6.123236036815583e-20 -3.061618273573881e-23 -1.000000000000000e-03
2.430000000000001e+01 -9.889021642030520e-19 1.420822972113495e-16 1.410933950471464e-16 -1.614999794049293e-02 -5.070822738018928e-04 -1.665708021429483e-02 2.429999319166717e+01 -6.123236036815583e-20 -3.061618273573881e-23 -1.000000000000000e-03
2.440000000000001e+01 -9.950253971782499e-19 1.454759096762299e-16 1.444808842790517e-16 -1.624999792382627e-02 -3.677540555989008e-04 -1.661775197942517e-02 2.439999314166718e+01 -6.123236036815583e-20 -3.061618273573881e-23 -1.000000000000000e-03
2.450000000000001e+01 -1.001148630153448e-18 1.488695125188161e-16 1.478683638886626e-16 -1.634999790715960e-02 -2.284258373959089e-04 -1.657842374455551e-02 2.449999309166718e+01 -6.123236036815583e-20 -3.061618273573881e-23 -1.000000000000000e-03
2.460000000000001e+01 -1.007271863128646e-18 1.522631218666152e-16 1.512558500034866e-16 -1.644999789049294e-02 -8.909761919291698e-05 -1.653909550968585e-02 2.459999304166719e+01 -6.123236036815583e-20 -3.061618273573881e-23 -1.000000000000000e-03
2.470000000000001e+01 -1.014599175715289e-18 7.784532282141126e-17 7.683072364569597e-17 -1.656966198616109e-02 5.023057241369060e-05 -1.651943141374740e-02 2.469999296942522e+01 -8.531400290153307e-20 -5.943326323952490e-23 -1.393282500000000e-03
2.470000000000001e+01 -1.014599175715289e-18 -3.184505068497268e-22 -1.014917626222139e-18 -1.656966198616109e-02 2.909856329415955e-20 -1.656966198616109e-02 2.469999296942522e+01 -8.531400290153307e-20 -5.943326323952490e-23 -1.393282500000000e-03
2.470000000000001e+01 0.000000000000000e+00 -3.184505068497268e-22 -3.184505068497268e-22 -1.651943126437229e-02 2.909856329415955e-20 -1.651943126437229e-02 0.000000000000000e+00 0.000000000000000e+00 0.000000000000000e+00 0.000000000000000e+00
2.480000000000001e+01 0.000000000000000e+00 -3.046099884915915e-22 -3.046099884915915e-22 -1.651943126437229e-02 3.104553882715818e-19 -1.651943126437229e-02 1.000000000000000e-01 0.000000000000000e+00 0.000000000000000e+00 0.000000000000000e+00
2.490000000000002e+01 0.000000000000000e+00 -2.877879141591211e-22 -2.877879141591211e-22 -1.651943126437229e-02 5.918139750775344e-19 -1.651943126437229e-02 2.000000000000000e-01 0.000000000000000e+00 0.000000000000000e+00 0.000000000000000e+00
2.500000000000002e+01 0.000000000000000e+00 -2.776743407689047e-22 -2.776743407689047e-22 -1.651943126437229e-02 8.731787960459787e-19 -1.651943126437229e-02 3.000000000000000e-01 0.000000000000000e+00 0.000000000000000e+00 0.000000000000000e+00
2.510000000000002e+01 0.000000000000000e+00 -2.714147672886955e-22 -2.714147672886955e-22 -1.651943126437229e-02 1.154539890069455e-18 -1.651943126437229e-02 4.000000000000000e-01 0.000000000000000e+00 0.000000000000000e+00 0.000000000000000e+00
2.520000000000002e+01 0.000000000000000e+00 -2.533306138648162e-22 -2.533306138648162e-22 -1.651943126437229e-02 1.435894512761215e-18 -1.651943126437229e-02 5.000000000000000e-01 0.000000000000000e+00 0.000000000000000e+00 0.000000000000000e+00
2.560000000000002e+01 -3.141528057711603e-03 -1.554060369824561e-10 -3.141528213117640e-03 -1.651943126437229e-02 -1.936746065646778e-15 -1.651943126437422e-02 8.999835508622659e-01 -1.570796326794897e-02 0.000000000000000e+00 0.000000000000000e+00
2.560000000000002e+01 -3.141528057711603e-03 -1.554060369824561e-10 -3.141528213117640e-03 -1.651943126437229e-02 -1.936746065646778e-15 -1.651943126437422e-02 8.999835508622659e-01 -1.570796326794897e-02 0.000000000000000e+00 0.000000000000000e+00
2.600000000000002e+01 -1.256533710580531e-02 -8.131764983528635e-09 -1.256534523757029e-02 -1.651943126437229e-02 -5.183686177207632e-15 -1.651943126437747e-02 1.299868411768439e+00 -3.141592653589793e-02 0.000000000000000e+00 0.000000000000000e+00
2.650000000000002e+01 -2.827071664486945e-02 -3.166542878901325e-08 -2.827074831029824e-02 -1.651943126437229e-02 7.859803385310568e-14 -1.651943126429369e-02 1.799621691951305e+00 -3.141592653589793e-02 0.000000000000000e+00 0.000000000000000e+00
2.700000000000002e+01 -4.397609618393360e-02 -5.519909259449784e-08 -4.397615138302619e-02 -1.651943126437229e-02 1.623797538820976e-13 -1.651943126420991e-02 2.299374972134171e+00 -3.141592653589793e-02 0.000000000000000e+00 0.000000000000000e+00
2.750000000000002e+01 -5.968147572299774e-02 -7.873275639998243e-08 -5.968155445575414e-02 -1.651943126437229e-02 2.461614739164127e-13 -1.651943126412613e-02 2.799128252317037e+00 -3.141592653589793e-02 0.000000000000000e+00 0.000000000000000e+00
2.800000000000002e+01 -7.538685526206189e-02 -1.022664202054670e-07 -7.538695752848210e-02 -1.651943126437229e-02 3.299431939509119e-13 -1.651943126404234e-02 3.298881532499903e+00 -3.141592653589793e-02 0.000000000000000e+00 0.000000000000000e+00
2.850000000000002e+01 -9.109223480112603e-02 -1.258000840109518e-07 -9.109236060121005e-02 -1.651943126437229e-02 4.137249139590255e-13 -1.651943126395856e-02 3.798634812682768e+00 -3.141592653589793e-02 0.000000000000000e+00 0.000000000000000e+00
2.900000000000002e+01 -1.067976143401902e-01 -1.493337478164365e-07 -1.067977636739380e-01 -1.651943126437229e-02 4.975066339859528e-13 -1.651943126387478e-02 4.298388092865634e+00 -3.141592653589793e-02 0.000000000000000e+00 0.000000000000000e+00
2.950000000000002e+01 -1.225029938792543e-01 -1.728674116219213e-07 -1.225031667466659e-01 -1.651943126437229e-02 5.812883540543996e-13 -1.651943126379100e-02 4.798141373048500e+00 -3.141592653589793e-02 0.000000000000000e+00 0.000000000000000e+00
3.000000000000002e+01 -1.382083734183185e-01 -1.964010754274058e-07 -1.382085698193939e-01 -1.651943126437229e-02 6.650700741607341e-13 -1.651943126370722e-02 5.297894653231365e+00 -3.141592653589793e-02 0.000000000000000e+00 0.000000000000000e+00
3.050000000000002e+01 -1.539137529573826e-01 -2.199347392328902e-07 -1.539139728921219e-01 -1.651943126437229e-02 7.488517943423784e-13 -1.651943126362344e-02 5.797647933414231e+00 -3.141592653589793e-02 0.000000000000000e+00 0.000000000000000e+00
3.100000000000002e+01 -1.696191324964468e-01 -2.434684030383747e-07 -1.696193759648498e-01 -1.651943126437229e-02 8.326335144807815e-13 -1.651943126353966e-02 6.297401213597096e+00 -3.141592653589793e-02 0.000000000000000e+00 0.000000000000000e+00
3.150000000000002e+01 -1.853245120355109e-01 -2.670020668438593e-07 -1.853247790375778e-01 -1.651943126437229e-02 9.164152345872938e-13 -1.651943126345587e-02 6.797154493779962e+00 -3.141592653589793e-02 0.000000000000000e+00 0.000000000000000e+00
3.200000000000001e+01 -2.010298915745751e-01 -2.905357306493440e-07 -2.010301821103057e-01 -1.651943126437229e-02 1.000196954665744e-12 -1.651943126337209e-02 7.296907773962827e+00 -3.141592653589793e-02 0.000000000000000e+00 0.000000000000000e+00
3.210000000000002e+01 -2.041709674823879e-01 -2.952424634104409e-07 -2.041712627248513e-01 -1.651943126437229e-02 1.016953298674605e-12 -1.651943126335534e-02 7.396858429999400e+00 -3.141592653589793e-02 0.000000000000000e+00 0.000000000000000e+00
3.230000000000002e+01 -2.104531192980136e-01 -3.004243403405406e-07 -2.104534197223539e-01 -1.651943126437229e-02 2.254832288266927e-13 -1.651943126414681e-02 7.596759742072547e+00 -3.141592653589793e-02 0.000000000000000e+00 0.000000000000000e+00
3.250000000000002e+01 -2.167352711136392e-01 -2.970851841921481e-07 -2.167355681988234e-01 -1.651943126437229e-02 -2.209108352227979e-12 -1.651943126658140e-02 7.796661054145694e+00 -3.141592653589793e-02 0.000000000000000e+00 0.000000000000000e+00
3.300000000000002e+01 -2.324406506527034e-01 -2.781146666077949e-07 -2.324409287673700e-01 -1.651943126437229e-02 -1.037959739469535e-11 -1.651943127475189e-02 8.296414334328560e+00 -3.141592653589793e-02 0.000000000000000e+00 0.000000000000000e+00
3.350000000000002e+01 -2.481460301917675e-01 -2.591441490234417e-07 -2.481462893359165e-01 -1.651943126437229e-02 -1.855008643715289e-11 -1.651943128292237e-02 8.796167614511425e+00 -3.141592653589793e-02 0.000000000000000e+00 0.000000000000000e+00
3.400000000000002e+01 -2.638514097308317e-01 -2.401736314390887e-07 -2.638516499044631e-01 -1.651943126437229e-02 -2.672057547953610e-11 -1.651943129109287e-02 9.295920894694291e+00 -3.141592653589793e-02 0.000000000000000e+00 0.000000000000000e+00
3.450000000000002e+01 -2.795567892698958e-01 -2.212031138547357e-07 -2.795570104730097e-01 -1.651943126437229e-02 -3.489106452188359e-11 -1.651943129926335e-02 9.795674174877156e+00 -3.141592653589793e-02 0.000000000000000e+00 0.000000000000000e+00
3.500000000000002e+01 -2.952621688089599e-01 -2.022325962703827e-07 -2.952623710415562e-01 -1.651943126437229e-02 -4.306155356424738e-11 -1.651943130743384e-02 1.029542745506002e+01 -3.141592653589793e-02 0.000000000000000e+00 0.000000000000000e+00
3.520000000000002e+01 -3.015443206245856e-01 -1.986365744458126e-07 -3.015445192611600e-01 -1.651943126437229e-02 -4.420066055729248e-11 -1.651943130857295e-02 1.049532876713317e+01 -3.141592653589793e-02 0.000000000000000e+00 0.000000000000000e+00
3.520000000000002e+01 -3.015443206245856e-01 -1.986365744458126e-07 -3.015445192611600e-01 -1.651943126437229e-02 -4.420066055729248e-11 -1.651943130857295e-02 1.049532876713317e+01 -3.141592653589793e-02 0.000000000000000e+00 0.000000000000000e+00
3.540000000000003e+01 -3.078264724402112e-01 -2.029820810261807e-07 -3.078266754222923e-01 -1.651943126437229e-02 -4.111669191922355e-11 -1.651943130548898e-02 1.069523007920631e+01 -3.141592653589793e-02 0.000000000000000e+00 0.000000000000000e+00
3.590000000000003e+01 -3.235318519792754e-01 -2.238509667625732e-07 -3.235320758302421e-01 -1.651943126437229e-02 -2.828256742203138e-11 -1.651943129265486e-02 1.119498335938918e+01 -3.141592653589793e-02 0.000000000000000e+00 0.000000000000000e+00
3.640000000000003e+01 -3.392372315183395e-01 -2.447198524989659e-07 -3.392374762381920e-01 -1.651943126437229e-02 -1.544844292486294e-11 -1.651943127982073e-02 1.169473663957205e+01 -3.141592653589793e-02 0.000000000000000e+00 0.000000000000000e+00
3.690000000000003e+01 -3.549426110574037e-01 -2.655887382353585e-07 -3.549428766461419e-01 -1.651943126437229e-02 -2.614318427645267e-12 -1.651943126698661e-02 1.219448991975491e+01 -3.141592653589793e-02 0.000000000000000e+00 0.000000000000000e+00
3.740000000000003e+01 -3.706479905964678e-01 -2.864576239717511e-07 -3.706482770540918e-01 -1.651943126437229e-02 1.021980606952964e-11 -1.651943125415248e-02 1.269424319993778e+01 -3.141592653589793e-02 0.000000000000000e+00 0.000000000000000e+00
3.790000000000003e+01 -3.863533701355319e-01 -3.073265097081439e-07 -3.863536774620416e-01 -1.651943126437229e-02 2.305393056681425e-11 -1.651943124131836e-02 1.319399648012064e+01 -3.141592653589793e-02 0.000000000000000e+00 0.000000000000000e+00
3.810000000000003e+01 -3.926355219511576e-01 -3.112771878455236e-07 -3.926358332283454e-01 -1.651943126437229e-02 2.850464606584033e-11 -1.651943123586764e-02 1.339389779219379e+01 -3.141592653589793e-02 0.000000000000000e+00 0.000000000000000e+00
3.830000000000003e+01 -3.989176737667832e-01 -3.064010923437914e-07 -3.989179801678756e-01 -1.651943126437229e-02 3.477916804278292e-11 -1.651943122959312e-02 1.359379910426694e+01 -3.141592653589793e-02 0.000000000000000e+00 0.000000000000000e+00
3.880000000000003e+01 -4.146230533058474e-01 -2.832406928541408e-07 -4.146233365465402e-01 -1.651943126437229e-02 5.174221241888588e-11 -1.651943121263008e-02 1.409355238444980e+01 -3.141592653589793e-02 0.000000000000000e+00 0.000000000000000e+00
3.930000000000003e+01 -4.303284328449115e-01 -2.600802933644903e-07 -4.303286929252049e-01 -1.651943126437229e-02 6.870525679492237e-11 -1.651943119566703e-02 1.459330566463267e+01 -3.141592653589793e-02 0.000000000000000e+00 0.000000000000000e+00
3.980000000000003e+01 -4.460338123839757e-01 -2.369198938748398e-07 -4.460340493038695e-01 -1.651943126437229e-02 8.566830117099583e-11 -1.651943117870399e-02 1.509305894481553e+01 -3.141592653589793e-02 0.000000000000000e+00 0.000000000000000e+00
4.030000000000003e+01 -4.617391919230398e-01 -2.137594943851891e-07 -4.617394056825342e-01 -1.651943126437229e-02 1.026313455470271e-10 -1.651943116174094e-02 1.559281222499840e+01 -3.141592653589793e-02 0.000000000000000e+00 0.000000000000000e+00
4.080000000000003e+01 -4.774445714621040e-01 -1.905990948955385e-07 -4.774447620611988e-01 -1.651943126437229e-02 1.195943899229880e-10 -1.651943114477790e-02 1.609256550518126e+01 -3.141592653589793e-02 0.000000000000000e+00 0.000000000000000e+00
4.130000000000003e+01 -4.931499510011681e-01 -1.674386954058878e-07 -4.931501184398635e-01 -1.651943126437229e-02 1.365574342989286e-10 -1.651943112781485e-02 1.659231878536413e+01 -3.141592653589793e-02 0.000000000000000e+00 0.000000000000000e+00
4.180000000000003e+01 -5.088553305402322e-01 -1.442782959162372e-07 -5.088554748185281e-01 -1.651943126437229e-02 1.535204786749576e-10 -1.651943111085181e-02 1.709207206554699e+01 -3.141592653589793e-02 0.000000000000000e+00 0.000000000000000e+00
4.230000000000003e+01 -5.245607100792964e-01 -1.211178964265866e-07 -5.245608311971928e-01 -1.651943126437229e-02 1.704835230510479e-10 -1.651943109388877e-02 1.759182534572986e+01 -3.141592653589793e-02 0.000000000000000e+00 0.000000000000000e+00
4.280000000000003e+01 -5.402660896183605e-01 -9.795749693693595e-08 -5.402661875758574e-01 -1.651943126437229e-02 1.874465674271273e-10 -1.651943107692572e-02 1.809157862591272e+01 -3.141592653589793e-02 0.000000000000000e+00 0.000000000000000e+00
4.330000000000003e+01 -5.559714691574247e-01 -7.479709744728533e-08 -5.559715439545221e-01 -1.651943126437229e-02 2.044096118032806e-10 -1.651943105996268e-02 1.859133190609559e+01 -3.141592653589793e-02 0.000000000000000e+00 0.000000000000000e+00
4.380000000000003e+01 -5.716768486964888e-01 -5.163669795763472e-08 -5.716769003331867e-01 -1.651943126437229e-02 2.213726561794406e-10 -1.651943104299963e-02 1.909108518627846e+01 -3.141592653589793e-02 0.000000000000000e+00 0.000000000000000e+00
4.430000000000003e+01 -5.873822282355530e-01 -2.847629846798409e-08 -5.873822567118514e-01 -1.651943126437229e-02 2.383357005556297e-10 -1.651943102603659e-02 1.959083846646132e+01 -3.141592653589793e-02 0.000000000000000e+00 0.000000000000000e+00
4.440000000000003e+01 -5.905233041433658e-01 -2.384421857005396e-08 -5.905233279875844e-01 -1.651943126437229e-02 2.417283094308643e-10 -1.651943102264398e-02 1.969078912249789e+01 -3.141592653589793e-02 0.000000000000000e+00 0.000000000000000e+00
4.480000000000003e+01 -6.062270689979705e-01 -5.460790542453106e-09 -6.062270744587611e-01 -1.651943126437229e-02 2.551038917067569e-10 -1.651943100926840e-02 2.009047662784215e+01 -4.712388980384689e-02 0.000000000000000e+00 0.000000000000000e+00
4.480000000000003e+01 -6.062270689979705e-01 -5.460790542453106e-09 -6.062270744587611e-01 -1.651943126437229e-02 2.551038917067569e-10 -1.651943100926840e-02 2.009047662784215e+01 -4.712388980384689e-02 0.000000000000000e+00 0.000000000000000e+00
4.520000000000003e+01 -6.282069149900887e-01 5.078209132745742e-09 -6.282069099118796e-01 -1.651943126437229e-02 2.684811997358866e-10 -1.651943099589109e-02 2.048986816071320e+01 -6.283185307179587e-02 0.000000000000000e+00 0.000000000000000e+00
4.520000000000003e+01 -6.282069149900887e-01 5.078209132745742e-09 -6.282069099118796e-01 -1.651943126437229e-02 2.684811997358866e-10 -1.651943099589109e-02 2.048986816071320e+01 -6.283185307179587e-02 0.000000000000000e+00 0.000000000000000e+00
4.570000000000003e+01 -6.596021747547455e-01 4.664024153849960e-09 -6.596021700907213e-01 -1.651943126437229e-02 2.852187165534418e-10 -1.651943097915357e-02 2.098888152492734e+01 -6.283185307179587e-02 0.000000000000000e+00 0.000000000000000e+00
4.620000000000003e+01 -6.909974345194022e-01 4.249839174954203e-09 -6.909974302695631e-01 -1.651943126437229e-02 3.019562333710376e-10 -1.651943096241605e-02 2.148789488914147e+01 -6.283185307179587e-02 0.000000000000000e+00 0.000000000000000e+00
4.670000000000003e+01 -7.223926942840589e-01 3.835654196058397e-09 -7.223926904484047e-01 -1.651943126437229e-02 3.186937501886176e-10 -1.651943094567854e-02 2.198690825335561e+01 -6.283185307179587e-02 0.000000000000000e+00 0.000000000000000e+00
4.720000000000003e+01 -7.537879540487157e-01 3.421469217162592e-09 -7.537879506272465e-01 -1.651943126437229e-02 3.354312670061652e-10 -1.651943092894102e-02 2.248592161756974e+01 -6.283185307179587e-02 0.000000000000000e+00 0.000000000000000e+00
4.740000000000003e+01 -7.663460579545783e-01 3.310609927073954e-09 -7.663460546439684e-01 -1.651943126437229e-02 3.332698312591340e-10 -1.651943093110246e-02 2.268552696325540e+01 -6.283185307179587e-02 0.000000000000000e+00 0.000000000000000e+00
4.760000000000004e+01 -7.789041618604410e-01 3.307528777851711e-09 -7.789041585529122e-01 -1.651943126437229e-02 3.135509379258170e-10 -1.651943095082135e-02 2.288513230894105e+01 -6.283185307179587e-02 0.000000000000000e+00 0.000000000000000e+00
4.810000000000004e+01 -8.102994216250977e-01 3.433691718891631e-09 -8.102994181914061e-01 -1.651943126437229e-02 2.428315198963482e-10 -1.651943102154077e-02 2.338414567315519e+01 -6.283185307179587e-02 0.000000000000000e+00 0.000000000000000e+00
4.860000000000004e+01 -8.416946813897545e-01 3.559854659931425e-09 -8.416946778298998e-01 -1.651943126437229e-02 1.721121018667051e-10 -1.651943109226019e-02 2.388315903736932e+01 -6.283185307179587e-02 0.000000000000000e+00 0.000000000000000e+00
4.910000000000004e+01 -8.730899411544112e-01 3.686017600971479e-09 -8.730899374683936e-01 -1.651943126437229e-02 1.013926838371626e-10 -1.651943116297961e-02 2.438217240158346e+01 -6.283185307179587e-02 0.000000000000000e+00 0.000000000000000e+00
4.960000000000004e+01 -9.044852009190679e-01 3.812180542011544e-09 -9.044851971068874e-01 -1.651943126437229e-02 3.067326580763114e-11 -1.651943123369902e-02 2.488118576579760e+01 -6.283185307179587e-02 0.000000000000000e+00 0.000000000000000e+00
4.970000000000004e+01 -9.107642115575749e-01 3.837421253240355e-09 -9.107642077201537e-01 -1.620527303255427e-02 2.512591693378726e-11 -1.620527300742836e-02 2.498098778196645e+01 -6.283185307179587e-02 1.208697826142736e-21 6.283185307179587e-03
4.980000000000004e+01 -9.170431395673965e-01 3.862653841450971e-09 -9.170431357047426e-01 -1.557695863599838e-02 3.637126675052038e-10 -1.557695827228571e-02 2.508078848478997e+01 -6.283185307179587e-02 1.208697826142736e-21 6.283185307179587e-03
4.990000000000004e+01 -9.233220675772180e-01 3.887886429661589e-09 -9.233220636893316e-01 -1.494864423944248e-02 7.022994180766258e-10 -1.494864353714307e-02 2.518058918761348e+01 -6.283185307179587e-02 1.208697826142736e-21 6.283185307179587e-03
5.000000000000004e+01 -9.296009955870396e-01 3.913119017872177e-09 -9.296009916739205e-01 -1.432032984288659e-02 1.040886168648048e-09 -1.432032880200042e-02 2.528038989043699e+01 -6.283185307179587e-02 1.208697826142736e-21 6.283185307179587e-03
5.010000000000004e+01 -9.358799235968611e-01 3.938351606082770e-09 -9.358799196585095e-01 -1.369201544633069e-02 1.379472919219477e-09 -1.369201406685777e-02 2.538019059326050e+01 -6.283185307179587e-02 1.208697826142736e-21 6.283185307179587e-03
5.020000000000005e+01 -9.421588516066827e-01 3.963584194293355e-09 -9.421588476430984e-01 -1.306370104977480e-02 1.718059669790911e-09 -1.306369933171513e-02 2.547999129608401e+01 -6.283185307179587e-02 1.208697826142736e-21 6.283185307179587e-03
5.040000000000005e+01 -9.547167076263257e-01 3.894968699728112e-09 -9.547167037313570e-01 -1.180707225666301e-02 2.458355961541971e-09 -1.180706979830705e-02 2.567959270173103e+01 -6.283185307179587e-02 1.208697826142736e-21 6.283185307179587e-03
5.060000000000005e+01 -9.672745636459686e-01 3.593363906099402e-09 -9.672745600526047e-01 -1.055044346355122e-02 3.356763655309250e-09 -1.055044010678756e-02 2.587919410737805e+01 -6.283185307179587e-02 1.208697826142736e-21 6.283185307179587e-03
5.070000000000005e+01 -9.735534916557902e-01 3.386775466008811e-09 -9.735534882690148e-01 -9.922129066995321e-03 3.854301760415419e-09 -9.922125212693561e-03 2.597899481020156e+01 -6.283185307179587e-02 1.208697826142736e-21 6.283185307179587e-03
5.080000000000005e+01 -9.798324196656117e-01 3.180187025918241e-09 -9.798324164854247e-01 -9.293814670439425e-03 4.351839865521580e-09 -9.293810318599560e-03 2.607879551302507e+01 -6.283185307179587e-02 1.208697826142736e-21 6.283185307179587e-03
5.090000000000006e+01 -9.861113476754333e-01 2.973598585827649e-09 -9.861113447018347e-01 -8.665500273883530e-03 4.849377970627743e-09 -8.665495424505560e-03 2.617859621584859e+01 -6.283185307179587e-02 1.208697826142736e-21 6.283185307179587e-03
5.100000000000006e+01 -9.923902756852548e-01 2.767010145737061e-09 -9.923902729182447e-01 -8.037185877327635e-03 5.346916075733902e-09 -8.037180530411558e-03 2.627839691867210e+01 -6.283185307179587e-02 1.208697826142736e-21 6.283185307179587e-03
5.110000000000006e+01 -9.986692036950764e-01 2.560421705646474e-09 -9.986692011346547e-01 -7.408871480771739e-03 5.844454180840072e-09 -7.408865636317558e-03 2.637819762149561e+01 -6.283185307179587e-02 1.208697826142736e-21 6.283185307179587e-03
5.120000000000006e+01 -1.004948131704898e+00 2.353833265555903e-09 -1.004948129351064e+00 -6.780557084215844e-03 6.341992285946236e-09 -6.780550742223558e-03 2.647799832431912e+01 -6.283185307179587e-02 1.208697826142736e-21 6.283185307179587e-03
5.132916610000006e+01 -1.013058378136992e+00 2.086991034440131e-09 -1.013058376050001e+00 -5.968987882446060e-03 6.984642852325770e-09 -5.968980897803208e-03 2.660690699992884e+01 -6.283185307179587e-02 1.208697826142736e-21 6.283185307179587e-03
5.152916610000006e+01 -1.025616234156635e+00 1.619438335837882e-09 -1.025616232537197e+00 -4.712359089334270e-03 8.195345313722022e-09 -4.712350893988956e-03 2.680650840557586e+01 -6.283185307179587e-02 1.208697826142736e-21 6.283185307179587e-03
5.172916610000006e+01 -1.038174090176278e+00 1.061634555868052e-09 -1.038174089114644e+00 -3.455730296222480e-03 9.888740848107485e-09 -3.455720407481632e-03 2.700610981122288e+01 -6.283185307179587e-02 1.208697826142736e-21 6.283185307179587e-03
5.182916610000007e+01 -1.044453018186100e+00 7.652164108564613e-10 -1.044453017420883e+00 -2.827415899666585e-03 1.087132540497576e-08 -2.827405028341180e-03 2.710591051404639e+01 -6.283185307179587e-02 1.208697826142736e-21 6.283185307179587e-03
5.192916610000007e+01 -1.050731946195921e+00 4.687982658448666e-10 -1.050731945727123e+00 -2.199101503110690e-03 1.185390996184382e-08 -2.199089649200728e-03 2.720571121686990e+01 -6.283185307179587e-02 1.208697826142736e-21 6.283185307179587e-03
5.202916610000007e+01 -1.057010874205742e+00 1.723801208332514e-10 -1.057010874033362e+00 -1.570787106554794e-03 1.283649451871186e-08 -1.570774270060276e-03 2.730551191969341e+01 -6.283185307179587e-02 1.208697826142736e-21 6.283185307179587e-03
5.212916610000007e+01 -1.063289802215564e+00 -1.240380241783604e-10 -1.063289802339602e+00 -9.424727099988993e-04 1.381907907557989e-08 -9.424588909198237e-04 2.740531262251692e+01 -6.283185307179587e-02 1.208697826142736e-21 6.283185307179587e-03
5.222916610000007e+01 -1.069568730225385e+00 -4.204561691899643e-10 -1.069568730645841e+00 -3.141583134430041e-04 1.480166363244792e-08 -3.141435117793717e-04 2.750511332534044e+01 -6.283185307179587e-02 1.208697826142736e-21 6.283185307179587e-03
5.232916610000007e+01 -1.075847740863892e+00 -7.168250763286570e-10 -1.075847741580717e+00 -8.162545173193841e-11 1.577537452076593e-08 1.569374906903399e-08 2.760491534150929e+01 -6.283185307179587e-02 2.417347934957306e-21 0.000000000000000e+00
5.232916610000007e+01 -1.075847740863892e+00 -7.168250763286570e-10 -1.075847741580717e+00 -8.162545173193841e-11 1.577537452076593e-08 1.569374906903399e-08 2.760491534150929e+01 -6.283185307179587e-02 2.417347934957306e-21 0.000000000000000e+00
5.282916610000007e+01 -1.107243000628549e+00 -2.198915801458166e-09 -1.107243002827465e+00 -8.162545173193841e-11 1.887818060625506e-08 1.879655515452312e-08 2.810392870572343e+01 -6.283185307179587e-02 2.417347934957306e-21 0.000000000000000e+00
5.332916610000007e+01 -1.138638260393206e+00 -3.681006526587603e-09 -1.138638264074213e+00 -8.162545173193841e-11 2.198098669174461e-08 2.189936124001267e-08 2.860294206993757e+01 -6.283185307179587e-02 2.417347934957306e-21 0.000000000000000e+00
