0.000000000000000e+00 0.000000000000000e+00
0.000000000000000e+00 0.000000000000000e+00
0.000000000000000e+00 0.000000000000000e+00
0.000000000000000e+00 0.000000000000000e+00
0.000000000000000e+00 3.333333300000000e-01
5.000000000000000e-01 3.333333300000000e-01
5.000000000000000e-01 0.000000000000000e+00
0.000000000000000e+00 0.000000000000000e+00
0.000000000000000e+00 0.000000000000000e+00
5.000000000000000e-01 0.000000000000000e+00
5.000000000000000e-01 0.000000000000000e+00
5.000000000000000e-01 0.000000000000000e+00
5.000000000000000e-01 3.333333300000000e-01
1.000000000000000e+00 3.333333300000000e-01
1.000000000000000e+00 0.000000000000000e+00
5.000000000000000e-01 0.000000000000000e+00
5.000000000000000e-01 0.000000000000000e+00
1.000000000000000e+00 0.000000000000000e+00
1.000000000000000e+00 0.000000000000000e+00
1.500000000000000e+00 0.000000000000000e+00
1.500000000000000e+00 0.000000000000000e+00
2.000000000000000e+00 0.000000000000000e+00
2.000000000000000e+00 0.000000000000000e+00
2.500000000000000e+00 0.000000000000000e+00
2.500000000000000e+00 0.000000000000000e+00
3.000000000000000e+00 0.000000000000000e+00
3.000000000000000e+00 0.000000000000000e+00
3.500000000000000e+00 0.000000000000000e+00
3.500000000000000e+00 0.000000000000000e+00
4.000000000000000e+00 0.000000000000000e+00
4.000000000000000e+00 0.000000000000000e+00
4.500000000000000e+00 0.000000000000000e+00
4.500000000000000e+00 0.000000000000000e+00
5.000000000000000e+00 0.000000000000000e+00
5.000000000000000e+00 0.000000000000000e+00
5.500000000000000e+00 0.000000000000000e+00
5.500000000000000e+00 0.000000000000000e+00
6.000000000000000e+00 0.000000000000000e+00
6.000000000000000e+00 0.000000000000000e+00
6.500000000000000e+00 0.000000000000000e+00
6.500000000000000e+00 0.000000000000000e+00
6.600000000000000e+00 0.000000000000000e+00
6.600000000000000e+00 0.000000000000000e+00
6.700000000000000e+00 0.000000000000000e+00
6.700000000000000e+00 0.000000000000000e+00
6.800000000000000e+00 0.000000000000000e+00
6.800000000000000e+00 0.000000000000000e+00
6.900000000000000e+00 0.000000000000000e+00
6.900000000000000e+00 0.000000000000000e+00
6.900000000000000e+00 1.000000000000000e+00
7.100000000000000e+00 1.000000000000000e+00
7.100000000000000e+00 0.000000000000000e+00
6.900000000000000e+00 0.000000000000000e+00
7.100000000000000e+00 0.000000000000000e+00
7.100000000000000e+00 0.000000000000000e+00
7.100000000000000e+00 1.000000000000000e+00
7.300000000000000e+00 1.000000000000000e+00
7.300000000000000e+00 0.000000000000000e+00
7.100000000000000e+00 0.000000000000000e+00
7.300000000000000e+00 0.000000000000000e+00
7.300000000000000e+00 0.000000000000000e+00
7.800000000000000e+00 0.000000000000000e+00
7.800000000000000e+00 0.000000000000000e+00
8.300000000000001e+00 0.000000000000000e+00
8.300000000000001e+00 0.000000000000000e+00
8.800000000000001e+00 0.000000000000000e+00
8.800000000000001e+00 0.000000000000000e+00
9.300000000000001e+00 0.000000000000000e+00
9.300000000000001e+00 0.000000000000000e+00
9.800000000000001e+00 0.000000000000000e+00
9.800000000000001e+00 0.000000000000000e+00
9.800000000000001e+00 -1.000000000000000e+00
1.000000000000000e+01 -1.000000000000000e+00
1.000000000000000e+01 0.000000000000000e+00
9.800000000000001e+00 0.000000000000000e+00
1.000000000000000e+01 0.000000000000000e+00
1.000000000000000e+01 0.000000000000000e+00
1.000000000000000e+01 0.000000000000000e+00
1.000000000000000e+01 -1.000000000000000e+00
1.020000000000000e+01 -1.000000000000000e+00
1.020000000000000e+01 0.000000000000000e+00
1.000000000000000e+01 0.000000000000000e+00
1.020000000000000e+01 0.000000000000000e+00
1.020000000000000e+01 0.000000000000000e+00
1.070000000000000e+01 0.000000000000000e+00
1.070000000000000e+01 0.000000000000000e+00
1.120000000000000e+01 0.000000000000000e+00
1.120000000000000e+01 0.000000000000000e+00
1.170000000000000e+01 0.000000000000000e+00
1.170000000000000e+01 0.000000000000000e+00
1.220000000000000e+01 0.000000000000000e+00
1.220000000000000e+01 0.000000000000000e+00
1.270000000000000e+01 0.000000000000000e+00
1.270000000000000e+01 0.000000000000000e+00
1.270000000000000e+01 1.000000000000000e+00
1.290000000000000e+01 1.000000000000000e+00
1.290000000000000e+01 0.000000000000000e+00
1.270000000000000e+01 0.000000000000000e+00
1.290000000000000e+01 0.000000000000000e+00
1.290000000000000e+01 0.000000000000000e+00
1.290000000000000e+01 1.000000000000000e+00
1.310000000000000e+01 1.000000000000000e+00
1.310000000000000e+01 0.000000000000000e+00
1.290000000000000e+01 0.000000000000000e+00
1.310000000000000e+01 0.000000000000000e+00
1.310000000000000e+01 0.000000000000000e+00
1.360000000000000e+01 0.000000000000000e+00
1.360000000000000e+01 0.000000000000000e+00
1.410000000000000e+01 0.000000000000000e+00
1.410000000000000e+01 0.000000000000000e+00
1.460000000000000e+01 0.000000000000000e+00
1.460000000000000e+01 0.000000000000000e+00
1.510000000000000e+01 0.000000000000000e+00
1.510000000000000e+01 0.000000000000000e+00
1.560000000000000e+01 0.000000000000000e+00
1.560000000000000e+01 0.000000000000000e+00
1.610000000000000e+01 0.000000000000000e+00
1.610000000000000e+01 0.000000000000000e+00
1.660000000000000e+01 0.000000000000000e+00
1.660000000000000e+01 0.000000000000000e+00
1.710000000000000e+01 0.000000000000000e+00
1.710000000000000e+01 0.000000000000000e+00
1.760000000000000e+01 0.000000000000000e+00
1.760000000000000e+01 0.000000000000000e+00
1.810000000000000e+01 0.000000000000000e+00
1.810000000000000e+01 0.000000000000000e+00
1.860000000000000e+01 0.000000000000000e+00
1.860000000000000e+01 0.000000000000000e+00
1.870000000000000e+01 0.000000000000000e+00
1.870000000000000e+01 0.000000000000000e+00
1.880000000000000e+01 0.000000000000000e+00
1.880000000000000e+01 0.000000000000000e+00
1.890000000000000e+01 0.000000000000000e+00
1.890000000000000e+01 0.000000000000000e+00
1.900000000000000e+01 0.000000000000000e+00
1.900000000000000e+01 0.000000000000000e+00
1.900000000000000e+01 3.333333300000000e-01
1.950000000000000e+01 3.333333300000000e-01
1.950000000000000e+01 0.000000000000000e+00
1.900000000000000e+01 0.000000000000000e+00
1.900000000000000e+01 0.000000000000000e+00
1.950000000000000e+01 0.000000000000000e+00
1.950000000000000e+01 0.000000000000000e+00
1.950000000000000e+01 0.000000000000000e+00
1.950000000000000e+01 3.333333300000000e-01
2.000000000000000e+01 3.333333300000000e-01
2.000000000000000e+01 0.000000000000000e+00
1.950000000000000e+01 0.000000000000000e+00
1.950000000000000e+01 0.000000000000000e+00
2.000000000000000e+01 0.000000000000000e+00
2.000000000000000e+01 0.000000000000000e+00
2.000000000000000e+01 0.000000000000000e+00
2.050000000000000e+01 0.000000000000000e+00
2.050000000000000e+01 0.000000000000000e+00
2.100000000000000e+01 0.000000000000000e+00
2.100000000000000e+01 0.000000000000000e+00
2.100000000000000e+01 1.000000000000000e+00
2.120000000000000e+01 1.000000000000000e+00
2.120000000000000e+01 0.000000000000000e+00
2.100000000000000e+01 0.000000000000000e+00
2.120000000000000e+01 0.000000000000000e+00
2.120000000000000e+01 0.000000000000000e+00
2.120000000000000e+01 1.000000000000000e+00
2.140000000000000e+01 1.000000000000000e+00
2.140000000000000e+01 0.000000000000000e+00
2.120000000000000e+01 0.000000000000000e+00
2.140000000000000e+01 0.000000000000000e+00
2.140000000000000e+01 0.000000000000000e+00
2.190000000000000e+01 0.000000000000000e+00
2.190000000000000e+01 0.000000000000000e+00
2.240000000000000e+01 0.000000000000000e+00
2.240000000000000e+01 0.000000000000000e+00
2.290000000000000e+01 0.000000000000000e+00
2.290000000000000e+01 0.000000000000000e+00
2.340000000000000e+01 0.000000000000000e+00
2.340000000000000e+01 0.000000000000000e+00
2.340000000000000e+01 -1.000000000000000e+00
2.360000000000000e+01 -1.000000000000000e+00
2.360000000000000e+01 0.000000000000000e+00
2.340000000000000e+01 0.000000000000000e+00
2.360000000000000e+01 0.000000000000000e+00
2.360000000000000e+01 0.000000000000000e+00
2.360000000000000e+01 -1.000000000000000e+00
2.380000000000000e+01 -1.000000000000000e+00
2.380000000000000e+01 0.000000000000000e+00
2.360000000000000e+01 0.000000000000000e+00
2.380000000000000e+01 0.000000000000000e+00
2.380000000000000e+01 0.000000000000000e+00
2.430000000000000e+01 0.000000000000000e+00
2.430000000000000e+01 0.000000000000000e+00
2.480000000000000e+01 0.000000000000000e+00
2.480000000000000e+01 0.000000000000000e+00
2.530000000000000e+01 0.000000000000000e+00
2.530000000000000e+01 0.000000000000000e+00
2.580000000000000e+01 0.000000000000000e+00
2.580000000000000e+01 0.000000000000000e+00
2.580000000000000e+01 1.000000000000000e+00
2.600000000000000e+01 1.000000000000000e+00
2.600000000000000e+01 0.000000000000000e+00
2.580000000000000e+01 0.000000000000000e+00
2.600000000000000e+01 0.000000000000000e+00
2.600000000000000e+01 0.000000000000000e+00
2.600000000000000e+01 1.000000000000000e+00
2.620000000000000e+01 1.000000000000000e+00
2.620000000000000e+01 0.000000000000000e+00
2.600000000000000e+01 0.000000000000000e+00
2.620000000000000e+01 0.000000000000000e+00
2.620000000000000e+01 0.000000000000000e+00
2.670000000000000e+01 0.000000000000000e+00
2.670000000000000e+01 0.000000000000000e+00
2.720000000000000e+01 0.000000000000000e+00
2.720000000000000e+01 0.000000000000000e+00
2.720000000000000e+01 3.333333300000000e-01
2.730000000000000e+01 3.333333300000000e-01
2.730000000000000e+01 0.000000000000000e+00
2.720000000000000e+01 0.000000000000000e+00
2.720000000000000e+01 0.000000000000000e+00
2.730000000000000e+01 0.000000000000000e+00
2.730000000000000e+01 0.000000000000000e+00
2.780000000000000e+01 0.000000000000000e+00
2.780000000000000e+01 0.000000000000000e+00
2.830000000000000e+01 0.000000000000000e+00
2.830000000000000e+01 0.000000000000000e+00
2.830000000000000e+01 -1.000000000000000e+00
2.850000000000000e+01 -1.000000000000000e+00
2.850000000000000e+01 0.000000000000000e+00
2.830000000000000e+01 0.000000000000000e+00
2.850000000000000e+01 0.000000000000000e+00
2.850000000000000e+01 0.000000000000000e+00
2.850000000000000e+01 -1.000000000000000e+00
2.870000000000000e+01 -1.000000000000000e+00
2.870000000000000e+01 0.000000000000000e+00
2.850000000000000e+01 0.000000000000000e+00
2.870000000000000e+01 0.000000000000000e+00
2.870000000000000e+01 0.000000000000000e+00
2.920000000000000e+01 0.000000000000000e+00
2.920000000000000e+01 0.000000000000000e+00
2.970000000000000e+01 0.000000000000000e+00
2.970000000000000e+01 0.000000000000000e+00
2.980000000000000e+01 0.000000000000000e+00
2.980000000000000e+01 0.000000000000000e+00
2.990000000000000e+01 0.000000000000000e+00
2.990000000000000e+01 0.000000000000000e+00
2.992987000000000e+01 0.000000000000000e+00
2.992987000000000e+01 0.000000000000000e+00
2.992987000000000e+01 -1.000000000000000e+00
3.012987000000000e+01 -1.000000000000000e+00
3.012987000000000e+01 0.000000000000000e+00
2.992987000000000e+01 0.000000000000000e+00
3.012987000000000e+01 0.000000000000000e+00
3.012987000000000e+01 0.000000000000000e+00
3.012987000000000e+01 -1.000000000000000e+00
3.032987000000000e+01 -1.000000000000000e+00
3.032987000000000e+01 0.000000000000000e+00
3.012987000000000e+01 0.000000000000000e+00
3.032987000000000e+01 0.000000000000000e+00
3.032987000000000e+01 0.000000000000000e+00
3.082987000000000e+01 0.000000000000000e+00
3.082987000000000e+01 0.000000000000000e+00
3.132987000000000e+01 0.000000000000000e+00
3.132987000000000e+01 0.000000000000000e+00
3.132987000000000e+01 3.333333300000000e-01
3.142987000000000e+01 3.333333300000000e-01
3.142987000000000e+01 0.000000000000000e+00
3.132987000000000e+01 0.000000000000000e+00
3.132987000000000e+01 0.000000000000000e+00
3.142987000000000e+01 0.000000000000000e+00
3.142987000000000e+01 0.000000000000000e+00
3.142987000000000e+01 0.000000000000000e+00
3.192987000000000e+01 0.000000000000000e+00
3.192987000000000e+01 0.000000000000000e+00
3.242987000000000e+01 0.000000000000000e+00
3.242987000000000e+01 0.000000000000000e+00
3.292987000000000e+01 0.000000000000000e+00
3.292987000000000e+01 0.000000000000000e+00
3.342987000000000e+01 0.000000000000000e+00
3.342987000000000e+01 0.000000000000000e+00
3.352987000000000e+01 0.000000000000000e+00
3.352987000000000e+01 0.000000000000000e+00
3.352987000000000e+01 1.000000000000000e+00
3.372987000000000e+01 1.000000000000000e+00
3.372987000000000e+01 0.000000000000000e+00
3.352987000000000e+01 0.000000000000000e+00
3.372987000000000e+01 0.000000000000000e+00
3.372987000000000e+01 0.000000000000000e+00
3.372987000000000e+01 1.000000000000000e+00
3.392987000000000e+01 1.000000000000000e+00
3.392987000000000e+01 0.000000000000000e+00
3.372987000000000e+01 0.000000000000000e+00
3.392987000000000e+01 0.000000000000000e+00
3.392987000000000e+01 0.000000000000000e+00
3.442987000000000e+01 0.000000000000000e+00
3.442987000000000e+01 0.000000000000000e+00
3.492987000000000e+01 0.000000000000000e+00
3.492987000000000e+01 0.000000000000000e+00
3.542987000000000e+01 0.000000000000000e+00
3.542987000000000e+01 0.000000000000000e+00
3.552987000000000e+01 0.000000000000000e+00
3.552987000000000e+01 0.000000000000000e+00
3.552987000000000e+01 -1.000000000000000e+00
3.572987000000000e+01 -1.000000000000000e+00
3.572987000000000e+01 0.000000000000000e+00
3.552987000000000e+01 0.000000000000000e+00
3.572987000000000e+01 0.000000000000000e+00
3.572987000000000e+01 0.000000000000000e+00
3.572987000000000e+01 -1.000000000000000e+00
3.592987000000000e+01 -1.000000000000000e+00
3.592987000000000e+01 0.000000000000000e+00
3.572987000000000e+01 0.000000000000000e+00
3.592987000000000e+01 0.000000000000000e+00
3.592987000000000e+01 0.000000000000000e+00
3.642987000000000e+01 0.000000000000000e+00
3.642987000000000e+01 0.000000000000000e+00
3.692987000000000e+01 0.000000000000000e+00
3.692987000000000e+01 0.000000000000000e+00
3.742987000000000e+01 0.000000000000000e+00
3.742987000000000e+01 0.000000000000000e+00
3.752987000000000e+01 0.000000000000000e+00
3.752987000000000e+01 0.000000000000000e+00
3.752987000000000e+01 1.000000000000000e+00
3.772987000000000e+01 1.000000000000000e+00
3.772987000000000e+01 0.000000000000000e+00
3.752987000000000e+01 0.000000000000000e+00
3.772987000000000e+01 0.000000000000000e+00
3.772987000000000e+01 0.000000000000000e+00
3.772987000000000e+01 1.000000000000000e+00
3.792987000000000e+01 1.000000000000000e+00
3.792987000000000e+01 0.000000000000000e+00
3.772987000000000e+01 0.000000000000000e+00
3.792987000000000e+01 0.000000000000000e+00
3.792987000000000e+01 0.000000000000000e+00
3.842987000000000e+01 0.000000000000000e+00
3.842987000000000e+01 0.000000000000000e+00
3.892987000000000e+01 0.000000000000000e+00
3.892987000000000e+01 0.000000000000000e+00
3.942987000000000e+01 0.000000000000000e+00
3.942987000000000e+01 0.000000000000000e+00
3.952987000000000e+01 0.000000000000000e+00
3.952987000000000e+01 0.000000000000000e+00
3.952987000000000e+01 -1.000000000000000e+00
3.972987000000000e+01 -1.000000000000000e+00
3.972987000000000e+01 0.000000000000000e+00
3.952987000000000e+01 0.000000000000000e+00
3.972987000000000e+01 0.000000000000000e+00
3.972987000000000e+01 0.000000000000000e+00
3.972987000000000e+01 -1.000000000000000e+00
3.992987000000000e+01 -1.000000000000000e+00
3.992987000000000e+01 0.000000000000000e+00
3.972987000000000e+01 0.000000000000000e+00
3.992987000000000e+01 0.000000000000000e+00
3.992987000000000e+01 0.000000000000000e+00
4.042987000000000e+01 0.000000000000000e+00
4.042987000000000e+01 0.000000000000000e+00
4.092987000000000e+01 0.000000000000000e+00
4.092987000000000e+01 0.000000000000000e+00
4.142987000000000e+01 0.000000000000000e+00
4.142987000000000e+01 0.000000000000000e+00
4.152987000000000e+01 0.000000000000000e+00
4.152987000000000e+01 0.000000000000000e+00
4.152987000000000e+01 1.000000000000000e+00
4.172987000000000e+01 1.000000000000000e+00
4.172987000000000e+01 0.000000000000000e+00
4.152987000000000e+01 0.000000000000000e+00
4.172987000000000e+01 0.000000000000000e+00
4.172987000000000e+01 0.000000000000000e+00
4.172987000000000e+01 1.000000000000000e+00
4.192987000000000e+01 1.000000000000000e+00
4.192987000000000e+01 0.000000000000000e+00
4.172987000000000e+01 0.000000000000000e+00
4.192987000000000e+01 0.000000000000000e+00
4.192987000000000e+01 0.000000000000000e+00
4.242987000000000e+01 0.000000000000000e+00
4.242987000000000e+01 0.000000000000000e+00
4.292987000000000e+01 0.000000000000000e+00
4.292987000000000e+01 0.000000000000000e+00
4.342987000000000e+01 0.000000000000000e+00
4.342987000000000e+01 0.000000000000000e+00
4.392987000000000e+01 0.000000000000000e+00
4.392987000000000e+01 0.000000000000000e+00
4.392987000000000e+01 0.000000000000000e+00
4.392987000000000e+01 1.000000000000000e+00
4.402987000000000e+01 1.000000000000000e+00
4.402987000000000e+01 0.000000000000000e+00
4.392987000000000e+01 0.000000000000000e+00
4.402987000000000e+01 0.000000000000000e+00
4.402987000000000e+01 0.000000000000000e+00
4.402987000000000e+01 1.000000000000000e+00
4.412987000000000e+01 1.000000000000000e+00
4.412987000000000e+01 0.000000000000000e+00
4.402987000000000e+01 0.000000000000000e+00
4.412987000000000e+01 0.000000000000000e+00
4.412987000000000e+01 0.000000000000000e+00
4.462987000000000e+01 0.000000000000000e+00
4.462987000000000e+01 0.000000000000000e+00
4.512987000000000e+01 0.000000000000000e+00
4.512987000000000e+01 0.000000000000000e+00
4.562987000000000e+01 0.000000000000000e+00
4.562987000000000e+01 0.000000000000000e+00
4.612987000000000e+01 0.000000000000000e+00
4.612987000000000e+01 0.000000000000000e+00
4.662987000000000e+01 0.000000000000000e+00
4.662987000000000e+01 0.000000000000000e+00
4.712987000000000e+01 0.000000000000000e+00
4.712987000000000e+01 0.000000000000000e+00
4.762987000000000e+01 0.000000000000000e+00
4.762987000000000e+01 0.000000000000000e+00
4.812987000000000e+01 0.000000000000000e+00
4.812987000000000e+01 0.000000000000000e+00
4.862987000000000e+01 0.000000000000000e+00
4.862987000000000e+01 0.000000000000000e+00
4.912987000000000e+01 0.000000000000000e+00
4.912987000000000e+01 0.000000000000000e+00
4.962987000000000e+01 0.000000000000000e+00
4.962987000000000e+01 0.000000000000000e+00
5.012987000000000e+01 0.000000000000000e+00
5.012987000000000e+01 0.000000000000000e+00
5.062987000000000e+01 0.000000000000000e+00
5.062987000000000e+01 0.000000000000000e+00
5.112987000000000e+01 0.000000000000000e+00
5.112987000000000e+01 0.000000000000000e+00
5.162987000000000e+01 0.000000000000000e+00
5.162987000000000e+01 0.000000000000000e+00
5.172987000000000e+01 0.000000000000000e+00
5.172987000000000e+01 0.000000000000000e+00
5.182987000000000e+01 0.000000000000000e+00
5.182987000000000e+01 0.000000000000000e+00
5.192987000000000e+01 0.000000000000000e+00
5.192987000000000e+01 0.000000000000000e+00
5.192987000000000e+01 -1.000000000000000e+00
5.202987000000000e+01 -1.000000000000000e+00
5.202987000000000e+01 0.000000000000000e+00
5.192987000000000e+01 0.000000000000000e+00
5.202987000000000e+01 0.000000000000000e+00
5.202987000000000e+01 0.000000000000000e+00
5.202987000000000e+01 -1.000000000000000e+00
5.212987000000000e+01 -1.000000000000000e+00
5.212987000000000e+01 0.000000000000000e+00
5.202987000000000e+01 0.000000000000000e+00
5.212987000000000e+01 0.000000000000000e+00
5.212987000000000e+01 0.000000000000000e+00
5.262987000000000e+01 0.000000000000000e+00
5.262987000000000e+01 0.000000000000000e+00
5.312987000000000e+01 0.000000000000000e+00
5.312987000000000e+01 0.000000000000000e+00
5.362987000000000e+01 0.000000000000000e+00
5.362987000000000e+01 0.000000000000000e+00
5.412987000000000e+01 0.000000000000000e+00
5.412987000000000e+01 0.000000000000000e+00
5.462987000000000e+01 0.000000000000000e+00
5.462987000000000e+01 0.000000000000000e+00
5.512987000000000e+01 0.000000000000000e+00
5.512987000000000e+01 0.000000000000000e+00
5.562987000000000e+01 0.000000000000000e+00
5.562987000000000e+01 0.000000000000000e+00
5.612987000000000e+01 0.000000000000000e+00
5.612987000000000e+01 0.000000000000000e+00
5.662987000000000e+01 0.000000000000000e+00
5.662987000000000e+01 0.000000000000000e+00
5.712987000000000e+01 0.000000000000000e+00
5.712987000000000e+01 0.000000000000000e+00
5.762987000000000e+01 0.000000000000000e+00
5.762987000000000e+01 0.000000000000000e+00
5.812987000000000e+01 0.000000000000000e+00
5.812987000000000e+01 0.000000000000000e+00
5.862987000000000e+01 0.000000000000000e+00
5.862987000000000e+01 0.000000000000000e+00
5.912987000000000e+01 0.000000000000000e+00
5.912987000000000e+01 0.000000000000000e+00
5.962987000000000e+01 0.000000000000000e+00
5.962987000000000e+01 0.000000000000000e+00
5.972987000000000e+01 0.000000000000000e+00
5.972987000000000e+01 0.000000000000000e+00
5.982987000000000e+01 0.000000000000000e+00
5.982987000000000e+01 0.000000000000000e+00
5.992987000000000e+01 0.000000000000000e+00
5.992987000000000e+01 0.000000000000000e+00
5.992987000000000e+01 1.000000000000000e+00
6.002987000000000e+01 1.000000000000000e+00
6.002987000000000e+01 0.000000000000000e+00
5.992987000000000e+01 0.000000000000000e+00
6.002987000000000e+01 0.000000000000000e+00
6.002987000000000e+01 0.000000000000000e+00
6.002987000000000e+01 1.000000000000000e+00
6.012987000000000e+01 1.000000000000000e+00
6.012987000000000e+01 0.000000000000000e+00
6.002987000000000e+01 0.000000000000000e+00
6.012987000000000e+01 0.000000000000000e+00
6.012987000000000e+01 0.000000000000000e+00
6.062987000000000e+01 0.000000000000000e+00
6.062987000000000e+01 0.000000000000000e+00
6.112987000000000e+01 0.000000000000000e+00
6.112987000000000e+01 0.000000000000000e+00
6.162987000000000e+01 0.000000000000000e+00
6.162987000000000e+01 0.000000000000000e+00
6.212987000000000e+01 0.000000000000000e+00
6.212987000000000e+01 0.000000000000000e+00
6.262987000000000e+01 0.000000000000000e+00
6.262987000000000e+01 0.000000000000000e+00
6.312987000000000e+01 0.000000000000000e+00
6.312987000000000e+01 0.000000000000000e+00
6.362987000000000e+01 0.000000000000000e+00
6.362987000000000e+01 0.000000000000000e+00
6.412987000000000e+01 0.000000000000000e+00
6.412987000000000e+01 0.000000000000000e+00
6.462987000000000e+01 0.000000000000000e+00
6.462987000000000e+01 0.000000000000000e+00
6.512987000000000e+01 0.000000000000000e+00
6.512987000000000e+01 0.000000000000000e+00
6.562987000000000e+01 0.000000000000000e+00
6.562987000000000e+01 0.000000000000000e+00
6.612987000000000e+01 0.000000000000000e+00
6.612987000000000e+01 0.000000000000000e+00
6.662987000000000e+01 0.000000000000000e+00
6.662987000000000e+01 0.000000000000000e+00
6.712987000000000e+01 0.000000000000000e+00
6.712987000000000e+01 0.000000000000000e+00
6.762987000000000e+01 0.000000000000000e+00
6.762987000000000e+01 0.000000000000000e+00
6.772987000000001e+01 0.000000000000000e+00
6.772987000000001e+01 0.000000000000000e+00
6.782987000000000e+01 0.000000000000000e+00
6.782987000000000e+01 0.000000000000000e+00
6.792986999999999e+01 0.000000000000000e+00
6.792986999999999e+01 0.000000000000000e+00
6.792986999999999e+01 -1.000000000000000e+00
6.802987000000000e+01 -1.000000000000000e+00
6.802987000000000e+01 0.000000000000000e+00
6.792986999999999e+01 0.000000000000000e+00
6.802987000000000e+01 0.000000000000000e+00
6.802987000000000e+01 0.000000000000000e+00
6.802987000000000e+01 -1.000000000000000e+00
6.812987000000000e+01 -1.000000000000000e+00
6.812987000000000e+01 0.000000000000000e+00
6.802987000000000e+01 0.000000000000000e+00
6.812987000000000e+01 0.000000000000000e+00
6.812987000000000e+01 0.000000000000000e+00
6.862987000000000e+01 0.000000000000000e+00
6.862987000000000e+01 0.000000000000000e+00
6.912987000000000e+01 0.000000000000000e+00
6.912987000000000e+01 0.000000000000000e+00
6.962987000000000e+01 0.000000000000000e+00
6.962987000000000e+01 0.000000000000000e+00
7.012987000000000e+01 0.000000000000000e+00
7.012987000000000e+01 0.000000000000000e+00
7.062987000000000e+01 0.000000000000000e+00
7.062987000000000e+01 0.000000000000000e+00
7.112987000000000e+01 0.000000000000000e+00
7.112987000000000e+01 0.000000000000000e+00
7.162987000000000e+01 0.000000000000000e+00
7.162987000000000e+01 0.000000000000000e+00
7.212987000000000e+01 0.000000000000000e+00
7.212987000000000e+01 0.000000000000000e+00
7.262987000000000e+01 0.000000000000000e+00
7.262987000000000e+01 0.000000000000000e+00
7.312987000000000e+01 0.000000000000000e+00
7.312987000000000e+01 0.000000000000000e+00
7.362987000000000e+01 0.000000000000000e+00
7.362987000000000e+01 0.000000000000000e+00
7.412987000000000e+01 0.000000000000000e+00
7.412987000000000e+01 0.000000000000000e+00
7.462987000000000e+01 0.000000000000000e+00
7.462987000000000e+01 0.000000000000000e+00
7.512987000000000e+01 0.000000000000000e+00
7.512987000000000e+01 0.000000000000000e+00
7.562987000000000e+01 0.000000000000000e+00
7.562987000000000e+01 0.000000000000000e+00
7.572987000000001e+01 0.000000000000000e+00
7.572987000000001e+01 0.000000000000000e+00
7.582987000000000e+01 0.000000000000000e+00
7.582987000000000e+01 0.000000000000000e+00
7.592986999999999e+01 0.000000000000000e+00
7.592986999999999e+01 0.000000000000000e+00
7.592986999999999e+01 1.000000000000000e+00
7.602987000000000e+01 1.000000000000000e+00
7.602987000000000e+01 0.000000000000000e+00
7.592986999999999e+01 0.000000000000000e+00
7.602987000000000e+01 0.000000000000000e+00
7.602987000000000e+01 0.000000000000000e+00
7.602987000000000e+01 1.000000000000000e+00
7.612987000000000e+01 1.000000000000000e+00
7.612987000000000e+01 0.000000000000000e+00
7.602987000000000e+01 0.000000000000000e+00
7.612987000000000e+01 0.000000000000000e+00
7.612987000000000e+01 0.000000000000000e+00
7.662987000000000e+01 0.000000000000000e+00
7.662987000000000e+01 0.000000000000000e+00
7.712987000000000e+01 0.000000000000000e+00
7.712987000000000e+01 0.000000000000000e+00
7.762987000000000e+01 0.000000000000000e+00
7.762987000000000e+01 0.000000000000000e+00
7.812987000000000e+01 0.000000000000000e+00
7.812987000000000e+01 0.000000000000000e+00
7.862987000000000e+01 0.000000000000000e+00
7.862987000000000e+01 0.000000000000000e+00
7.912987000000000e+01 0.000000000000000e+00
7.912987000000000e+01 0.000000000000000e+00
7.962987000000000e+01 0.000000000000000e+00
7.962987000000000e+01 0.000000000000000e+00
8.012987000000000e+01 0.000000000000000e+00
8.012987000000000e+01 0.000000000000000e+00
8.062987000000000e+01 0.000000000000000e+00
8.062987000000000e+01 0.000000000000000e+00
8.112987000000000e+01 0.000000000000000e+00
8.112987000000000e+01 0.000000000000000e+00
8.162987000000000e+01 0.000000000000000e+00
8.162987000000000e+01 0.000000000000000e+00
8.212987000000000e+01 0.000000000000000e+00
8.212987000000000e+01 0.000000000000000e+00
8.262987000000000e+01 0.000000000000000e+00
8.262987000000000e+01 0.000000000000000e+00
8.312987000000000e+01 0.000000000000000e+00
8.312987000000000e+01 0.000000000000000e+00
8.362987000000000e+01 0.000000000000000e+00
8.362987000000000e+01 0.000000000000000e+00
8.372987000000001e+01 0.000000000000000e+00
8.372987000000001e+01 0.000000000000000e+00
8.382987000000000e+01 0.000000000000000e+00
8.382987000000000e+01 0.000000000000000e+00
8.392986999999999e+01 0.000000000000000e+00
8.392986999999999e+01 0.000000000000000e+00
8.392986999999999e+01 -1.000000000000000e+00
8.402987000000000e+01 -1.000000000000000e+00
8.402987000000000e+01 0.000000000000000e+00
8.392986999999999e+01 0.000000000000000e+00
8.402987000000000e+01 0.000000000000000e+00
8.402987000000000e+01 0.000000000000000e+00
8.402987000000000e+01 -1.000000000000000e+00
8.412987000000000e+01 -1.000000000000000e+00
8.412987000000000e+01 0.000000000000000e+00
8.402987000000000e+01 0.000000000000000e+00
8.412987000000000e+01 0.000000000000000e+00
8.412987000000000e+01 0.000000000000000e+00
8.462987000000000e+01 0.000000000000000e+00
8.462987000000000e+01 0.000000000000000e+00
8.512987000000000e+01 0.000000000000000e+00
8.512987000000000e+01 0.000000000000000e+00
8.562987000000000e+01 0.000000000000000e+00
8.562987000000000e+01 0.000000000000000e+00
8.612987000000000e+01 0.000000000000000e+00
8.612987000000000e+01 0.000000000000000e+00
8.662987000000000e+01 0.000000000000000e+00
8.662987000000000e+01 0.000000000000000e+00
8.712987000000000e+01 0.000000000000000e+00
8.712987000000000e+01 0.000000000000000e+00
8.762987000000000e+01 0.000000000000000e+00
8.762987000000000e+01 0.000000000000000e+00
8.812987000000000e+01 0.000000000000000e+00
8.812987000000000e+01 0.000000000000000e+00
8.862987000000000e+01 0.000000000000000e+00
8.862987000000000e+01 0.000000000000000e+00
8.912987000000000e+01 0.000000000000000e+00
8.912987000000000e+01 0.000000000000000e+00
8.962987000000000e+01 0.000000000000000e+00
8.962987000000000e+01 0.000000000000000e+00
9.012987000000000e+01 0.000000000000000e+00
9.012987000000000e+01 0.000000000000000e+00
9.062987000000000e+01 0.000000000000000e+00
9.062987000000000e+01 0.000000000000000e+00
9.112987000000000e+01 0.000000000000000e+00
9.112987000000000e+01 0.000000000000000e+00
9.162987000000000e+01 0.000000000000000e+00
9.162987000000000e+01 0.000000000000000e+00
9.172987000000001e+01 0.000000000000000e+00
9.172987000000001e+01 0.000000000000000e+00
9.182987000000000e+01 0.000000000000000e+00
9.182987000000000e+01 0.000000000000000e+00
9.192986999999999e+01 0.000000000000000e+00
9.192986999999999e+01 0.000000000000000e+00
9.192986999999999e+01 1.000000000000000e+00
9.202987000000000e+01 1.000000000000000e+00
9.202987000000000e+01 0.000000000000000e+00
9.192986999999999e+01 0.000000000000000e+00
9.202987000000000e+01 0.000000000000000e+00
9.202987000000000e+01 0.000000000000000e+00
9.202987000000000e+01 1.000000000000000e+00
9.212987000000000e+01 1.000000000000000e+00
9.212987000000000e+01 0.000000000000000e+00
9.202987000000000e+01 0.000000000000000e+00
9.212987000000000e+01 0.000000000000000e+00
9.212987000000000e+01 0.000000000000000e+00
9.262987000000000e+01 0.000000000000000e+00
9.262987000000000e+01 0.000000000000000e+00
9.312987000000000e+01 0.000000000000000e+00
9.312987000000000e+01 0.000000000000000e+00
9.362987000000000e+01 0.000000000000000e+00
9.362987000000000e+01 0.000000000000000e+00
9.412987000000000e+01 0.000000000000000e+00
9.412987000000000e+01 0.000000000000000e+00
9.462987000000000e+01 0.000000000000000e+00
9.462987000000000e+01 0.000000000000000e+00
9.512987000000000e+01 0.000000000000000e+00
9.512987000000000e+01 0.000000000000000e+00
9.562987000000000e+01 0.000000000000000e+00
9.562987000000000e+01 0.000000000000000e+00
9.612987000000000e+01 0.000000000000000e+00
9.612987000000000e+01 0.000000000000000e+00
9.662987000000000e+01 0.000000000000000e+00
9.662987000000000e+01 0.000000000000000e+00
9.712987000000000e+01 0.000000000000000e+00
9.712987000000000e+01 0.000000000000000e+00
9.762987000000000e+01 0.000000000000000e+00
9.762987000000000e+01 0.000000000000000e+00
9.812987000000000e+01 0.000000000000000e+00
9.812987000000000e+01 0.000000000000000e+00
9.862987000000000e+01 0.000000000000000e+00
9.862987000000000e+01 0.000000000000000e+00
9.912987000000000e+01 0.000000000000000e+00
9.912987000000000e+01 0.000000000000000e+00
9.962987000000000e+01 0.000000000000000e+00
9.962987000000000e+01 0.000000000000000e+00
9.972987000000001e+01 0.000000000000000e+00
9.972987000000001e+01 0.000000000000000e+00
9.982987000000000e+01 0.000000000000000e+00
9.982987000000000e+01 0.000000000000000e+00
9.992986999999999e+01 0.000000000000000e+00
9.992986999999999e+01 0.000000000000000e+00
9.992986999999999e+01 -1.000000000000000e+00
1.000299000000000e+02 -1.000000000000000e+00
1.000299000000000e+02 0.000000000000000e+00
9.992986999999999e+01 0.000000000000000e+00
1.000299000000000e+02 0.000000000000000e+00
1.000299000000000e+02 0.000000000000000e+00
1.000299000000000e+02 -1.000000000000000e+00
1.001299000000000e+02 -1.000000000000000e+00
1.001299000000000e+02 0.000000000000000e+00
1.000299000000000e+02 0.000000000000000e+00
1.001299000000000e+02 0.000000000000000e+00
1.001299000000000e+02 0.000000000000000e+00
1.006299000000000e+02 0.000000000000000e+00
1.006299000000000e+02 0.000000000000000e+00
1.011299000000000e+02 0.000000000000000e+00
1.011299000000000e+02 0.000000000000000e+00
1.016299000000000e+02 0.000000000000000e+00
1.016299000000000e+02 0.000000000000000e+00
1.021299000000000e+02 0.000000000000000e+00
1.021299000000000e+02 0.000000000000000e+00
1.026299000000000e+02 0.000000000000000e+00
1.026299000000000e+02 0.000000000000000e+00
1.031299000000000e+02 0.000000000000000e+00
1.031299000000000e+02 0.000000000000000e+00
1.036299000000000e+02 0.000000000000000e+00
1.036299000000000e+02 0.000000000000000e+00
1.041299000000000e+02 0.000000000000000e+00
1.041299000000000e+02 0.000000000000000e+00
1.046299000000000e+02 0.000000000000000e+00
1.046299000000000e+02 0.000000000000000e+00
1.051299000000000e+02 0.000000000000000e+00
1.051299000000000e+02 0.000000000000000e+00
1.056299000000000e+02 0.000000000000000e+00
1.056299000000000e+02 0.000000000000000e+00
1.061299000000000e+02 0.000000000000000e+00
1.061299000000000e+02 0.000000000000000e+00
1.066299000000000e+02 0.000000000000000e+00
1.066299000000000e+02 0.000000000000000e+00
1.071299000000000e+02 0.000000000000000e+00
1.071299000000000e+02 0.000000000000000e+00
1.076299000000000e+02 0.000000000000000e+00
1.076299000000000e+02 0.000000000000000e+00
1.077299000000000e+02 0.000000000000000e+00
1.077299000000000e+02 0.000000000000000e+00
1.078299000000000e+02 0.000000000000000e+00
1.078299000000000e+02 0.000000000000000e+00
1.079299000000000e+02 0.000000000000000e+00
1.079299000000000e+02 0.000000000000000e+00
1.079299000000000e+02 1.000000000000000e+00
1.080299000000000e+02 1.000000000000000e+00
1.080299000000000e+02 0.000000000000000e+00
1.079299000000000e+02 0.000000000000000e+00
1.080299000000000e+02 0.000000000000000e+00
1.080299000000000e+02 0.000000000000000e+00
1.080299000000000e+02 1.000000000000000e+00
1.081299000000000e+02 1.000000000000000e+00
1.081299000000000e+02 0.000000000000000e+00
1.080299000000000e+02 0.000000000000000e+00
1.081299000000000e+02 0.000000000000000e+00
1.081299000000000e+02 0.000000000000000e+00
1.086299000000000e+02 0.000000000000000e+00
1.086299000000000e+02 0.000000000000000e+00
1.091299000000000e+02 0.000000000000000e+00
1.091299000000000e+02 0.000000000000000e+00
1.096299000000000e+02 0.000000000000000e+00
1.096299000000000e+02 0.000000000000000e+00
1.101299000000000e+02 0.000000000000000e+00
1.101299000000000e+02 0.000000000000000e+00
1.106299000000000e+02 0.000000000000000e+00
1.106299000000000e+02 0.000000000000000e+00
1.111299000000000e+02 0.000000000000000e+00
1.111299000000000e+02 0.000000000000000e+00
1.116299000000000e+02 0.000000000000000e+00
1.116299000000000e+02 0.000000000000000e+00
1.121299000000000e+02 0.000000000000000e+00
1.121299000000000e+02 0.000000000000000e+00
1.126299000000000e+02 0.000000000000000e+00
1.126299000000000e+02 0.000000000000000e+00
1.131299000000000e+02 0.000000000000000e+00
1.131299000000000e+02 0.000000000000000e+00
1.136299000000000e+02 0.000000000000000e+00
1.136299000000000e+02 0.000000000000000e+00
1.141299000000000e+02 0.000000000000000e+00
1.141299000000000e+02 0.000000000000000e+00
1.146299000000000e+02 0.000000000000000e+00
1.146299000000000e+02 0.000000000000000e+00
1.151299000000000e+02 0.000000000000000e+00
1.151299000000000e+02 0.000000000000000e+00
1.156299000000000e+02 0.000000000000000e+00
1.156299000000000e+02 0.000000000000000e+00
1.157299000000000e+02 0.000000000000000e+00
1.157299000000000e+02 0.000000000000000e+00
1.158299000000000e+02 0.000000000000000e+00
1.158299000000000e+02 0.000000000000000e+00
1.159299000000000e+02 0.000000000000000e+00
1.159299000000000e+02 0.000000000000000e+00
1.159299000000000e+02 -1.000000000000000e+00
1.161299000000000e+02 -1.000000000000000e+00
1.161299000000000e+02 0.000000000000000e+00
1.159299000000000e+02 0.000000000000000e+00
1.161299000000000e+02 0.000000000000000e+00
1.161299000000000e+02 0.000000000000000e+00
1.166299000000000e+02 0.000000000000000e+00
1.166299000000000e+02 0.000000000000000e+00
1.171299000000000e+02 0.000000000000000e+00
1.171299000000000e+02 0.000000000000000e+00
1.176299000000000e+02 0.000000000000000e+00
1.176299000000000e+02 0.000000000000000e+00
1.181299000000000e+02 0.000000000000000e+00
1.181299000000000e+02 0.000000000000000e+00
1.186299000000000e+02 0.000000000000000e+00
1.186299000000000e+02 0.000000000000000e+00
1.191299000000000e+02 0.000000000000000e+00
1.191299000000000e+02 0.000000000000000e+00
1.196299000000000e+02 0.000000000000000e+00
1.196299000000000e+02 0.000000000000000e+00
1.201299000000000e+02 0.000000000000000e+00
1.201299000000000e+02 0.000000000000000e+00
1.206299000000000e+02 0.000000000000000e+00
1.206299000000000e+02 0.000000000000000e+00
1.207299000000000e+02 0.000000000000000e+00
1.207299000000000e+02 0.000000000000000e+00
1.208299000000000e+02 0.000000000000000e+00
1.208299000000000e+02 0.000000000000000e+00
1.209299000000000e+02 0.000000000000000e+00
1.209299000000000e+02 0.000000000000000e+00
1.209299000000000e+02 -1.000000000000000e+00
1.211299000000000e+02 -1.000000000000000e+00
1.211299000000000e+02 0.000000000000000e+00
1.209299000000000e+02 0.000000000000000e+00
1.211299000000000e+02 0.000000000000000e+00
1.211299000000000e+02 0.000000000000000e+00
1.216299000000000e+02 0.000000000000000e+00
1.216299000000000e+02 0.000000000000000e+00
1.221299000000000e+02 0.000000000000000e+00
1.221299000000000e+02 0.000000000000000e+00
1.226299000000000e+02 0.000000000000000e+00
1.226299000000000e+02 0.000000000000000e+00
1.231299000000000e+02 0.000000000000000e+00
1.231299000000000e+02 0.000000000000000e+00
1.236299000000000e+02 0.000000000000000e+00
1.236299000000000e+02 0.000000000000000e+00
1.241299000000000e+02 0.000000000000000e+00
1.241299000000000e+02 0.000000000000000e+00
1.246299000000000e+02 0.000000000000000e+00
1.246299000000000e+02 0.000000000000000e+00
1.251299000000000e+02 0.000000000000000e+00
1.251299000000000e+02 0.000000000000000e+00
1.256299000000000e+02 0.000000000000000e+00
1.256299000000000e+02 0.000000000000000e+00
1.257299000000000e+02 0.000000000000000e+00
1.257299000000000e+02 0.000000000000000e+00
1.258299000000000e+02 0.000000000000000e+00
1.258299000000000e+02 0.000000000000000e+00
1.259299000000000e+02 0.000000000000000e+00
1.259299000000000e+02 0.000000000000000e+00
1.259299000000000e+02 1.000000000000000e+00
1.261299000000000e+02 1.000000000000000e+00
1.261299000000000e+02 0.000000000000000e+00
1.259299000000000e+02 0.000000000000000e+00
1.261299000000000e+02 0.000000000000000e+00
1.261299000000000e+02 0.000000000000000e+00
1.266299000000000e+02 0.000000000000000e+00
1.266299000000000e+02 0.000000000000000e+00
1.271299000000000e+02 0.000000000000000e+00
1.271299000000000e+02 0.000000000000000e+00
1.276299000000000e+02 0.000000000000000e+00
1.276299000000000e+02 0.000000000000000e+00
1.281299000000000e+02 0.000000000000000e+00
1.281299000000000e+02 0.000000000000000e+00
1.286299000000000e+02 0.000000000000000e+00
1.286299000000000e+02 0.000000000000000e+00
1.291299000000000e+02 0.000000000000000e+00
1.291299000000000e+02 0.000000000000000e+00
1.296299000000000e+02 0.000000000000000e+00
1.296299000000000e+02 0.000000000000000e+00
1.301299000000000e+02 0.000000000000000e+00
1.301299000000000e+02 0.000000000000000e+00
1.306299000000000e+02 0.000000000000000e+00
1.306299000000000e+02 0.000000000000000e+00
1.307299000000000e+02 0.000000000000000e+00
1.307299000000000e+02 0.000000000000000e+00
1.308299000000000e+02 0.000000000000000e+00
1.308299000000000e+02 0.000000000000000e+00
1.309299000000000e+02 0.000000000000000e+00
1.309299000000000e+02 0.000000000000000e+00
1.309299000000000e+02 -1.000000000000000e+00
1.311299000000000e+02 -1.000000000000000e+00
1.311299000000000e+02 0.000000000000000e+00
1.309299000000000e+02 0.000000000000000e+00
1.311299000000000e+02 0.000000000000000e+00
1.311299000000000e+02 0.000000000000000e+00
1.316299000000000e+02 0.000000000000000e+00
1.316299000000000e+02 0.000000000000000e+00
1.321299000000000e+02 0.000000000000000e+00
1.321299000000000e+02 0.000000000000000e+00
1.326299000000000e+02 0.000000000000000e+00
1.326299000000000e+02 0.000000000000000e+00
1.331299000000000e+02 0.000000000000000e+00
1.331299000000000e+02 0.000000000000000e+00
1.336299000000000e+02 0.000000000000000e+00
1.336299000000000e+02 0.000000000000000e+00
1.341299000000000e+02 0.000000000000000e+00
1.341299000000000e+02 0.000000000000000e+00
1.346299000000000e+02 0.000000000000000e+00
1.346299000000000e+02 0.000000000000000e+00
1.351299000000000e+02 0.000000000000000e+00
1.351299000000000e+02 0.000000000000000e+00
1.356299000000000e+02 0.000000000000000e+00
1.356299000000000e+02 0.000000000000000e+00
1.357299000000000e+02 0.000000000000000e+00
1.357299000000000e+02 0.000000000000000e+00
1.358299000000000e+02 0.000000000000000e+00
1.358299000000000e+02 0.000000000000000e+00
1.359299000000000e+02 0.000000000000000e+00
1.359299000000000e+02 0.000000000000000e+00
1.359299000000000e+02 1.000000000000000e+00
1.361299000000000e+02 1.000000000000000e+00
1.361299000000000e+02 0.000000000000000e+00
1.359299000000000e+02 0.000000000000000e+00
1.361299000000000e+02 0.000000000000000e+00
1.361299000000000e+02 0.000000000000000e+00
1.366299000000000e+02 0.000000000000000e+00
1.366299000000000e+02 0.000000000000000e+00
1.371299000000000e+02 0.000000000000000e+00
1.371299000000000e+02 0.000000000000000e+00
1.376299000000000e+02 0.000000000000000e+00
1.376299000000000e+02 0.000000000000000e+00
1.381299000000000e+02 0.000000000000000e+00
1.381299000000000e+02 0.000000000000000e+00
1.386299000000000e+02 0.000000000000000e+00
1.386299000000000e+02 0.000000000000000e+00
1.391299000000000e+02 0.000000000000000e+00
1.391299000000000e+02 0.000000000000000e+00
1.396299000000000e+02 0.000000000000000e+00
1.396299000000000e+02 0.000000000000000e+00
1.401299000000000e+02 0.000000000000000e+00
1.401299000000000e+02 0.000000000000000e+00
1.406299000000000e+02 0.000000000000000e+00
1.406299000000000e+02 0.000000000000000e+00
1.407299000000000e+02 0.000000000000000e+00
1.407299000000000e+02 0.000000000000000e+00
1.408299000000000e+02 0.000000000000000e+00
1.408299000000000e+02 0.000000000000000e+00
1.409299000000000e+02 0.000000000000000e+00
1.409299000000000e+02 0.000000000000000e+00
1.414299000000000e+02 0.000000000000000e+00
1.414299000000000e+02 0.000000000000000e+00
1.415299000000000e+02 0.000000000000000e+00
1.415299000000000e+02 0.000000000000000e+00
1.416299000000000e+02 0.000000000000000e+00
1.416299000000000e+02 0.000000000000000e+00
1.417299000000000e+02 0.000000000000000e+00
1.417299000000000e+02 0.000000000000000e+00
1.417316000000000e+02 0.000000000000000e+00
1.417316000000000e+02 0.000000000000000e+00
1.417316000000000e+02 0.000000000000000e+00
1.417316000000000e+02 -3.333333300000000e-01
1.422316000000000e+02 -3.333333300000000e-01
1.422316000000000e+02 0.000000000000000e+00
1.417316000000000e+02 0.000000000000000e+00
1.417316000000000e+02 0.000000000000000e+00
1.422316000000000e+02 0.000000000000000e+00
1.422316000000000e+02 0.000000000000000e+00
1.422316000000000e+02 0.000000000000000e+00
1.422316000000000e+02 -3.333333300000000e-01
1.427316000000000e+02 -3.333333300000000e-01
1.427316000000000e+02 0.000000000000000e+00
1.422316000000000e+02 0.000000000000000e+00
1.422316000000000e+02 0.000000000000000e+00
1.427316000000000e+02 0.000000000000000e+00
1.427316000000000e+02 0.000000000000000e+00
1.432316000000000e+02 0.000000000000000e+00
1.432316000000000e+02 0.000000000000000e+00
1.437316000000000e+02 0.000000000000000e+00
1.437316000000000e+02 0.000000000000000e+00
1.442316000000000e+02 0.000000000000000e+00
1.442316000000000e+02 0.000000000000000e+00
1.447316000000000e+02 0.000000000000000e+00
1.447316000000000e+02 0.000000000000000e+00
1.452316000000000e+02 0.000000000000000e+00
1.452316000000000e+02 0.000000000000000e+00
1.457316000000000e+02 0.000000000000000e+00
1.457316000000000e+02 0.000000000000000e+00
1.462316000000000e+02 0.000000000000000e+00
1.462316000000000e+02 0.000000000000000e+00
1.467316000000000e+02 0.000000000000000e+00
1.467316000000000e+02 0.000000000000000e+00
1.472316000000000e+02 0.000000000000000e+00
1.472316000000000e+02 0.000000000000000e+00
1.477316000000000e+02 0.000000000000000e+00
1.477316000000000e+02 0.000000000000000e+00
1.482316000000000e+02 0.000000000000000e+00
1.482316000000000e+02 0.000000000000000e+00
1.483316000000000e+02 0.000000000000000e+00
1.483316000000000e+02 0.000000000000000e+00
1.484316000000000e+02 0.000000000000000e+00
1.484316000000000e+02 0.000000000000000e+00
1.485316000000000e+02 0.000000000000000e+00
1.485316000000000e+02 0.000000000000000e+00
1.486316000000000e+02 0.000000000000000e+00
1.486316000000000e+02 0.000000000000000e+00
1.486316000000000e+02 1.000000000000000e+00
1.488316000000000e+02 1.000000000000000e+00
1.488316000000000e+02 0.000000000000000e+00
1.486316000000000e+02 0.000000000000000e+00
1.488316000000000e+02 0.000000000000000e+00
1.488316000000000e+02 0.000000000000000e+00
1.488316000000000e+02 1.000000000000000e+00
1.490316000000000e+02 1.000000000000000e+00
1.490316000000000e+02 0.000000000000000e+00
1.488316000000000e+02 0.000000000000000e+00
1.490316000000000e+02 0.000000000000000e+00
1.490316000000000e+02 0.000000000000000e+00
1.495316000000000e+02 0.000000000000000e+00
1.495316000000000e+02 0.000000000000000e+00
1.500316000000000e+02 0.000000000000000e+00
1.500316000000000e+02 0.000000000000000e+00
1.505316000000000e+02 0.000000000000000e+00
1.505316000000000e+02 0.000000000000000e+00
1.510316000000000e+02 0.000000000000000e+00
1.510316000000000e+02 0.000000000000000e+00
1.515316000000000e+02 0.000000000000000e+00
1.515316000000000e+02 0.000000000000000e+00
1.515316000000000e+02 -1.000000000000000e+00
1.517316000000000e+02 -1.000000000000000e+00
1.517316000000000e+02 0.000000000000000e+00
1.515316000000000e+02 0.000000000000000e+00
1.517316000000000e+02 0.000000000000000e+00
1.517316000000000e+02 0.000000000000000e+00
1.517316000000000e+02 0.000000000000000e+00
1.517316000000000e+02 -1.000000000000000e+00
1.519316000000000e+02 -1.000000000000000e+00
1.519316000000000e+02 0.000000000000000e+00
1.517316000000000e+02 0.000000000000000e+00
1.519316000000000e+02 0.000000000000000e+00
1.519316000000000e+02 0.000000000000000e+00
1.524316000000000e+02 0.000000000000000e+00
1.524316000000000e+02 0.000000000000000e+00
1.529316000000000e+02 0.000000000000000e+00
1.529316000000000e+02 0.000000000000000e+00
1.534316000000000e+02 0.000000000000000e+00
1.534316000000000e+02 0.000000000000000e+00
1.539316000000000e+02 0.000000000000000e+00
1.539316000000000e+02 0.000000000000000e+00
1.544316000000000e+02 0.000000000000000e+00
1.544316000000000e+02 0.000000000000000e+00
1.544316000000000e+02 1.000000000000000e+00
1.546316000000000e+02 1.000000000000000e+00
1.546316000000000e+02 0.000000000000000e+00
1.544316000000000e+02 0.000000000000000e+00
1.546316000000000e+02 0.000000000000000e+00
1.546316000000000e+02 0.000000000000000e+00
1.546316000000000e+02 1.000000000000000e+00
1.548316000000000e+02 1.000000000000000e+00
1.548316000000000e+02 0.000000000000000e+00
1.546316000000000e+02 0.000000000000000e+00
1.548316000000000e+02 0.000000000000000e+00
1.548316000000000e+02 0.000000000000000e+00
1.553316000000000e+02 0.000000000000000e+00
1.553316000000000e+02 0.000000000000000e+00
1.558316000000000e+02 0.000000000000000e+00
1.558316000000000e+02 0.000000000000000e+00
1.563316000000000e+02 0.000000000000000e+00
1.563316000000000e+02 0.000000000000000e+00
1.568316000000000e+02 0.000000000000000e+00
1.568316000000000e+02 0.000000000000000e+00
1.573316000000000e+02 0.000000000000000e+00
1.573316000000000e+02 0.000000000000000e+00
1.578316000000000e+02 0.000000000000000e+00
1.578316000000000e+02 0.000000000000000e+00
1.583316000000000e+02 0.000000000000000e+00
1.583316000000000e+02 0.000000000000000e+00
1.588316000000000e+02 0.000000000000000e+00
1.588316000000000e+02 0.000000000000000e+00
1.593316000000000e+02 0.000000000000000e+00
1.593316000000000e+02 0.000000000000000e+00
1.598316000000000e+02 0.000000000000000e+00
1.598316000000000e+02 0.000000000000000e+00
1.603316000000000e+02 0.000000000000000e+00
1.603316000000000e+02 0.000000000000000e+00
1.604316000000000e+02 0.000000000000000e+00
1.604316000000000e+02 0.000000000000000e+00
1.605316000000000e+02 0.000000000000000e+00
1.605316000000000e+02 0.000000000000000e+00
1.606316000000000e+02 0.000000000000000e+00
1.606316000000000e+02 0.000000000000000e+00
1.607316000000000e+02 0.000000000000000e+00
1.607316000000000e+02 0.000000000000000e+00
1.607316000000000e+02 -3.333333300000000e-01
1.612316000000000e+02 -3.333333300000000e-01
1.612316000000000e+02 0.000000000000000e+00
1.607316000000000e+02 0.000000000000000e+00
1.607316000000000e+02 0.000000000000000e+00
1.612316000000000e+02 0.000000000000000e+00
1.612316000000000e+02 0.000000000000000e+00
1.612316000000000e+02 0.000000000000000e+00
1.612316000000000e+02 -3.333333300000000e-01
1.617316000000000e+02 -3.333333300000000e-01
1.617316000000000e+02 0.000000000000000e+00
1.612316000000000e+02 0.000000000000000e+00
1.612316000000000e+02 0.000000000000000e+00
1.617316000000000e+02 0.000000000000000e+00
1.617316000000000e+02 0.000000000000000e+00
1.617316000000000e+02 0.000000000000000e+00
1.617316000000000e+02 0.000000000000000e+00
1.617334000000000e+02 0.000000000000000e+00
1.617334000000000e+02 0.000000000000000e+00
1.618334000000000e+02 0.000000000000000e+00
1.618334000000000e+02 0.000000000000000e+00
1.619334000000000e+02 0.000000000000000e+00
1.619334000000000e+02 0.000000000000000e+00
1.620334000000000e+02 0.000000000000000e+00
1.620334000000000e+02 0.000000000000000e+00
1.625334000000000e+02 0.000000000000000e+00
1.625334000000000e+02 0.000000000000000e+00
1.626334000000000e+02 0.000000000000000e+00
1.626334000000000e+02 0.000000000000000e+00
1.627334000000000e+02 0.000000000000000e+00
1.627334000000000e+02 0.000000000000000e+00
1.628334000000000e+02 0.000000000000000e+00
1.628334000000000e+02 0.000000000000000e+00
1.633334000000000e+02 0.000000000000000e+00
1.633334000000000e+02 0.000000000000000e+00
1.638334000000000e+02 0.000000000000000e+00
1.638334000000000e+02 0.000000000000000e+00
1.643334000000000e+02 0.000000000000000e+00
1.643334000000000e+02 0.000000000000000e+00
1.648334000000000e+02 0.000000000000000e+00
1.648334000000000e+02 0.000000000000000e+00
1.653334000000000e+02 0.000000000000000e+00
1.653334000000000e+02 0.000000000000000e+00
1.658334000000000e+02 0.000000000000000e+00
1.658334000000000e+02 0.000000000000000e+00
1.663334000000000e+02 0.000000000000000e+00
1.663334000000000e+02 0.000000000000000e+00
1.668334000000000e+02 0.000000000000000e+00
1.668334000000000e+02 0.000000000000000e+00
1.673334000000000e+02 0.000000000000000e+00
1.673334000000000e+02 0.000000000000000e+00
1.673334000000000e+02 1.000000000000000e+00
1.675334000000000e+02 1.000000000000000e+00
1.675334000000000e+02 0.000000000000000e+00
1.673334000000000e+02 0.000000000000000e+00
1.675334000000000e+02 0.000000000000000e+00
1.675334000000000e+02 0.000000000000000e+00
1.676334000000000e+02 0.000000000000000e+00
1.676334000000000e+02 0.000000000000000e+00
1.677334000000000e+02 0.000000000000000e+00
1.677334000000000e+02 0.000000000000000e+00
1.678334000000000e+02 0.000000000000000e+00
1.678334000000000e+02 0.000000000000000e+00
1.683334000000000e+02 0.000000000000000e+00
1.683334000000000e+02 0.000000000000000e+00
1.688334000000000e+02 0.000000000000000e+00
1.688334000000000e+02 0.000000000000000e+00
1.693334000000000e+02 0.000000000000000e+00
1.693334000000000e+02 0.000000000000000e+00
1.698334000000000e+02 0.000000000000000e+00
1.698334000000000e+02 0.000000000000000e+00
1.703334000000000e+02 0.000000000000000e+00
1.703334000000000e+02 0.000000000000000e+00
1.708334000000000e+02 0.000000000000000e+00
1.708334000000000e+02 0.000000000000000e+00
1.713334000000000e+02 0.000000000000000e+00
1.713334000000000e+02 0.000000000000000e+00
1.718334000000000e+02 0.000000000000000e+00
1.718334000000000e+02 0.000000000000000e+00
1.723334000000000e+02 0.000000000000000e+00
1.723334000000000e+02 0.000000000000000e+00
1.723334000000000e+02 -1.000000000000000e+00
1.725334000000000e+02 -1.000000000000000e+00
1.725334000000000e+02 0.000000000000000e+00
1.723334000000000e+02 0.000000000000000e+00
1.725334000000000e+02 0.000000000000000e+00
1.725334000000000e+02 0.000000000000000e+00
1.726334000000000e+02 0.000000000000000e+00
1.726334000000000e+02 0.000000000000000e+00
1.727334000000000e+02 0.000000000000000e+00
1.727334000000000e+02 0.000000000000000e+00
1.728334000000000e+02 0.000000000000000e+00
1.728334000000000e+02 0.000000000000000e+00
1.733334000000000e+02 0.000000000000000e+00
1.733334000000000e+02 0.000000000000000e+00
1.738334000000000e+02 0.000000000000000e+00
1.738334000000000e+02 0.000000000000000e+00
1.743334000000000e+02 0.000000000000000e+00
1.743334000000000e+02 0.000000000000000e+00
1.748334000000000e+02 0.000000000000000e+00
1.748334000000000e+02 0.000000000000000e+00
1.753334000000000e+02 0.000000000000000e+00
1.753334000000000e+02 0.000000000000000e+00
1.758334000000000e+02 0.000000000000000e+00
1.758334000000000e+02 0.000000000000000e+00
1.763334000000000e+02 0.000000000000000e+00
1.763334000000000e+02 0.000000000000000e+00
1.768334000000000e+02 0.000000000000000e+00
1.768334000000000e+02 0.000000000000000e+00
1.773334000000000e+02 0.000000000000000e+00
1.773334000000000e+02 0.000000000000000e+00
1.773334000000000e+02 1.000000000000000e+00
1.775334000000000e+02 1.000000000000000e+00
1.775334000000000e+02 0.000000000000000e+00
1.773334000000000e+02 0.000000000000000e+00
1.775334000000000e+02 0.000000000000000e+00
1.775334000000000e+02 0.000000000000000e+00
1.776334000000000e+02 0.000000000000000e+00
1.776334000000000e+02 0.000000000000000e+00
1.777334000000000e+02 0.000000000000000e+00
1.777334000000000e+02 0.000000000000000e+00
1.778334000000000e+02 0.000000000000000e+00
1.778334000000000e+02 0.000000000000000e+00
1.783334000000000e+02 0.000000000000000e+00
1.783334000000000e+02 0.000000000000000e+00
1.788334000000000e+02 0.000000000000000e+00
1.788334000000000e+02 0.000000000000000e+00
1.793334000000000e+02 0.000000000000000e+00
1.793334000000000e+02 0.000000000000000e+00
1.798334000000000e+02 0.000000000000000e+00
1.798334000000000e+02 0.000000000000000e+00
1.803334000000000e+02 0.000000000000000e+00
1.803334000000000e+02 0.000000000000000e+00
1.808334000000000e+02 0.000000000000000e+00
1.808334000000000e+02 0.000000000000000e+00
1.813334000000000e+02 0.000000000000000e+00
1.813334000000000e+02 0.000000000000000e+00
1.818334000000000e+02 0.000000000000000e+00
1.818334000000000e+02 0.000000000000000e+00
1.823334000000000e+02 0.000000000000000e+00
1.823334000000000e+02 0.000000000000000e+00
1.823334000000000e+02 -1.000000000000000e+00
1.825334000000000e+02 -1.000000000000000e+00
1.825334000000000e+02 0.000000000000000e+00
1.823334000000000e+02 0.000000000000000e+00
1.825334000000000e+02 0.000000000000000e+00
1.825334000000000e+02 0.000000000000000e+00
1.826334000000000e+02 0.000000000000000e+00
1.826334000000000e+02 0.000000000000000e+00
1.827334000000000e+02 0.000000000000000e+00
1.827334000000000e+02 0.000000000000000e+00
1.828334000000000e+02 0.000000000000000e+00
1.828334000000000e+02 0.000000000000000e+00
1.833334000000000e+02 0.000000000000000e+00
1.833334000000000e+02 0.000000000000000e+00
1.838334000000000e+02 0.000000000000000e+00
1.838334000000000e+02 0.000000000000000e+00
1.843334000000000e+02 0.000000000000000e+00
1.843334000000000e+02 0.000000000000000e+00
1.848334000000000e+02 0.000000000000000e+00
1.848334000000000e+02 0.000000000000000e+00
1.853334000000000e+02 0.000000000000000e+00
1.853334000000000e+02 0.000000000000000e+00
1.858334000000000e+02 0.000000000000000e+00
1.858334000000000e+02 0.000000000000000e+00
1.863334000000000e+02 0.000000000000000e+00
1.863334000000000e+02 0.000000000000000e+00
1.868334000000000e+02 0.000000000000000e+00
1.868334000000000e+02 0.000000000000000e+00
1.873334000000000e+02 0.000000000000000e+00
1.873334000000000e+02 0.000000000000000e+00
1.873334000000000e+02 -1.000000000000000e+00
1.875334000000000e+02 -1.000000000000000e+00
1.875334000000000e+02 0.000000000000000e+00
1.873334000000000e+02 0.000000000000000e+00
1.875334000000000e+02 0.000000000000000e+00
1.875334000000000e+02 0.000000000000000e+00
1.880334000000000e+02 0.000000000000000e+00
1.880334000000000e+02 0.000000000000000e+00
1.885334000000000e+02 0.000000000000000e+00
1.885334000000000e+02 0.000000000000000e+00
1.890334000000000e+02 0.000000000000000e+00
1.890334000000000e+02 0.000000000000000e+00
1.895334000000000e+02 0.000000000000000e+00
1.895334000000000e+02 0.000000000000000e+00
1.900334000000000e+02 0.000000000000000e+00
1.900334000000000e+02 0.000000000000000e+00
1.905334000000000e+02 0.000000000000000e+00
1.905334000000000e+02 0.000000000000000e+00
1.910334000000000e+02 0.000000000000000e+00
1.910334000000000e+02 0.000000000000000e+00
1.915334000000000e+02 0.000000000000000e+00
1.915334000000000e+02 0.000000000000000e+00
1.920334000000000e+02 0.000000000000000e+00
1.920334000000000e+02 0.000000000000000e+00
1.925334000000000e+02 0.000000000000000e+00
1.925334000000000e+02 0.000000000000000e+00
1.930334000000000e+02 0.000000000000000e+00
1.930334000000000e+02 0.000000000000000e+00
1.935334000000000e+02 0.000000000000000e+00
1.935334000000000e+02 0.000000000000000e+00
1.940334000000000e+02 0.000000000000000e+00
1.940334000000000e+02 0.000000000000000e+00
1.945334000000000e+02 0.000000000000000e+00
1.945334000000000e+02 0.000000000000000e+00
1.950334000000000e+02 0.000000000000000e+00
1.950334000000000e+02 0.000000000000000e+00
1.951334000000000e+02 0.000000000000000e+00
1.951334000000000e+02 0.000000000000000e+00
1.952334000000000e+02 0.000000000000000e+00
1.952334000000000e+02 0.000000000000000e+00
1.953334000000000e+02 0.000000000000000e+00
1.953334000000000e+02 0.000000000000000e+00
1.953334000000000e+02 1.000000000000000e+00
1.954334000000000e+02 1.000000000000000e+00
1.954334000000000e+02 0.000000000000000e+00
1.953334000000000e+02 0.000000000000000e+00
1.954334000000000e+02 0.000000000000000e+00
1.954334000000000e+02 0.000000000000000e+00
1.954334000000000e+02 1.000000000000000e+00
1.955334000000000e+02 1.000000000000000e+00
1.955334000000000e+02 0.000000000000000e+00
1.954334000000000e+02 0.000000000000000e+00
1.955334000000000e+02 0.000000000000000e+00
1.955334000000000e+02 0.000000000000000e+00
1.960334000000000e+02 0.000000000000000e+00
1.960334000000000e+02 0.000000000000000e+00
1.965334000000000e+02 0.000000000000000e+00
1.965334000000000e+02 0.000000000000000e+00
1.970334000000000e+02 0.000000000000000e+00
1.970334000000000e+02 0.000000000000000e+00
1.975334000000000e+02 0.000000000000000e+00
1.975334000000000e+02 0.000000000000000e+00
1.980334000000000e+02 0.000000000000000e+00
1.980334000000000e+02 0.000000000000000e+00
1.985334000000000e+02 0.000000000000000e+00
1.985334000000000e+02 0.000000000000000e+00
1.990334000000000e+02 0.000000000000000e+00
1.990334000000000e+02 0.000000000000000e+00
1.995334000000000e+02 0.000000000000000e+00
1.995334000000000e+02 0.000000000000000e+00
2.000334000000000e+02 0.000000000000000e+00
2.000334000000000e+02 0.000000000000000e+00
2.005334000000000e+02 0.000000000000000e+00
2.005334000000000e+02 0.000000000000000e+00
2.010334000000000e+02 0.000000000000000e+00
2.010334000000000e+02 0.000000000000000e+00
2.015334000000000e+02 0.000000000000000e+00
2.015334000000000e+02 0.000000000000000e+00
2.020334000000000e+02 0.000000000000000e+00
2.020334000000000e+02 0.000000000000000e+00
2.025334000000000e+02 0.000000000000000e+00
2.025334000000000e+02 0.000000000000000e+00
2.030334000000000e+02 0.000000000000000e+00
2.030334000000000e+02 0.000000000000000e+00
2.031334000000000e+02 0.000000000000000e+00
2.031334000000000e+02 0.000000000000000e+00
2.032334000000000e+02 0.000000000000000e+00
2.032334000000000e+02 0.000000000000000e+00
2.033334000000000e+02 0.000000000000000e+00
2.033334000000000e+02 0.000000000000000e+00
2.033334000000000e+02 -1.000000000000000e+00
2.034334000000000e+02 -1.000000000000000e+00
2.034334000000000e+02 0.000000000000000e+00
2.033334000000000e+02 0.000000000000000e+00
2.034334000000000e+02 0.000000000000000e+00
2.034334000000000e+02 0.000000000000000e+00
2.034334000000000e+02 -1.000000000000000e+00
2.035334000000000e+02 -1.000000000000000e+00
2.035334000000000e+02 0.000000000000000e+00
2.034334000000000e+02 0.000000000000000e+00
2.035334000000000e+02 0.000000000000000e+00
2.035334000000000e+02 0.000000000000000e+00
2.040334000000000e+02 0.000000000000000e+00
2.040334000000000e+02 0.000000000000000e+00
2.045334000000000e+02 0.000000000000000e+00
2.045334000000000e+02 0.000000000000000e+00
2.050334000000000e+02 0.000000000000000e+00
2.050334000000000e+02 0.000000000000000e+00
2.055334000000000e+02 0.000000000000000e+00
2.055334000000000e+02 0.000000000000000e+00
2.060334000000000e+02 0.000000000000000e+00
2.060334000000000e+02 0.000000000000000e+00
2.065334000000000e+02 0.000000000000000e+00
2.065334000000000e+02 0.000000000000000e+00
2.070334000000000e+02 0.000000000000000e+00
2.070334000000000e+02 0.000000000000000e+00
2.075334000000000e+02 0.000000000000000e+00
2.075334000000000e+02 0.000000000000000e+00
2.080334000000000e+02 0.000000000000000e+00
2.080334000000000e+02 0.000000000000000e+00
2.085334000000000e+02 0.000000000000000e+00
2.085334000000000e+02 0.000000000000000e+00
2.090334000000000e+02 0.000000000000000e+00
2.090334000000000e+02 0.000000000000000e+00
2.095334000000000e+02 0.000000000000000e+00
2.095334000000000e+02 0.000000000000000e+00
2.100334000000000e+02 0.000000000000000e+00
2.100334000000000e+02 0.000000000000000e+00
2.105334000000000e+02 0.000000000000000e+00
2.105334000000000e+02 0.000000000000000e+00
2.110334000000000e+02 0.000000000000000e+00
2.110334000000000e+02 0.000000000000000e+00
2.111334000000000e+02 0.000000000000000e+00
2.111334000000000e+02 0.000000000000000e+00
2.112334000000000e+02 0.000000000000000e+00
2.112334000000000e+02 0.000000000000000e+00
2.113334000000000e+02 0.000000000000000e+00
2.113334000000000e+02 0.000000000000000e+00
2.113334000000000e+02 1.000000000000000e+00
2.114334000000000e+02 1.000000000000000e+00
2.114334000000000e+02 0.000000000000000e+00
2.113334000000000e+02 0.000000000000000e+00
2.114334000000000e+02 0.000000000000000e+00
2.114334000000000e+02 0.000000000000000e+00
2.114334000000000e+02 1.000000000000000e+00
2.115334000000000e+02 1.000000000000000e+00
2.115334000000000e+02 0.000000000000000e+00
2.114334000000000e+02 0.000000000000000e+00
2.115334000000000e+02 0.000000000000000e+00
2.115334000000000e+02 0.000000000000000e+00
2.120334000000000e+02 0.000000000000000e+00
2.120334000000000e+02 0.000000000000000e+00
2.125334000000000e+02 0.000000000000000e+00
2.125334000000000e+02 0.000000000000000e+00
2.130334000000000e+02 0.000000000000000e+00
2.130334000000000e+02 0.000000000000000e+00
2.135334000000000e+02 0.000000000000000e+00
2.135334000000000e+02 0.000000000000000e+00
2.140334000000000e+02 0.000000000000000e+00
2.140334000000000e+02 0.000000000000000e+00
2.145334000000000e+02 0.000000000000000e+00
2.145334000000000e+02 0.000000000000000e+00
2.150334000000000e+02 0.000000000000000e+00
2.150334000000000e+02 0.000000000000000e+00
2.155334000000000e+02 0.000000000000000e+00
2.155334000000000e+02 0.000000000000000e+00
2.160334000000000e+02 0.000000000000000e+00
2.160334000000000e+02 0.000000000000000e+00
2.165334000000000e+02 0.000000000000000e+00
2.165334000000000e+02 0.000000000000000e+00
2.170334000000000e+02 0.000000000000000e+00
2.170334000000000e+02 0.000000000000000e+00
2.175334000000000e+02 0.000000000000000e+00
2.175334000000000e+02 0.000000000000000e+00
2.180334000000000e+02 0.000000000000000e+00
2.180334000000000e+02 0.000000000000000e+00
2.185334000000000e+02 0.000000000000000e+00
2.185334000000000e+02 0.000000000000000e+00
2.190334000000000e+02 0.000000000000000e+00
2.190334000000000e+02 0.000000000000000e+00
2.191334000000000e+02 0.000000000000000e+00
2.191334000000000e+02 0.000000000000000e+00
2.192334000000000e+02 0.000000000000000e+00
2.192334000000000e+02 0.000000000000000e+00
2.193334000000000e+02 0.000000000000000e+00
2.193334000000000e+02 0.000000000000000e+00
2.193334000000000e+02 -1.000000000000000e+00
2.194334000000000e+02 -1.000000000000000e+00
2.194334000000000e+02 0.000000000000000e+00
2.193334000000000e+02 0.000000000000000e+00
2.194334000000000e+02 0.000000000000000e+00
2.194334000000000e+02 0.000000000000000e+00
2.194334000000000e+02 -1.000000000000000e+00
2.195334000000000e+02 -1.000000000000000e+00
2.195334000000000e+02 0.000000000000000e+00
2.194334000000000e+02 0.000000000000000e+00
2.195334000000000e+02 0.000000000000000e+00
2.195334000000000e+02 0.000000000000000e+00
2.200334000000000e+02 0.000000000000000e+00
2.200334000000000e+02 0.000000000000000e+00
2.205334000000000e+02 0.000000000000000e+00
2.205334000000000e+02 0.000000000000000e+00
2.210334000000000e+02 0.000000000000000e+00
2.210334000000000e+02 0.000000000000000e+00
2.215334000000000e+02 0.000000000000000e+00
2.215334000000000e+02 0.000000000000000e+00
2.220334000000000e+02 0.000000000000000e+00
2.220334000000000e+02 0.000000000000000e+00
2.225334000000000e+02 0.000000000000000e+00
2.225334000000000e+02 0.000000000000000e+00
2.230334000000000e+02 0.000000000000000e+00
2.230334000000000e+02 0.000000000000000e+00
2.235334000000000e+02 0.000000000000000e+00
2.235334000000000e+02 0.000000000000000e+00
2.240334000000000e+02 0.000000000000000e+00
2.240334000000000e+02 0.000000000000000e+00
2.245334000000000e+02 0.000000000000000e+00
2.245334000000000e+02 0.000000000000000e+00
2.250334000000000e+02 0.000000000000000e+00
2.250334000000000e+02 0.000000000000000e+00
2.255334000000000e+02 0.000000000000000e+00
2.255334000000000e+02 0.000000000000000e+00
2.260334000000000e+02 0.000000000000000e+00
2.260334000000000e+02 0.000000000000000e+00
2.265334000000000e+02 0.000000000000000e+00
2.265334000000000e+02 0.000000000000000e+00
2.270334000000000e+02 0.000000000000000e+00
2.270334000000000e+02 0.000000000000000e+00
2.271334000000000e+02 0.000000000000000e+00
2.271334000000000e+02 0.000000000000000e+00
2.272334000000000e+02 0.000000000000000e+00
2.272334000000000e+02 0.000000000000000e+00
2.273334000000000e+02 0.000000000000000e+00
2.273334000000000e+02 0.000000000000000e+00
2.273334000000000e+02 1.000000000000000e+00
2.274334000000000e+02 1.000000000000000e+00
2.274334000000000e+02 0.000000000000000e+00
2.273334000000000e+02 0.000000000000000e+00
2.274334000000000e+02 0.000000000000000e+00
2.274334000000000e+02 0.000000000000000e+00
2.274334000000000e+02 1.000000000000000e+00
2.275334000000000e+02 1.000000000000000e+00
2.275334000000000e+02 0.000000000000000e+00
2.274334000000000e+02 0.000000000000000e+00
2.275334000000000e+02 0.000000000000000e+00
2.275334000000000e+02 0.000000000000000e+00
2.280334000000000e+02 0.000000000000000e+00
2.280334000000000e+02 0.000000000000000e+00
2.285334000000000e+02 0.000000000000000e+00
2.285334000000000e+02 0.000000000000000e+00
2.290334000000000e+02 0.000000000000000e+00
2.290334000000000e+02 0.000000000000000e+00
2.295334000000000e+02 0.000000000000000e+00
2.295334000000000e+02 0.000000000000000e+00
2.300334000000000e+02 0.000000000000000e+00
2.300334000000000e+02 0.000000000000000e+00
2.305334000000000e+02 0.000000000000000e+00
2.305334000000000e+02 0.000000000000000e+00
2.310334000000000e+02 0.000000000000000e+00
2.310334000000000e+02 0.000000000000000e+00
2.315334000000000e+02 0.000000000000000e+00
2.315334000000000e+02 0.000000000000000e+00
2.320334000000000e+02 0.000000000000000e+00
2.320334000000000e+02 0.000000000000000e+00
2.325334000000000e+02 0.000000000000000e+00
2.325334000000000e+02 0.000000000000000e+00
2.330334000000000e+02 0.000000000000000e+00
2.330334000000000e+02 0.000000000000000e+00
2.335334000000000e+02 0.000000000000000e+00
2.335334000000000e+02 0.000000000000000e+00
2.340334000000000e+02 0.000000000000000e+00
2.340334000000000e+02 0.000000000000000e+00
2.345334000000000e+02 0.000000000000000e+00
2.345334000000000e+02 0.000000000000000e+00
2.350334000000000e+02 0.000000000000000e+00
2.350334000000000e+02 0.000000000000000e+00
2.351334000000000e+02 0.000000000000000e+00
2.351334000000000e+02 0.000000000000000e+00
2.352334000000000e+02 0.000000000000000e+00
2.352334000000000e+02 0.000000000000000e+00
2.353334000000000e+02 0.000000000000000e+00
2.353334000000000e+02 0.000000000000000e+00
2.353334000000000e+02 -1.000000000000000e+00
2.354334000000000e+02 -1.000000000000000e+00
2.354334000000000e+02 0.000000000000000e+00
2.353334000000000e+02 0.000000000000000e+00
2.354334000000000e+02 0.000000000000000e+00
2.354334000000000e+02 0.000000000000000e+00
2.354334000000000e+02 -1.000000000000000e+00
2.355334000000000e+02 -1.000000000000000e+00
2.355334000000000e+02 0.000000000000000e+00
2.354334000000000e+02 0.000000000000000e+00
2.355334000000000e+02 0.000000000000000e+00
2.355334000000000e+02 0.000000000000000e+00
2.360334000000000e+02 0.000000000000000e+00
2.360334000000000e+02 0.000000000000000e+00
2.365334000000000e+02 0.000000000000000e+00
2.365334000000000e+02 0.000000000000000e+00
2.370334000000000e+02 0.000000000000000e+00
2.370334000000000e+02 0.000000000000000e+00
2.375334000000000e+02 0.000000000000000e+00
2.375334000000000e+02 0.000000000000000e+00
2.380334000000000e+02 0.000000000000000e+00
2.380334000000000e+02 0.000000000000000e+00
2.385334000000000e+02 0.000000000000000e+00
2.385334000000000e+02 0.000000000000000e+00
2.390334000000000e+02 0.000000000000000e+00
2.390334000000000e+02 0.000000000000000e+00
2.395334000000000e+02 0.000000000000000e+00
2.395334000000000e+02 0.000000000000000e+00
2.400334000000000e+02 0.000000000000000e+00
2.400334000000000e+02 0.000000000000000e+00
2.405334000000000e+02 0.000000000000000e+00
2.405334000000000e+02 0.000000000000000e+00
2.410334000000000e+02 0.000000000000000e+00
2.410334000000000e+02 0.000000000000000e+00
2.415334000000000e+02 0.000000000000000e+00
2.415334000000000e+02 0.000000000000000e+00
2.420334000000000e+02 0.000000000000000e+00
2.420334000000000e+02 0.000000000000000e+00
2.425334000000000e+02 0.000000000000000e+00
2.425334000000000e+02 0.000000000000000e+00
2.430334000000000e+02 0.000000000000000e+00
2.430334000000000e+02 0.000000000000000e+00
2.431334000000000e+02 0.000000000000000e+00
2.431334000000000e+02 0.000000000000000e+00
2.432334000000000e+02 0.000000000000000e+00
2.432334000000000e+02 0.000000000000000e+00
2.433334000000000e+02 0.000000000000000e+00
2.433334000000000e+02 0.000000000000000e+00
2.433334000000000e+02 1.000000000000000e+00
2.434334000000000e+02 1.000000000000000e+00
2.434334000000000e+02 0.000000000000000e+00
2.433334000000000e+02 0.000000000000000e+00
2.434334000000000e+02 0.000000000000000e+00
2.434334000000000e+02 0.000000000000000e+00
2.434334000000000e+02 1.000000000000000e+00
2.435334000000000e+02 1.000000000000000e+00
2.435334000000000e+02 0.000000000000000e+00
2.434334000000000e+02 0.000000000000000e+00
2.435334000000000e+02 0.000000000000000e+00
2.435334000000000e+02 0.000000000000000e+00
2.440334000000000e+02 0.000000000000000e+00
2.440334000000000e+02 0.000000000000000e+00
2.445334000000000e+02 0.000000000000000e+00
2.445334000000000e+02 0.000000000000000e+00
2.450334000000000e+02 0.000000000000000e+00
2.450334000000000e+02 0.000000000000000e+00
2.455334000000000e+02 0.000000000000000e+00
2.455334000000000e+02 0.000000000000000e+00
2.460334000000000e+02 0.000000000000000e+00
2.460334000000000e+02 0.000000000000000e+00
2.465334000000000e+02 0.000000000000000e+00
2.465334000000000e+02 0.000000000000000e+00
2.470334000000000e+02 0.000000000000000e+00
2.470334000000000e+02 0.000000000000000e+00
2.475334000000000e+02 0.000000000000000e+00
2.475334000000000e+02 0.000000000000000e+00
2.480334000000000e+02 0.000000000000000e+00
2.480334000000000e+02 0.000000000000000e+00
2.485334000000000e+02 0.000000000000000e+00
2.485334000000000e+02 0.000000000000000e+00
2.490334000000000e+02 0.000000000000000e+00
2.490334000000000e+02 0.000000000000000e+00
2.495334000000000e+02 0.000000000000000e+00
2.495334000000000e+02 0.000000000000000e+00
2.500334000000000e+02 0.000000000000000e+00
2.500334000000000e+02 0.000000000000000e+00
2.505334000000000e+02 0.000000000000000e+00
2.505334000000000e+02 0.000000000000000e+00
2.510334000000000e+02 0.000000000000000e+00
2.510334000000000e+02 0.000000000000000e+00
2.511334000000000e+02 0.000000000000000e+00
2.511334000000000e+02 0.000000000000000e+00
2.512334000000000e+02 0.000000000000000e+00
2.512334000000000e+02 0.000000000000000e+00
2.513334000000000e+02 0.000000000000000e+00
